       0  0.0000
      10  0.0000
      20  0.0000
      30  0.0000
      40  0.0000
      50  0.0000
      60  0.0000
      70  0.0000
      80  0.0000
      90  0.0000
     100  0.0000
     110  0.0000
     120  0.0000
     130  0.0000
     140  0.0000
     150  0.0000
     160  0.0000
     170  0.0000
     180  0.0000
     190  0.0000
     200  0.0000
     210  0.0000
     220  0.0000
     230  0.0000
     240  0.0000
     250  0.0000
     260  0.0000
     270  0.0000
     280  0.0000
     290  0.0000
     300  0.0000
     310  0.0000
     320  0.0000
     330  0.0000
     340  0.0000
     350  0.0000
     360  0.0000
     370  0.0000
     380  0.0000
     390  0.0000
     400  0.0000
     410  0.0000
     420  0.0000
     430  0.0000
     440  0.0000
     450  0.0000
     460  0.0000
     470  0.0000
     480  0.0000
     490  0.0000
     500  0.0000
     510  0.0000
     520  0.0000
     530  0.0000
     540  0.0000
     550  0.0000
     560  0.0000
     570  0.0000
     580  0.0000
     590  0.0000
     600  0.0000
     610  0.0000
     620  0.0000
     630  0.0000
     640  0.0000
     650  0.0000
     660  0.0000
     670  0.0000
     680  0.0000
     690  0.0000
     700  0.0000
     710  0.0000
     720  0.0000
     730  0.0000
     740  0.0000
     750  0.0000
     760  0.0000
     770  0.0000
     780  0.0000
     790  0.0000
     800  0.0000
     810  0.0000
     820  0.0000
     830  0.0000
     840  0.0000
     850  0.0000
     860  0.0000
     870  0.0000
     880  0.0000
     890  0.0000
     900  0.0000
     910  0.0000
     920  0.0000
     930  0.0000
     940  0.0000
     950  0.0000
     960  0.0000
     970  0.0000
     980  0.0000
     990  0.0000
    1000  0.0000
    1010  0.0000
    1020  0.0000
    1030  0.0000
    1040  0.0000
    1050  0.0000
    1060  0.0000
    1070  0.0000
    1080  0.0000
    1090  0.0000
    1100  0.0000
    1110  0.0000
    1120  0.0000
    1130  0.0000
    1140  0.0000
    1150  0.0000
    1160  0.0000
    1170  0.0000
    1180  0.0000
    1190  0.0000
    1200  0.0000
    1210  0.0000
    1220  0.0000
    1230  0.0000
    1240  0.0000
    1250  0.0000
    1260  0.0000
    1270  0.0000
    1280  0.0000
    1290  0.0000
    1300  0.0000
    1310  0.0000
    1320  0.0000
    1330  0.0000
    1340  0.0000
    1350  0.0000
    1360  0.0000
    1370  0.0000
    1380  0.0000
    1390  0.0000
    1400  0.0000
    1410  0.0000
    1420  0.0000
    1430  0.0000
    1440  0.0000
    1450  0.0000
    1460  0.0000
    1470  0.0000
    1480  0.0000
    1490  0.0000
    1500  0.0000
    1510  0.0000
    1520  0.0000
    1530  0.0000
    1540  0.0000
    1550  0.0000
    1560  0.0000
    1570  0.0240
    1580  0.0241
    1590  0.0243
    1600  0.0244
    1610  0.0246
    1620  0.0247
    1630  0.0249
    1640  0.0250
    1650  0.0252
    1660  0.0253
    1670  0.0255
    1680  0.0256
    1690  0.0258
    1700  0.0259
    1710  0.0261
    1720  0.0262
    1730  0.0264
    1740  0.0265
    1750  0.0267
    1760  0.0268
    1770  0.0270
    1780  0.0272
    1790  0.0273
    1800  0.0275
    1810  0.0276
    1820  0.0278
    1830  0.0279
    1840  0.0281
    1850  0.0282
    1860  0.0284
    1870  0.0285
    1880  0.0287
    1890  0.0288
    1900  0.0290
    1910  0.0291
    1920  0.0293
    1930  0.0295
    1940  0.0296
    1950  0.0298
    1960  0.0299
    1970  0.0301
    1980  0.0302
    1990  0.0304
    2000  0.0305
    2010  0.0307
    2020  0.0308
    2030  0.0310
    2040  0.0312
    2050  0.0313
    2060  0.0315
    2070  0.0316
    2080  0.0318
    2090  0.0319
    2100  0.0321
    2110  0.0322
    2120  0.0324
    2130  0.0326
    2140  0.0327
    2150  0.0329
    2160  0.0330
    2170  0.0332
    2180  0.0333
    2190  0.0335
    2200  0.0337
    2210  0.0338
    2220  0.0340
    2230  0.0341
    2240  0.0343
    2250  0.0344
    2260  0.0346
    2270  0.0348
    2280  0.0349
    2290  0.0351
    2300  0.0352
    2310  0.0354
    2320  0.0355
    2330  0.0357
    2340  0.0359
    2350  0.0360
    2360  0.0362
    2370  0.0363
    2380  0.0365
    2390  0.0366
    2400  0.0368
    2410  0.0370
    2420  0.0371
    2430  0.0373
    2440  0.0374
    2450  0.0376
    2460  0.0378
    2470  0.0379
    2480  0.0381
    2490  0.0382
    2500  0.0384
    2510  0.0386
    2520  0.0387
    2530  0.0389
    2540  0.0390
    2550  0.0392
    2560  0.0393
    2570  0.0395
    2580  0.0397
    2590  0.0398
    2600  0.0400
    2610  0.0401
    2620  0.0403
    2630  0.0405
    2640  0.0406
    2650  0.0408
    2660  0.0409
    2670  0.0411
    2680  0.0413
    2690  0.0414
    2700  0.0416
    2710  0.0417
    2720  0.0419
    2730  0.0421
    2740  0.0422
    2750  0.0424
    2760  0.0426
    2770  0.0427
    2780  0.0429
    2790  0.0430
    2800  0.0432
    2810  0.0434
    2820  0.0435
    2830  0.0437
    2840  0.0438
    2850  0.0440
    2860  0.0442
    2870  0.0443
    2880  0.0445
    2890  0.0447
    2900  0.0448
    2910  0.0450
    2920  0.0451
    2930  0.0453
    2940  0.0455
    2950  0.0456
    2960  0.0458
    2970  0.0460
    2980  0.0461
    2990  0.0463
    3000  0.0465
    3010  0.0466
    3020  0.0468
    3030  0.0469
    3040  0.0471
    3050  0.0473
    3060  0.0474
    3070  0.0476
    3080  0.0478
    3090  0.0479
    3100  0.0481
    3110  0.0483
    3120  0.0484
    3130  0.0486
    3140  0.0488
    3150  0.0489
    3160  0.0491
    3170  0.0492
    3180  0.0494
    3190  0.0496
    3200  0.0497
    3210  0.0499
    3220  0.0501
    3230  0.0502
    3240  0.0504
    3250  0.0506
    3260  0.0507
    3270  0.0509
    3280  0.0511
    3290  0.0512
    3300  0.0514
    3310  0.0516
    3320  0.0517
    3330  0.0519
    3340  0.0523
    3350  0.0519
    3360  0.0515
    3370  0.0511
    3380  0.0507
    3390  0.0503
    3400  0.0499
    3410  0.0495
    3420  0.0491
    3430  0.0487
    3440  0.0482
    3450  0.0478
    3460  0.0474
    3470  0.0470
    3480  0.0466
    3490  0.0462
    3500  0.0458
    3510  0.0454
    3520  0.0450
    3530  0.0446
    3540  0.0442
    3550  0.0438
    3560  0.0434
    3570  0.0430
    3580  0.0426
    3590  0.0422
    3600  0.0417
    3610  0.0413
    3620  0.0409
    3630  0.0405
    3640  0.0401
    3650  0.0397
    3660  0.0393
    3670  0.0389
    3680  0.0385
    3690  0.0381
    3700  0.0377
    3710  0.0373
    3720  0.0369
    3730  0.0365
    3740  0.0361
    3750  0.0357
    3760  0.0352
    3770  0.0348
    3780  0.0344
    3790  0.0340
    3800  0.0336
    3810  0.0332
    3820  0.0328
    3830  0.0324
    3840  0.0320
    3850  0.0316
    3860  0.0312
    3870  0.0308
    3880  0.0304
    3890  0.0300
    3900  0.0296
    3910  0.0292
    3920  0.0287
    3930  0.0283
    3940  0.0279
    3950  0.0275
    3960  0.0271
    3970  0.0267
    3980  0.0263
    3990  0.0259
    4000  0.0255
    4010  0.0251
    4020  0.0247
    4030  0.0243
    4040  0.0239
    4050  0.0235
    4060  0.0231
    4070  0.0227
    4080  0.0222
    4090  0.0218
    4100  0.0214
    4110  0.0210
    4120  0.0206
    4130  0.0202
    4140  0.0198
    4150  0.0194
    4160  0.0190
    4170  0.0186
    4180  0.0182
    4190  0.0178
    4200  0.0174
    4210  0.0170
    4220  0.0166
    4230  0.0162
    4240  0.0158
    4250  0.0153
    4260  0.0149
    4270  0.0145
    4280  0.0141
    4290  0.0137
    4300  0.0133
    4310  0.0129
    4320  0.0125
    4330  0.0121
    4340  0.0117
    4350  0.0113
    4360  0.0109
    4370  0.0105
    4380  0.0101
    4390  0.0097
    4400  0.0093
    4410  0.0088
    4420  0.0084
    4430  0.0080
    4440  0.0076
    4450  0.0072
    4460  0.0068
    4470  0.0064
    4480  0.0060
    4490  0.0056
    4500  0.0052
    4510  0.0048
    4520  0.0044
    4530  0.0040
    4540  0.0036
    4550  0.0032
    4560  0.0028
    4570  0.0023
    4580  0.0019
    4590  0.0015
    4600  0.0011
    4610  0.0007
    4620  0.0003
    4630 -0.0001
    4640 -0.0005
    4650 -0.0009
    4660 -0.0013
    4670 -0.0017
    4680 -0.0021
    4690 -0.0025
    4700 -0.0029
    4710 -0.0033
    4720 -0.0037
    4730 -0.0042
    4740 -0.0046
    4750 -0.0050
    4760 -0.0054
    4770 -0.0058
    4780 -0.0062
    4790 -0.0066
    4800 -0.0070
    4810 -0.0074
    4820 -0.0078
    4830 -0.0082
    4840 -0.0086
    4850 -0.0090
    4860 -0.0094
    4870 -0.0098
    4880 -0.0102
    4890 -0.0107
    4900 -0.0111
    4910 -0.0115
    4920 -0.0119
    4930 -0.0123
    4940 -0.0127
    4950 -0.0131
    4960 -0.0135
    4970 -0.0139
    4980 -0.0143
    4990 -0.0147
    5000 -0.0151
    5010 -0.0155
    5020 -0.0159
    5030 -0.0163
    5040 -0.0167
    5050 -0.0172
    5060 -0.0176
    5070 -0.0180
    5080 -0.0184
    5090 -0.0188
    5100 -0.0192
    5110 -0.0196
    5120 -0.0200
    5130 -0.0204
    5140 -0.0208
    5150 -0.0212
    5160 -0.0216
    5170 -0.0220
    5180 -0.0224
    5190 -0.0228
    5200 -0.0232
    5210 -0.0237
    5220 -0.0241
    5230 -0.0245
    5240 -0.0249
    5250 -0.0253
    5260 -0.0257
    5270 -0.0261
    5280 -0.0265
    5290 -0.0269
    5300 -0.0273
    5310 -0.0277
    5320 -0.0281
    5330 -0.0285
    5340 -0.0289
    5350 -0.0293
    5360 -0.0297
    5370 -0.0302
    5380 -0.0306
    5390 -0.0310
    5400 -0.0314
    5410 -0.0318
    5420 -0.0322
    5430 -0.0326
    5440 -0.0330
    5450 -0.0334
    5460 -0.0338
    5470 -0.0342
    5480 -0.0346
    5490 -0.0350
    5500 -0.0354
    5510 -0.0358
    5520 -0.0362
    5530 -0.0367
    5540 -0.0371
    5550 -0.0375
    5560 -0.0379
    5570 -0.0383
    5580 -0.0387
    5590 -0.0391
    5600 -0.0395
    5610 -0.0399
    5620 -0.0403
    5630 -0.0407
    5640 -0.0411
    5650 -0.0415
    5660 -0.0419
    5670 -0.0423
    5680 -0.0427
    5690 -0.0432
    5700 -0.0436
    5710 -0.0440
    5720 -0.0444
    5730 -0.0448
    5740 -0.0452
    5750 -0.0456
    5760 -0.0460
    5770 -0.0464
    5780 -0.0468
    5790 -0.0472
    5800 -0.0476
    5810 -0.0480
    5820 -0.0484
    5830 -0.0488
    5840 -0.0492
    5850 -0.0497
    5860 -0.0258
    5870  0.0033
    5880  0.0084
    5890  0.0135
    5900  0.0185
    5910  0.0195
    5920  0.0195
    5930  0.0195
    5940  0.0195
    5950  0.0195
    5960  0.0195
    5970  0.0195
    5980  0.0195
    5990  0.0195
    6000  0.0195
    6010  0.0195
    6020  0.0195
    6030  0.0195
    6040  0.0195
    6050  0.0195
    6060  0.0195
    6070  0.0195
    6080  0.0195
    6090  0.0195
    6100  0.0195
    6110  0.0195
    6120  0.0195
    6130  0.0195
    6140  0.0195
    6150  0.0195
    6160  0.0195
    6170  0.0195
    6180  0.0195
    6190  0.0195
    6200  0.0195
    6210  0.0195
    6220  0.0195
    6230  0.0195
    6240  0.0195
    6250  0.0195
    6260  0.0195
    6270  0.0195
    6280  0.0195
    6290  0.0195
    6300  0.0195
    6310  0.0195
    6320  0.0195
    6330  0.0195
    6340  0.0195
    6350  0.0195
    6360  0.0195
    6370  0.0195
    6380  0.0195
    6390  0.0195
    6400  0.0195
    6410  0.0195
    6420  0.0195
    6430  0.0195
    6440  0.0195
    6450  0.0195
    6460  0.0195
    6470  0.0195
    6480  0.0195
    6490  0.0195
    6500  0.0195
    6510  0.0195
    6520  0.0195
    6530  0.0195
    6540  0.0195
    6550  0.0195
    6560  0.0195
    6570  0.0195
    6580  0.0195
    6590  0.0195
    6600  0.0195
    6610  0.0195
    6620  0.0195
    6630  0.0195
    6640  0.0195
    6650  0.0195
    6660  0.0195
    6670  0.0195
    6680  0.0195
    6690  0.0195
    6700  0.0195
    6710  0.0195
    6720  0.0195
    6730  0.0195
    6740  0.0195
    6750  0.0195
    6760  0.0195
    6770  0.0195
    6780  0.0195
    6790  0.0195
    6800  0.0195
    6810  0.0195
    6820  0.0195
    6830  0.0195
    6840  0.0195
    6850  0.0195
    6860  0.0195
    6870  0.0195
    6880  0.0195
    6890  0.0195
    6900  0.0195
    6910  0.0195
    6920  0.0195
    6930  0.0195
    6940  0.0195
    6950  0.0195
    6960  0.0195
    6970  0.0195
    6980  0.0195
    6990  0.0195
    7000  0.0195
    7010  0.0195
    7020  0.0195
    7030  0.0195
    7040  0.0195
    7050  0.0195
    7060  0.0195
    7070  0.0195
    7080  0.0195
    7090  0.0195
    7100  0.0195
    7110  0.0195
    7120  0.0195
    7130  0.0195
    7140  0.0195
    7150  0.0195
    7160  0.0195
    7170  0.0195
    7180  0.0195
    7190  0.0195
    7200  0.0195
    7210  0.0195
    7220  0.0195
    7230  0.0195
    7240  0.0195
    7250  0.0195
    7260  0.0195
    7270  0.0195
    7280  0.0195
    7290  0.0195
    7300  0.0195
    7310  0.0195
    7320  0.0195
    7330  0.0195
    7340  0.0195
    7350  0.0195
    7360  0.0195
    7370  0.0195
    7380  0.0194
    7390  0.0191
    7400  0.0189
    7410  0.0186
    7420  0.0183
    7430  0.0181
    7440  0.0178
    7450  0.0175
    7460  0.0173
    7470  0.0170
    7480  0.0167
    7490  0.0165
    7500  0.0162
    7510  0.0159
    7520  0.0157
    7530  0.0154
    7540  0.0151
    7550  0.0149
    7560  0.0146
    7570  0.0143
    7580  0.0141
    7590  0.0138
    7600  0.0135
    7610  0.0132
    7620  0.0130
    7630  0.0127
    7640  0.0124
    7650  0.0122
    7660  0.0119
    7670  0.0116
    7680  0.0114
    7690  0.0111
    7700  0.0108
    7710  0.0106
    7720  0.0103
    7730  0.0100
    7740  0.0098
    7750  0.0095
    7760  0.0092
    7770  0.0090
    7780  0.0087
    7790  0.0084
    7800  0.0082
    7810  0.0079
    7820  0.0076
    7830  0.0074
    7840  0.0071
    7850  0.0068
    7860  0.0066
    7870  0.0063
    7880  0.0060
    7890  0.0058
    7900  0.0055
    7910  0.0052
    7920  0.0050
    7930  0.0047
    7940  0.0044
    7950  0.0042
    7960  0.0039
    7970  0.0036
    7980  0.0034
    7990  0.0031
    8000  0.0028
    8010  0.0026
    8020  0.0023
    8030  0.0020
    8040  0.0018
    8050  0.0015
    8060  0.0012
    8070  0.0010
    8080  0.0007
    8090  0.0004
    8100  0.0002
    8110 -0.0001
    8120 -0.0004
    8130 -0.0006
    8140 -0.0009
    8150 -0.0012
    8160 -0.0014
    8170 -0.0017
    8180 -0.0020
    8190 -0.0022
    8200 -0.0025
    8210 -0.0028
    8220 -0.0030
    8230 -0.0033
    8240 -0.0036
    8250 -0.0038
    8260 -0.0041
    8270 -0.0044
    8280 -0.0046
    8290 -0.0049
    8300 -0.0052
    8310 -0.0054
    8320 -0.0057
    8330 -0.0060
    8340 -0.0062
    8350 -0.0065
    8360 -0.0068
    8370 -0.0070
    8380 -0.0073
    8390 -0.0076
    8400 -0.0078
    8410 -0.0081
    8420 -0.0084
    8430 -0.0086
    8440 -0.0089
    8450 -0.0092
    8460 -0.0094
    8470 -0.0097
    8480 -0.0100
    8490 -0.0102
    8500 -0.0105
    8510 -0.0108
    8520 -0.0110
    8530 -0.0113
    8540 -0.0115
    8550 -0.0118
    8560 -0.0121
    8570 -0.0123
    8580 -0.0126
    8590 -0.0129
    8600 -0.0131
    8610 -0.0134
    8620 -0.0137
    8630 -0.0139
    8640 -0.0142
    8650 -0.0145
    8660 -0.0147
    8670 -0.0150
    8680 -0.0153
    8690 -0.0155
    8700 -0.0158
    8710 -0.0160
    8720 -0.0163
    8730 -0.0166
    8740 -0.0168
    8750 -0.0171
    8760 -0.0174
    8770 -0.0176
    8780 -0.0179
    8790 -0.0182
    8800 -0.0184
    8810 -0.0187
    8820 -0.0190
    8830 -0.0192
    8840 -0.0195
    8850 -0.0197
    8860 -0.0200
    8870 -0.0203
    8880 -0.0205
    8890 -0.0208
    8900 -0.0211
    8910 -0.0213
    8920 -0.0216
    8930 -0.0219
    8940 -0.0221
    8950 -0.0224
    8960 -0.0227
    8970 -0.0229
    8980 -0.0232
    8990 -0.0234
    9000 -0.0237
    9010 -0.0240
    9020 -0.0242
    9030 -0.0245
    9040 -0.0248
    9050 -0.0250
    9060 -0.0253
    9070 -0.0256
    9080 -0.0258
    9090 -0.0261
    9100 -0.0263
    9110 -0.0266
    9120 -0.0269
    9130 -0.0271
    9140 -0.0274
    9150 -0.0277
    9160 -0.0279
    9170 -0.0282
    9180 -0.0285
    9190 -0.0287
    9200 -0.0290
    9210 -0.0289
    9220 -0.0290
    9230 -0.0291
    9240 -0.0292
    9250 -0.0293
    9260 -0.0294
    9270 -0.0295
    9280 -0.0296
    9290 -0.0297
    9300 -0.0298
    9310 -0.0299
    9320 -0.0300
    9330 -0.0301
    9340 -0.0302
    9350 -0.0303
    9360 -0.0305
    9370 -0.0306
    9380 -0.0307
    9390 -0.0308
    9400 -0.0309
    9410 -0.0310
    9420 -0.0311
    9430 -0.0312
    9440 -0.0313
    9450 -0.0314
    9460 -0.0315
    9470 -0.0316
    9480 -0.0317
    9490 -0.0318
    9500 -0.0319
    9510 -0.0320
    9520 -0.0321
    9530 -0.0323
    9540 -0.0324
    9550 -0.0325
    9560 -0.0326
    9570 -0.0327
    9580 -0.0328
    9590 -0.0329
    9600 -0.0330
    9610 -0.0331
    9620 -0.0332
    9630 -0.0333
    9640 -0.0334
    9650 -0.0335
    9660 -0.0336
    9670 -0.0337
    9680 -0.0338
    9690 -0.0339
    9700 -0.0340
    9710 -0.0340
    9720 -0.0341
    9730 -0.0342
    9740 -0.0343
    9750 -0.0344
    9760 -0.0345
    9770 -0.0346
    9780 -0.0347
    9790 -0.0347
    9800 -0.0348
    9810 -0.0349
    9820 -0.0350
    9830 -0.0351
    9840 -0.0352
    9850 -0.0353
    9860 -0.0354
    9870 -0.0355
    9880 -0.0356
    9890 -0.0357
    9900 -0.0358
    9910 -0.0359
    9920 -0.0360
    9930 -0.0362
    9940 -0.0363
    9950 -0.0364
    9960 -0.0365
    9970 -0.0366
    9980 -0.0367
    9990 -0.0368
   10000 -0.0369
   10010 -0.0371
   10020 -0.0372
   10030 -0.0373
   10040 -0.0374
   10050 -0.0375
   10060 -0.0376
   10070 -0.0377
   10080 -0.0379
   10090 -0.0380
   10100 -0.0381
   10110 -0.0382
   10120 -0.0383
   10130 -0.0384
   10140 -0.0386
   10150 -0.0387
   10160 -0.0388
   10170 -0.0389
   10180 -0.0390
   10190 -0.0392
   10200 -0.0393
   10210 -0.0394
   10220 -0.0395
   10230 -0.0397
   10240 -0.0398
   10250 -0.0399
   10260 -0.0400
   10270 -0.0402
   10280 -0.0403
   10290 -0.0404
   10300 -0.0405
   10310 -0.0407
   10320 -0.0408
   10330 -0.0409
   10340 -0.0411
   10350 -0.0412
   10360 -0.0413
   10370 -0.0415
   10380 -0.0416
   10390 -0.0417
   10400 -0.0419
   10410 -0.0420
   10420 -0.0421
   10430 -0.0423
   10440 -0.0424
   10450 -0.0426
   10460 -0.0427
   10470 -0.0428
   10480 -0.0430
   10490 -0.0431
   10500 -0.0433
   10510 -0.0434
   10520 -0.0436
   10530 -0.0437
   10540 -0.0439
   10550 -0.0440
   10560 -0.0441
   10570 -0.0443
   10580 -0.0445
   10590 -0.0446
   10600 -0.0448
   10610 -0.0449
   10620 -0.0451
   10630 -0.0452
   10640 -0.0454
   10650 -0.0455
   10660 -0.0457
   10670 -0.0458
   10680 -0.0460
   10690 -0.0462
   10700 -0.0463
   10710 -0.0465
   10720 -0.0466
   10730 -0.0468
   10740 -0.0470
   10750 -0.0471
   10760 -0.0473
   10770 -0.0475
   10780 -0.0476
   10790 -0.0478
   10800 -0.0480
   10810 -0.0481
   10820 -0.0483
   10830 -0.0485
   10840 -0.0487
   10850 -0.0489
   10860 -0.0491
   10870 -0.0493
   10880 -0.0495
   10890 -0.0497
   10900 -0.0497
   10910 -0.0502
   10920 -0.0507
   10930 -0.0512
   10940 -0.0517
   10950 -0.0522
   10960 -0.0528
   10970 -0.0533
   10980 -0.0538
   10990 -0.0543
   11000 -0.0548
   11010 -0.0553
   11020 -0.0558
   11030 -0.0564
   11040 -0.0569
   11050 -0.0574
   11060 -0.0579
   11070 -0.0584
   11080 -0.0589
   11090 -0.0594
   11100 -0.0599
   11110 -0.0605
   11120 -0.0610
   11130 -0.0615
   11140 -0.0620
   11150 -0.0625
   11160 -0.0630
   11170 -0.0635
   11180 -0.0641
   11190 -0.0646
   11200 -0.0651
   11210 -0.0656
   11220 -0.0661
   11230 -0.0666
   11240 -0.0671
   11250 -0.0676
   11260 -0.0681
   11270 -0.0687
   11280 -0.0692
   11290 -0.0697
   11300 -0.0702
   11310 -0.0707
   11320 -0.0712
   11330 -0.0717
   11340 -0.0722
   11350 -0.0727
   11360 -0.0732
   11370 -0.0737
   11380 -0.0742
   11390 -0.0747
   11400 -0.0752
   11410 -0.0757
   11420 -0.0762
   11430 -0.0767
   11440 -0.0772
   11450 -0.0777
   11460 -0.0782
   11470 -0.0787
   11480 -0.0792
   11490 -0.0797
   11500 -0.0802
   11510 -0.0807
   11520 -0.0813
   11530 -0.0818
   11540 -0.0823
   11550 -0.0828
   11560 -0.0833
   11570 -0.0838
   11580 -0.0843
   11590 -0.0848
   11600 -0.0854
   11610 -0.0859
   11620 -0.0864
   11630 -0.0869
   11640 -0.0875
   11650 -0.0880
   11660 -0.0885
   11670 -0.0891
   11680 -0.0896
   11690 -0.0902
   11700 -0.0907
   11710 -0.0912
   11720 -0.0918
   11730 -0.0923
   11740 -0.0929
   11750 -0.0934
   11760 -0.0940
   11770 -0.0945
   11780 -0.0951
   11790 -0.0956
   11800 -0.0962
   11810 -0.0967
   11820 -0.0973
   11830 -0.0978
   11840 -0.0984
   11850 -0.0989
   11860 -0.0995
   11870 -0.1001
   11880 -0.1006
   11890 -0.1012
   11900 -0.1017
   11910 -0.1016
   11920 -0.1016
   11930 -0.1016
   11940 -0.1015
   11950 -0.1015
   11960 -0.1014
   11970 -0.1014
   11980 -0.1013
   11990 -0.1013
   12000 -0.1013
   12010 -0.1012
   12020 -0.1012
   12030 -0.1011
   12040 -0.1011
   12050 -0.1010
   12060 -0.1010
   12070 -0.1010
   12080 -0.1009
   12090 -0.1009
   12100 -0.1008
   12110 -0.1008
   12120 -0.1007
   12130 -0.1007
   12140 -0.1006
   12150 -0.1006
   12160 -0.1006
   12170 -0.1005
   12180 -0.1005
   12190 -0.1004
   12200 -0.1004
   12210 -0.1003
   12220 -0.1003
   12230 -0.1003
   12240 -0.1002
   12250 -0.1002
   12260 -0.1001
   12270 -0.1001
   12280 -0.1000
   12290 -0.1000
   12300 -0.1000
   12310 -0.0999
   12320 -0.0999
   12330 -0.0998
   12340 -0.0998
   12350 -0.0997
   12360 -0.0997
   12370 -0.0997
   12380 -0.0996
   12390 -0.0996
   12400 -0.0995
   12410 -0.0995
   12420 -0.0994
   12430 -0.0994
   12440 -0.0994
   12450 -0.0993
   12460 -0.0993
   12470 -0.0992
   12480 -0.0992
   12490 -0.0991
   12500 -0.0991
   12510 -0.0991
   12520 -0.0990
   12530 -0.0990
   12540 -0.0989
   12550 -0.0989
   12560 -0.0988
   12570 -0.0988
   12580 -0.0988
   12590 -0.0987
   12600 -0.0987
   12610 -0.0986
   12620 -0.0986
   12630 -0.0985
   12640 -0.0985
   12650 -0.0985
   12660 -0.0984
   12670 -0.0984
   12680 -0.0983
   12690 -0.0983
   12700 -0.0982
   12710 -0.0982
   12720 -0.0982
   12730 -0.0981
   12740 -0.0981
   12750 -0.0980
   12760 -0.0980
   12770 -0.0979
   12780 -0.0979
   12790 -0.0978
   12800 -0.0978
   12810 -0.0978
   12820 -0.0977
   12830 -0.0977
   12840 -0.0976
   12850 -0.0976
   12860 -0.0975
   12870 -0.0975
   12880 -0.0975
   12890 -0.0974
   12900 -0.0974
   12910 -0.0973
   12920 -0.0973
   12930 -0.0972
   12940 -0.0972
   12950 -0.0972
   12960 -0.0971
   12970 -0.0971
   12980 -0.0970
   12990 -0.0970
   13000 -0.0969
   13010 -0.0969
   13020 -0.0969
   13030 -0.0968
   13040 -0.0968
   13050 -0.0967
   13060 -0.0967
   13070 -0.0966
   13080 -0.0966
   13090 -0.0966
   13100 -0.0965
   13110 -0.0965
   13120 -0.0964
   13130 -0.0964
   13140 -0.0963
   13150 -0.0963
   13160 -0.0963
   13170 -0.0962
   13180 -0.0962
   13190 -0.0961
   13200 -0.0961
   13210 -0.0960
   13220 -0.0960
   13230 -0.0960
   13240 -0.0959
   13250 -0.0959
   13260 -0.0958
   13270 -0.0958
   13280 -0.0957
   13290 -0.0957
   13300 -0.0957
   13310 -0.0956
   13320 -0.0956
   13330 -0.0955
   13340 -0.0955
   13350  0.0000
   13360  0.0000
   13370  0.0000
   13380  0.0000
   13390  0.0000
   13400  0.0000
   13410  0.0000
   13420  0.0000
   13430  0.0000
   13440  0.0000
   13450  0.0000
   13460  0.0000
   13470  0.0000
   13480  0.0000
   13490  0.0000
   13500  0.0000
   13510  0.0000
   13520  0.0000
   13530  0.0000
   13540  0.0000
   13550  0.0000
   13560  0.0000
   13570  0.0000
   13580  0.0000
   13590  0.0000
   13600  0.0000
   13610  0.0000
   13620  0.0000
   13630  0.0000
   13640  0.0000
   13650  0.0000
   13660  0.0000
   13670  0.0000
   13680  0.0000
   13690  0.0000
   13700  0.0000
   13710  0.0000
   13720  0.0000
   13730  0.0000
   13740  0.0000
   13750  0.0000
   13760  0.0000
   13770  0.0000
   13780  0.0000
   13790  0.0000
   13800  0.0000
   13810  0.0000
   13820  0.0000
   13830  0.0000
   13840  0.0000
   13850  0.0000
   13860  0.0000
   13870  0.0000
   13880  0.0000
   13890  0.0000
   13900  0.0000
   13910  0.0000
   13920  0.0000
   13930  0.0000
   13940  0.0000
   13950  0.0000
   13960  0.0000
   13970  0.0000
   13980  0.0000
   13990  0.0000
   14000  0.0000
   14010  0.0000
   14020  0.0000
   14030  0.0000
   14040  0.0000
   14050  0.0000
   14060  0.0000
   14070  0.0000
   14080  0.0000
   14090  0.0000
   14100  0.0000
   14110  0.0000
   14120  0.0000
   14130  0.0000
   14140  0.0000
   14150  0.0000
   14160  0.0000
   14170  0.0000
   14180  0.0000
   14190  0.0000
   14200  0.0000
   14210  0.0000
   14220  0.0000
   14230  0.0000
   14240  0.0000
   14250  0.0000
   14260  0.0000
   14270  0.0000
   14280  0.0000
   14290  0.0000
   14300  0.0000
   14310  0.0000
   14320  0.0000
   14330  0.0000
   14340  0.0000
   14350  0.0000
   14360  0.0000
   14370  0.0000
   14380  0.0000
   14390  0.0000
   14400  0.0000
   14410  0.0000
   14420  0.0000
   14430  0.0000
   14440  0.0000
   14450  0.0000
   14460  0.0000
   14470  0.0000
   14480  0.0000
   14490  0.0000
   14500  0.0000
   14510  0.0000
   14520  0.0000
   14530  0.0000
   14540  0.0000
   14550  0.0000
   14560  0.0000
   14570  0.0000
   14580  0.0000
   14590  0.0000
   14600  0.0000
   14610  0.0000
   14620  0.0000
   14630  0.0000
   14640  0.0000
   14650  0.0000
   14660  0.0000
   14670  0.0000
   14680  0.0000
   14690  0.0000
   14700  0.0000
   14710  0.0000
   14720  0.0000
   14730  0.0000
   14740  0.0000
   14750  0.0000
   14760  0.0000
   14770  0.0000
   14780  0.0000
   14790  0.0000
   14800  0.0000
   14810  0.0000
   14820  0.0000
   14830  0.0000
   14840  0.0000
   14850  0.0000
   14860  0.0000
   14870  0.0000
   14880  0.0000
   14890  0.0000
   14900  0.0000
   14910  0.0000
   14920  0.0000
   14930  0.0000
   14940  0.0000
   14950  0.0000
   14960  0.0000
   14970  0.0000
   14980  0.0000
   14990  0.0000
   15000  0.0000
