       0  0.0000
      10  0.0000
      20  0.0000
      30  0.0000
      40  0.0000
      50  0.0000
      60  0.0000
      70  0.0000
      80  0.0000
      90  0.0000
     100  0.0000
     110  0.0000
     120  0.0000
     130  0.0000
     140  0.0000
     150  0.0000
     160  0.0000
     170  0.0000
     180  0.0000
     190  0.0000
     200  0.0000
     210  0.0000
     220  0.0000
     230  0.0000
     240  0.0000
     250  0.0000
     260  0.0000
     270  0.0000
     280  0.0000
     290  0.0000
     300  0.0000
     310  0.0000
     320  0.0000
     330  0.0000
     340  0.0000
     350  0.0000
     360  0.0000
     370  0.0000
     380  0.0000
     390  0.0000
     400  0.0000
     410  0.0000
     420  0.0000
     430  0.0000
     440  0.0000
     450  0.0000
     460  0.0000
     470  0.0000
     480  0.0000
     490  0.0000
     500  0.0000
     510  0.0000
     520  0.0000
     530  0.0000
     540  0.0000
     550  0.0000
     560  0.0000
     570  0.0000
     580  0.0000
     590  0.0000
     600  0.0000
     610  0.0000
     620  0.0000
     630  0.0000
     640  0.0000
     650  0.0000
     660  0.0000
     670  0.0000
     680  0.0000
     690  0.0000
     700  0.0000
     710  0.0000
     720  0.0000
     730  0.0000
     740  0.0000
     750  0.0000
     760  0.0000
     770  0.0000
     780  0.0000
     790  0.0000
     800  0.0000
     810  0.0000
     820  0.0000
     830  0.0000
     840  0.0000
     850  0.0000
     860  0.0000
     870  0.0000
     880  0.0000
     890  0.0000
     900  0.0000
     910  0.0000
     920  0.0000
     930  0.0000
     940  0.0000
     950  0.0000
     960  0.0000
     970 -0.0384
     980 -0.0381
     990 -0.0377
    1000 -0.0373
    1010 -0.0370
    1020 -0.0366
    1030 -0.0363
    1040 -0.0359
    1050 -0.0356
    1060 -0.0352
    1070 -0.0349
    1080 -0.0345
    1090 -0.0341
    1100 -0.0338
    1110 -0.0334
    1120 -0.0331
    1130 -0.0327
    1140 -0.0324
    1150 -0.0320
    1160 -0.0316
    1170 -0.0313
    1180 -0.0309
    1190 -0.0306
    1200 -0.0302
    1210 -0.0299
    1220 -0.0295
    1230 -0.0291
    1240 -0.0288
    1250 -0.0284
    1260 -0.0281
    1270 -0.0277
    1280  0.0000
    1290  0.0000
    1300  0.0000
    1310  0.0000
    1320  0.0000
    1330  0.0000
    1340  0.0000
    1350  0.0000
    1360  0.0000
    1370  0.0000
    1380  0.0000
    1390  0.0000
    1400  0.0000
    1410  0.0000
    1420  0.0000
    1430  0.0000
    1440  0.0000
    1450  0.0000
    1460  0.0000
    1470  0.0000
    1480  0.0000
    1490  0.0000
    1500  0.0000
    1510  0.0000
    1520  0.0000
    1530  0.0000
    1540  0.0000
    1550  0.0000
    1560  0.0000
    1570  0.0000
    1580  0.0000
    1590  0.0000
    1600  0.0000
    1610  0.0000
    1620  0.0000
    1630  0.0000
    1640  0.0000
    1650  0.0000
    1660  0.0000
    1670  0.0000
    1680  0.0000
    1690  0.0000
    1700  0.0000
    1710  0.0000
    1720  0.0000
    1730  0.0000
    1740  0.0000
    1750  0.0000
    1760  0.0000
    1770  0.0000
    1780  0.0000
    1790  0.0000
    1800  0.0000
    1810  0.0000
    1820  0.0000
    1830  0.0000
    1840  0.0000
    1850  0.0000
    1860  0.0000
    1870  0.0000
    1880  0.0000
    1890  0.0000
    1900  0.0000
    1910  0.0000
    1920  0.0000
    1930  0.0000
    1940  0.0000
    1950  0.0000
    1960  0.0000
    1970  0.0000
    1980  0.0000
    1990  0.0000
    2000  0.0000
    2010  0.0000
    2020  0.0000
    2030  0.0000
    2040  0.0000
    2050  0.0000
    2060  0.0000
    2070  0.0000
    2080  0.0000
    2090  0.0000
    2100  0.0000
    2110  0.0000
    2120  0.0000
    2130  0.0000
    2140  0.0000
    2150  0.0000
    2160  0.0000
    2170  0.0000
    2180  0.0000
    2190  0.0000
    2200  0.0000
    2210  0.0000
    2220  0.0000
    2230  0.0000
    2240  0.0000
    2250  0.0000
    2260  0.0000
    2270  0.0000
    2280  0.0000
    2290  0.0000
    2300  0.0000
    2310  0.0000
    2320  0.0000
    2330  0.0000
    2340  0.0000
    2350  0.0000
    2360  0.0000
    2370  0.0000
    2380  0.0000
    2390  0.0000
    2400  0.0000
    2410  0.0000
    2420  0.0000
    2430  0.0000
    2440  0.0000
    2450  0.0000
    2460  0.0000
    2470  0.0000
    2480  0.0000
    2490  0.0000
    2500  0.0000
    2510  0.0000
    2520  0.0000
    2530  0.0000
    2540  0.0000
    2550  0.0000
    2560  0.0000
    2570  0.0000
    2580  0.0000
    2590  0.0000
    2600  0.0000
    2610  0.0000
    2620  0.0000
    2630  0.0000
    2640  0.0000
    2650  0.0000
    2660  0.0000
    2670  0.0000
    2680  0.0000
    2690  0.0000
    2700  0.0000
    2710  0.0000
    2720  0.0000
    2730  0.0000
    2740  0.0000
    2750  0.0000
    2760  0.0000
    2770  0.0000
    2780  0.0000
    2790  0.0000
    2800  0.0000
    2810  0.0000
    2820  0.0000
    2830  0.0000
    2840  0.0000
    2850  0.0000
    2860  0.0000
    2870  0.0297
    2880  0.0301
    2890  0.0305
    2900  0.0308
    2910  0.0312
    2920  0.0315
    2930  0.0319
    2940  0.0323
    2950  0.0326
    2960  0.0330
    2970  0.0333
    2980  0.0337
    2990  0.0341
    3000  0.0344
    3010  0.0348
    3020  0.0352
    3030  0.0355
    3040  0.0359
    3050  0.0362
    3060  0.0366
    3070  0.0370
    3080  0.0373
    3090  0.0377
    3100  0.0380
    3110  0.0384
    3120  0.0388
    3130  0.0391
    3140  0.0395
    3150  0.0399
    3160  0.0402
    3170  0.0406
    3180  0.0409
    3190  0.0413
    3200  0.0417
    3210  0.0420
    3220  0.0424
    3230  0.0427
    3240  0.0431
    3250  0.0435
    3260  0.0438
    3270  0.0442
    3280  0.0446
    3290  0.0449
    3300  0.0453
    3310  0.0456
    3320  0.0460
    3330  0.0464
    3340  0.0467
    3350  0.0471
    3360  0.0474
    3370  0.0478
    3380  0.0482
    3390  0.0485
    3400  0.0489
    3410  0.0493
    3420  0.0496
    3430  0.0500
    3440  0.0503
    3450  0.0507
    3460  0.0511
    3470  0.0514
    3480  0.0518
    3490  0.0522
    3500  0.0525
    3510  0.0529
    3520  0.0532
    3530  0.0536
    3540  0.0540
    3550  0.0543
    3560  0.0547
    3570  0.0551
    3580  0.0554
    3590  0.0558
    3600  0.0562
    3610  0.0565
    3620  0.0569
    3630  0.0572
    3640  0.0576
    3650  0.0580
    3660  0.0583
    3670  0.0587
    3680  0.0591
    3690  0.0594
    3700  0.0598
    3710  0.0602
    3720  0.0605
    3730  0.0609
    3740  0.0612
    3750  0.0608
    3760  0.0609
    3770  0.0610
    3780  0.0612
    3790  0.0613
    3800  0.0614
    3810  0.0616
    3820  0.0617
    3830  0.0619
    3840  0.0620
    3850  0.0621
    3860  0.0623
    3870  0.0624
    3880  0.0625
    3890  0.0627
    3900  0.0628
    3910  0.0630
    3920  0.0631
    3930  0.0632
    3940  0.0634
    3950  0.0635
    3960  0.0636
    3970  0.0638
    3980  0.0639
    3990  0.0640
    4000  0.0642
    4010  0.0643
    4020  0.0645
    4030  0.0646
    4040  0.0647
    4050  0.0649
    4060  0.0650
    4070  0.0651
    4080  0.0653
    4090  0.0654
    4100  0.0656
    4110  0.0657
    4120  0.0658
    4130  0.0660
    4140  0.0661
    4150  0.0662
    4160  0.0664
    4170  0.0665
    4180  0.0666
    4190  0.0668
    4200  0.0669
    4210  0.0671
    4220  0.0672
    4230  0.0673
    4240  0.0675
    4250  0.0676
    4260  0.0677
    4270  0.0679
    4280  0.0680
    4290  0.0682
    4300  0.0683
    4310  0.0684
    4320  0.0686
    4330  0.0687
    4340  0.0688
    4350  0.0690
    4360  0.0691
    4370  0.0692
    4380  0.0694
    4390  0.0695
    4400  0.0697
    4410  0.0698
    4420  0.0699
    4430  0.0701
    4440  0.0702
    4450  0.0703
    4460  0.0705
    4470  0.0706
    4480  0.0708
    4490  0.0709
    4500  0.0710
    4510  0.0712
    4520  0.0713
    4530  0.0714
    4540  0.0716
    4550  0.0717
    4560  0.0719
    4570  0.0720
    4580  0.0721
    4590  0.0723
    4600  0.0724
    4610  0.0725
    4620  0.0727
    4630  0.0728
    4640  0.0729
    4650  0.0731
    4660  0.0732
    4670  0.0734
    4680  0.0735
    4690  0.0736
    4700  0.0738
    4710  0.0739
    4720  0.0740
    4730  0.0742
    4740  0.0743
    4750  0.0745
    4760  0.0746
    4770  0.0747
    4780  0.0749
    4790  0.0750
    4800  0.0751
    4810  0.0753
    4820  0.0754
    4830  0.0755
    4840  0.0757
    4850  0.0758
    4860  0.0760
    4870  0.0761
    4880  0.0762
    4890  0.0764
    4900  0.0765
    4910  0.0766
    4920  0.0768
    4930  0.0769
    4940  0.0771
    4950  0.0772
    4960  0.0773
    4970  0.0775
    4980  0.0776
    4990  0.0777
    5000  0.0779
    5010  0.0780
    5020  0.0781
    5030  0.0783
    5040  0.0784
    5050  0.0786
    5060  0.0787
    5070  0.0788
    5080  0.0790
    5090  0.0791
    5100  0.0792
    5110  0.0794
    5120  0.0795
    5130  0.0797
    5140  0.0798
    5150  0.0799
    5160  0.0801
    5170  0.0802
    5180  0.0803
    5190  0.0805
    5200  0.0806
    5210  0.0807
    5220  0.0809
    5230  0.0810
    5240  0.0812
    5250  0.0813
    5260  0.0814
    5270  0.0816
    5280  0.0817
    5290  0.0818
    5300  0.0820
    5310  0.0821
    5320  0.0823
    5330  0.0824
    5340  0.0825
    5350  0.0827
    5360  0.0828
    5370  0.0829
    5380  0.0831
    5390  0.0832
    5400  0.0833
    5410  0.0835
    5420  0.0836
    5430  0.0838
    5440  0.0839
    5450  0.0840
    5460  0.0842
    5470  0.0843
    5480  0.0844
    5490  0.0000
    5500  0.0000
    5510  0.0000
    5520  0.0000
    5530  0.0000
    5540  0.0000
    5550  0.0000
    5560  0.0000
    5570  0.0000
    5580  0.0000
    5590  0.0000
    5600  0.0000
    5610  0.0000
    5620  0.0000
    5630  0.0000
    5640  0.0000
    5650  0.0000
    5660  0.0000
    5670  0.0000
    5680  0.0000
    5690  0.0000
    5700  0.0000
    5710  0.0000
    5720  0.0000
    5730  0.0000
    5740  0.0000
    5750  0.0000
    5760  0.0000
    5770  0.0000
    5780  0.0000
    5790  0.0000
    5800  0.0000
    5810  0.0000
    5820  0.0000
    5830  0.0000
    5840  0.0000
    5850  0.0000
    5860  0.0000
    5870  0.0000
    5880  0.0000
    5890  0.0000
    5900  0.0000
    5910  0.0000
    5920  0.0000
    5930  0.0000
    5940  0.0000
    5950  0.0000
    5960  0.0000
    5970  0.0000
    5980  0.0000
    5990  0.0000
    6000  0.0000
    6010  0.0000
    6020  0.0000
    6030  0.0000
    6040  0.0000
    6050  0.0000
    6060  0.0000
    6070  0.0000
    6080  0.0000
    6090  0.0000
    6100  0.0000
    6110  0.0000
    6120  0.0000
    6130  0.0000
    6140  0.0000
    6150  0.0000
    6160  0.0000
    6170  0.0000
    6180  0.0000
    6190  0.0000
    6200  0.0000
    6210  0.0000
    6220  0.0000
    6230  0.0000
    6240  0.0000
    6250  0.0000
    6260  0.0000
    6270  0.0000
    6280  0.0000
    6290  0.0000
    6300  0.0000
    6310  0.0000
    6320  0.0000
    6330  0.0000
    6340  0.0000
    6350  0.0000
    6360  0.0000
    6370  0.0000
    6380  0.0000
    6390  0.0000
    6400  0.0000
    6410  0.0000
    6420  0.0000
    6430  0.0000
    6440  0.0000
    6450  0.0000
    6460  0.0000
    6470  0.0000
    6480  0.0000
    6490  0.0000
    6500  0.0000
    6510  0.0000
    6520  0.0000
    6530  0.0000
    6540  0.0000
    6550  0.0000
    6560  0.0000
    6570  0.0000
    6580  0.0000
    6590  0.0000
    6600  0.0000
    6610  0.0000
    6620  0.0000
    6630  0.0000
    6640  0.0000
    6650  0.0000
    6660  0.0000
    6670  0.0000
    6680  0.0000
    6690  0.0000
    6700  0.0000
    6710  0.0000
    6720  0.0000
    6730  0.0000
    6740  0.0000
    6750  0.0000
    6760  0.0000
    6770  0.0000
    6780  0.0000
    6790  0.0000
    6800  0.0000
    6810  0.0000
    6820  0.0000
    6830  0.0000
    6840  0.0000
    6850  0.0000
    6860  0.0000
    6870  0.0000
    6880  0.0000
    6890  0.0000
    6900  0.0000
    6910  0.0000
    6920  0.0000
    6930  0.0000
    6940  0.0000
    6950  0.0000
    6960  0.0000
    6970  0.0000
    6980  0.0000
    6990  0.0000
    7000  0.0000
    7010  0.0000
    7020  0.0000
    7030  0.0000
    7040  0.0000
    7050  0.0000
    7060  0.0000
    7070  0.0000
    7080  0.0000
    7090  0.0000
    7100  0.0000
    7110  0.0000
    7120  0.0000
    7130  0.0000
    7140  0.0000
    7150  0.0000
    7160  0.0000
    7170  0.0000
    7180  0.0000
    7190  0.0000
    7200  0.0000
    7210  0.0000
    7220  0.0000
    7230  0.0000
    7240  0.0000
    7250  0.0000
    7260  0.0000
    7270  0.0000
    7280  0.0000
    7290  0.0000
    7300  0.0000
    7310  0.0000
    7320  0.0000
    7330  0.0000
    7340  0.0000
    7350  0.0000
    7360  0.0000
    7370  0.0000
    7380  0.0000
    7390  0.0000
    7400  0.0000
    7410  0.0000
    7420  0.0000
    7430  0.0000
    7440  0.0000
    7450  0.0000
    7460  0.0000
    7470  0.0000
    7480  0.0000
    7490  0.0000
    7500  0.0000
    7510  0.0000
    7520  0.0000
    7530  0.0000
    7540  0.0000
    7550  0.0000
    7560  0.0000
    7570  0.0000
    7580  0.0000
    7590  0.0000
    7600  0.0000
    7610  0.0000
    7620  0.0000
    7630  0.0000
    7640  0.0000
    7650  0.0000
    7660  0.0000
    7670  0.0000
    7680  0.0000
    7690  0.0000
    7700  0.0000
    7710  0.0000
    7720  0.0000
    7730  0.0000
    7740  0.0000
    7750  0.0000
    7760  0.0000
    7770  0.0000
    7780  0.0000
    7790  0.0000
    7800  0.0000
    7810  0.0000
    7820  0.0000
    7830  0.0000
    7840  0.0000
    7850  0.0000
    7860  0.0000
    7870  0.0000
    7880  0.0000
    7890  0.0000
    7900  0.0000
    7910  0.0000
    7920  0.0000
    7930  0.0000
    7940  0.0000
    7950  0.0000
    7960  0.2650
    7970  0.2636
    7980  0.2622
    7990  0.2608
    8000  0.2593
    8010  0.2579
    8020  0.2565
    8030  0.2551
    8040  0.2537
    8050  0.2522
    8060  0.2508
    8070  0.2494
    8080  0.2480
    8090  0.2466
    8100  0.2451
    8110  0.2437
    8120  0.2423
    8130  0.2409
    8140  0.2395
    8150  0.2380
    8160  0.2366
    8170  0.2352
    8180  0.2338
    8190  0.2324
    8200  0.2309
    8210  0.2295
    8220  0.2281
    8230  0.2267
    8240  0.2253
    8250  0.2238
    8260  0.2224
    8270  0.2210
    8280  0.2196
    8290  0.2182
    8300  0.2167
    8310  0.2153
    8320  0.2139
    8330  0.2125
    8340  0.2111
    8350  0.2096
    8360  0.2082
    8370  0.2068
    8380  0.2054
    8390  0.2040
    8400  0.2025
    8410  0.2011
    8420  0.1997
    8430  0.1983
    8440  0.1969
    8450  0.1954
    8460  0.1940
    8470  0.1926
    8480  0.1912
    8490  0.1898
    8500  0.1883
    8510  0.1869
    8520  0.1855
    8530  0.1841
    8540  0.1827
    8550  0.1812
    8560  0.1798
    8570  0.1784
    8580  0.1770
    8590  0.1756
    8600  0.1741
    8610  0.1727
    8620  0.1713
    8630  0.1699
    8640  0.1685
    8650  0.1670
    8660  0.1656
    8670  0.1642
    8680  0.1628
    8690  0.1614
    8700  0.1599
    8710  0.1585
    8720  0.1571
    8730  0.1557
    8740  0.1543
    8750  0.1528
    8760  0.1514
    8770  0.1500
    8780  0.1486
    8790  0.1472
    8800  0.1457
    8810  0.1443
    8820  0.1429
    8830  0.1415
    8840  0.1401
    8850  0.1386
    8860  0.1372
    8870  0.1358
    8880  0.1344
    8890  0.1330
    8900  0.1315
    8910  0.1301
    8920  0.1287
    8930  0.1273
    8940  0.1259
    8950  0.1244
    8960  0.1230
    8970  0.1216
    8980  0.1202
    8990  0.1188
    9000  0.1173
    9010  0.1159
    9020  0.1145
    9030  0.1131
    9040  0.1117
    9050  0.1102
    9060  0.1088
    9070  0.1074
    9080  0.1060
    9090  0.1046
    9100  0.1031
    9110  0.1017
    9120  0.1003
    9130  0.0989
    9140  0.0975
    9150  0.0960
    9160  0.0946
    9170  0.0000
    9180  0.0000
    9190  0.0000
    9200  0.0000
    9210  0.0000
    9220  0.0000
    9230  0.0000
    9240  0.0000
    9250  0.0000
    9260  0.0000
    9270  0.0000
    9280  0.0000
    9290  0.0000
    9300  0.0000
    9310  0.0000
    9320  0.0000
    9330  0.0000
    9340  0.0000
    9350  0.0000
    9360  0.0000
    9370  0.0000
    9380  0.0000
    9390  0.0000
    9400  0.0000
    9410  0.0000
    9420  0.0000
    9430  0.0000
    9440  0.0000
    9450  0.0000
    9460  0.0000
    9470  0.0000
    9480  0.0000
    9490  0.0000
    9500  0.0000
    9510  0.0000
    9520  0.0000
    9530  0.0000
    9540  0.0000
    9550  0.0000
    9560  0.0000
    9570  0.0000
    9580  0.0000
    9590  0.0000
    9600  0.0000
    9610  0.0000
    9620  0.0000
    9630  0.0000
    9640  0.0000
    9650  0.0000
    9660  0.0000
    9670  0.0000
    9680  0.0000
    9690  0.0000
    9700  0.0000
    9710  0.0000
    9720  0.0000
    9730  0.0000
    9740  0.0000
    9750  0.0000
    9760  0.0000
    9770  0.0000
    9780  0.0000
    9790  0.0000
    9800  0.0000
    9810  0.0000
    9820  0.0000
    9830  0.0000
    9840  0.0000
    9850  0.0000
    9860  0.0000
    9870  0.0000
    9880  0.0000
    9890  0.0000
    9900  0.0000
    9910  0.0000
    9920  0.0000
    9930  0.0000
    9940  0.0000
    9950  0.0000
    9960  0.0000
    9970  0.0000
    9980  0.0000
    9990  0.0000
   10000  0.0000
   10010  0.0000
   10020  0.0000
   10030  0.0000
   10040  0.0000
   10050  0.0000
   10060  0.0000
   10070  0.0000
   10080  0.0000
   10090  0.0000
   10100  0.0000
   10110  0.0000
   10120  0.0000
   10130  0.0000
   10140  0.0000
   10150  0.0000
   10160  0.0000
   10170  0.0000
   10180  0.0000
   10190  0.0000
   10200  0.0000
   10210  0.0000
   10220  0.0000
   10230  0.0000
   10240  0.0000
   10250  0.0000
   10260  0.0000
   10270  0.0000
   10280  0.0000
   10290  0.0000
   10300  0.0000
   10310  0.0000
   10320  0.0000
   10330  0.0000
   10340  0.0000
   10350  0.0000
   10360  0.0000
   10370  0.0000
   10380  0.0000
   10390  0.0000
   10400  0.0000
   10410  0.0000
   10420  0.0000
   10430  0.0000
   10440  0.0000
   10450  0.0000
   10460  0.0000
   10470  0.0000
   10480  0.0000
   10490  0.0000
   10500  0.0000
   10510  0.0000
   10520  0.0000
   10530  0.0000
   10540  0.0000
   10550  0.0000
   10560  0.0000
   10570  0.0000
   10580  0.0000
   10590  0.0000
   10600  0.0000
   10610  0.0000
   10620  0.0000
   10630  0.0000
   10640  0.0000
   10650  0.0000
   10660  0.0000
   10670  0.0000
   10680  0.0000
   10690  0.0000
   10700  0.0000
   10710  0.0000
   10720  0.0000
   10730  0.0000
   10740  0.0000
   10750  0.0000
   10760  0.0000
   10770  0.0000
   10780  0.0000
   10790  0.0000
   10800  0.0000
   10810  0.0000
   10820  0.0000
   10830  0.0000
   10840  0.0000
   10850  0.0000
   10860  0.0000
   10870  0.0000
   10880  0.0000
   10890  0.0000
   10900  0.0000
   10910  0.0000
   10920  0.0000
   10930  0.0000
   10940  0.0000
   10950  0.0000
   10960  0.0000
   10970  0.0000
   10980  0.0000
   10990  0.0000
   11000  0.0000
   11010  0.0000
   11020  0.0000
   11030  0.0000
   11040  0.0000
   11050  0.0000
   11060  0.0000
   11070  0.0000
   11080  0.0000
   11090  0.0000
   11100  0.0000
   11110  0.0000
   11120  0.0000
   11130  0.0000
   11140  0.0000
   11150  0.0000
   11160  0.0000
   11170  0.0000
   11180  0.0000
   11190  0.0000
   11200  0.0000
   11210  0.0000
   11220  0.0000
   11230  0.0000
   11240  0.0000
   11250  0.0000
   11260  0.0000
   11270  0.0000
   11280  0.0000
   11290  0.0000
   11300  0.0000
   11310  0.0000
   11320  0.0000
   11330  0.0000
   11340  0.0000
   11350  0.0000
   11360  0.0000
   11370  0.0000
   11380  0.0000
   11390  0.0000
   11400  0.0000
   11410  0.0000
   11420  0.0000
   11430  0.0000
   11440  0.0000
   11450  0.0000
   11460  0.0000
   11470  0.0000
   11480  0.0000
   11490  0.0000
   11500  0.0000
   11510  0.0000
   11520  0.0000
   11530  0.0000
   11540  0.0000
   11550  0.0000
   11560  0.0000
   11570  0.0000
   11580  0.0000
   11590  0.0000
   11600  0.0000
   11610  0.0000
   11620  0.0000
   11630  0.0000
   11640  0.0000
   11650  0.0000
   11660  0.0000
   11670  0.0000
   11680  0.0000
   11690  0.0000
   11700  0.0000
   11710  0.0000
   11720  0.0000
   11730  0.0000
   11740  0.0000
   11750  0.0000
   11760  0.0000
   11770  0.0000
   11780  0.0000
   11790  0.0000
   11800  0.0000
   11810  0.0000
   11820  0.0000
   11830  0.0000
   11840  0.0000
   11850  0.0000
   11860  0.0000
   11870  0.0000
   11880  0.0000
   11890  0.0000
   11900  0.0000
   11910  0.0000
   11920  0.0000
   11930  0.0000
   11940  0.0000
   11950  0.0000
   11960  0.0000
   11970  0.0000
   11980  0.0000
   11990  0.0000
   12000  0.0000
   12010  0.0000
   12020  0.0000
   12030  0.0000
   12040  0.0000
   12050  0.0000
   12060  0.0000
   12070  0.0000
   12080  0.0000
   12090  0.0000
   12100  0.0000
   12110  0.0000
   12120  0.0000
   12130  0.0000
   12140  0.0000
   12150  0.0000
   12160  0.0000
   12170  0.0000
   12180  0.0000
   12190  0.0000
   12200  0.0000
   12210  0.0000
   12220  0.0000
   12230  0.0000
   12240  0.0000
   12250  0.0000
   12260  0.0000
   12270  0.0000
   12280  0.0000
   12290  0.0000
   12300  0.0000
   12310  0.0000
   12320  0.0000
   12330  0.0000
   12340  0.0000
   12350  0.0000
   12360  0.0000
   12370  0.0000
   12380  0.0000
   12390  0.0000
   12400  0.0000
   12410  0.0000
   12420  0.0000
   12430  0.0000
   12440  0.0000
   12450  0.0000
   12460  0.0000
   12470  0.0000
   12480  0.0000
   12490  0.0000
   12500  0.0000
   12510  0.0000
   12520  0.0000
   12530  0.0000
   12540  0.0000
   12550  0.0000
   12560  0.0000
   12570  0.0000
   12580  0.0000
   12590  0.0000
   12600  0.0000
   12610  0.0000
   12620  0.0000
   12630  0.0000
   12640  0.0000
   12650  0.0000
   12660  0.0000
   12670  0.0000
   12680  0.0000
   12690  0.0000
   12700  0.0000
   12710  0.0000
   12720  0.0000
   12730  0.0000
   12740  0.0000
   12750  0.0000
   12760  0.0000
   12770  0.0000
   12780  0.0000
   12790  0.0000
   12800  0.0000
   12810  0.0000
   12820  0.0000
   12830  0.0000
   12840  0.0000
   12850  0.0000
   12860  0.0000
   12870  0.0000
   12880  0.0000
   12890  0.0000
   12900  0.0000
   12910  0.0000
   12920  0.0000
   12930  0.0000
   12940  0.0000
   12950  0.0000
   12960  0.0000
   12970  0.0000
   12980  0.0000
   12990  0.0000
   13000  0.0000
   13010  0.0000
   13020  0.0000
   13030  0.0000
   13040  0.0000
   13050  0.0000
   13060  0.0000
   13070  0.0000
   13080  0.0000
   13090  0.0000
   13100  0.0000
   13110  0.0000
   13120  0.0000
   13130  0.0000
   13140  0.0000
   13150  0.0000
   13160  0.0000
   13170  0.0000
   13180  0.0000
   13190  0.0000
   13200  0.0000
   13210  0.0000
   13220  0.0000
   13230  0.0000
   13240  0.0000
   13250  0.0000
   13260  0.0000
   13270  0.0000
   13280  0.0000
   13290  0.0000
   13300  0.0000
   13310  0.0000
   13320  0.0000
   13330  0.0000
   13340  0.0000
   13350  0.0000
   13360  0.0000
   13370  0.0000
   13380  0.0000
   13390  0.0000
   13400  0.0000
   13410  0.0000
   13420  0.0000
   13430  0.0000
   13440  0.0000
   13450  0.0000
   13460  0.0000
   13470  0.0000
   13480  0.0000
   13490  0.0000
   13500  0.0000
   13510  0.0000
   13520  0.0000
   13530  0.0000
   13540  0.0000
   13550  0.0000
   13560  0.0000
   13570  0.0000
   13580  0.0000
   13590  0.0000
   13600  0.0000
   13610  0.0000
   13620  0.0000
   13630  0.0000
   13640  0.0000
   13650  0.0000
   13660  0.0000
   13670  0.0000
   13680  0.0000
   13690  0.0000
   13700  0.0000
   13710  0.0000
   13720  0.0000
   13730  0.0000
   13740  0.0000
   13750  0.0000
   13760  0.0000
   13770  0.0000
   13780  0.0000
   13790  0.0000
   13800  0.0000
   13810  0.0000
   13820  0.0000
   13830  0.0000
   13840  0.0000
   13850  0.0000
   13860  0.0000
   13870  0.0000
   13880  0.0000
   13890  0.0000
   13900  0.0000
   13910  0.0000
   13920  0.0000
   13930  0.0000
   13940  0.0000
   13950  0.0000
   13960  0.0000
   13970  0.0000
   13980  0.0000
   13990  0.0000
   14000  0.0000
   14010  0.0000
   14020  0.0000
   14030  0.0000
   14040  0.0000
   14050  0.0000
   14060  0.0000
   14070  0.0000
   14080  0.0000
   14090  0.0000
   14100  0.0000
   14110  0.0000
   14120  0.0000
   14130  0.0000
   14140  0.0000
   14150  0.0000
   14160  0.0000
   14170  0.0000
   14180  0.0000
   14190  0.0000
   14200  0.0000
   14210  0.0000
   14220  0.0000
   14230  0.0000
   14240  0.0000
   14250  0.0000
   14260  0.0000
   14270  0.0000
   14280  0.0000
   14290  0.0000
   14300  0.0000
   14310  0.0000
   14320  0.0000
   14330  0.0000
   14340  0.0000
   14350  0.0000
   14360  0.0000
   14370  0.0000
   14380  0.0000
   14390  0.0000
   14400  0.0000
   14410  0.0000
   14420  0.0000
   14430  0.0000
   14440  0.0000
   14450  0.0000
   14460  0.0000
   14470  0.0000
   14480  0.0000
   14490  0.0000
   14500  0.0000
   14510  0.0000
   14520  0.0000
   14530  0.0000
   14540  0.0000
   14550  0.0000
   14560  0.0000
   14570  0.0000
   14580  0.0000
   14590  0.0000
   14600  0.0000
   14610  0.0000
   14620  0.0000
   14630  0.0000
   14640  0.0000
   14650  0.0000
   14660  0.0000
   14670  0.0000
   14680  0.0000
   14690  0.0000
   14700  0.0000
   14710  0.0000
   14720  0.0000
   14730  0.0000
   14740  0.0000
   14750  0.0000
   14760  0.0000
   14770  0.0000
   14780  0.0000
   14790  0.0000
   14800  0.0000
   14810  0.0000
   14820  0.0000
   14830  0.0000
   14840  0.0000
   14850  0.0000
   14860  0.0000
   14870  0.0000
   14880  0.0000
   14890  0.0000
   14900  0.0000
   14910  0.0000
   14920  0.0000
   14930  0.0000
   14940  0.0000
   14950  0.0000
   14960  0.0000
   14970  0.0000
   14980  0.0000
   14990  0.0000
   15000  0.0000
