       0  0.0000
      10  0.0000
      20  0.0000
      30  0.0000
      40  0.0000
      50  0.0000
      60  0.0000
      70  0.0000
      80  0.0000
      90  0.0000
     100  0.0000
     110  0.0000
     120  0.0000
     130  0.0000
     140  0.0000
     150  0.0000
     160  0.0000
     170  0.0000
     180  0.0000
     190  0.0000
     200  0.0000
     210  0.0000
     220  0.0000
     230  0.0000
     240  0.0000
     250  0.0000
     260  0.0000
     270  0.0000
     280  0.0000
     290  0.0000
     300  0.0000
     310  0.0000
     320  0.0000
     330  0.0000
     340  0.0000
     350  0.0000
     360  0.0000
     370  0.0000
     380  0.0000
     390  0.0000
     400  0.0000
     410  0.0000
     420  0.0000
     430  0.0000
     440  0.0000
     450  0.0000
     460  0.0000
     470  0.0000
     480  0.0000
     490  0.0000
     500  0.0000
     510  0.0000
     520  0.0000
     530  0.0000
     540  0.0000
     550  0.0000
     560  0.0000
     570  0.0000
     580  0.0000
     590  0.0000
     600  0.0000
     610  0.0000
     620  0.0000
     630  0.0000
     640  0.0000
     650  0.0000
     660  0.0000
     670  0.0000
     680  0.0000
     690  0.0000
     700  0.0000
     710  0.0000
     720  0.0000
     730  0.0000
     740  0.0000
     750  0.0000
     760  0.0000
     770  0.0000
     780  0.0000
     790  0.0000
     800  0.0000
     810  0.0000
     820  0.0000
     830  0.0000
     840  0.0000
     850  0.0000
     860  0.0000
     870  0.0000
     880  0.0000
     890  0.0000
     900  0.0000
     910  0.0000
     920  0.0000
     930  0.0000
     940  0.0000
     950  0.0000
     960  0.0000
     970  0.0000
     980  0.0000
     990  0.0000
    1000  0.0000
    1010  0.0000
    1020  0.0000
    1030  0.0000
    1040  0.0000
    1050  0.0000
    1060  0.0000
    1070  0.0000
    1080  0.0000
    1090  0.0000
    1100  0.0000
    1110  0.0000
    1120  0.0000
    1130  0.0000
    1140  0.0000
    1150  0.0000
    1160  0.0000
    1170  0.0000
    1180  0.0000
    1190  0.0000
    1200  0.0000
    1210  0.0000
    1220  0.0000
    1230  0.0000
    1240  0.0000
    1250  0.0000
    1260  0.0000
    1270  0.0000
    1280  0.0000
    1290  0.0000
    1300  0.0000
    1310  0.0000
    1320  0.0000
    1330  0.0000
    1340  0.0000
    1350  0.0000
    1360  0.0000
    1370  0.0000
    1380  0.0000
    1390  0.0000
    1400  0.0000
    1410  0.0000
    1420  0.0330
    1430  0.0326
    1440  0.0321
    1450  0.0317
    1460  0.0312
    1470  0.0308
    1480  0.0304
    1490  0.0299
    1500  0.0295
    1510  0.0290
    1520  0.0286
    1530  0.0281
    1540  0.0277
    1550  0.0272
    1560  0.0268
    1570  0.0263
    1580  0.0259
    1590  0.0254
    1600  0.0250
    1610  0.0245
    1620  0.0241
    1630  0.0236
    1640  0.0232
    1650  0.0227
    1660  0.0223
    1670  0.0218
    1680  0.0214
    1690  0.0209
    1700  0.0205
    1710  0.0200
    1720  0.0196
    1730  0.0191
    1740  0.0187
    1750  0.0182
    1760  0.0178
    1770  0.0173
    1780  0.0169
    1790  0.0164
    1800  0.0160
    1810  0.0155
    1820  0.0151
    1830  0.0146
    1840  0.0142
    1850  0.0137
    1860  0.0132
    1870  0.0128
    1880  0.0123
    1890  0.0119
    1900  0.0114
    1910  0.0110
    1920  0.0105
    1930  0.0101
    1940  0.0096
    1950  0.0092
    1960  0.0087
    1970  0.0082
    1980  0.0078
    1990  0.0073
    2000  0.0069
    2010  0.0064
    2020  0.0060
    2030  0.0055
    2040  0.0051
    2050  0.0046
    2060  0.0041
    2070  0.0037
    2080  0.0032
    2090  0.0028
    2100  0.0023
    2110  0.0019
    2120  0.0014
    2130  0.0009
    2140  0.0005
    2150  0.0000
    2160 -0.0004
    2170 -0.0009
    2180 -0.0014
    2190 -0.0018
    2200 -0.0023
    2210 -0.0027
    2220 -0.0032
    2230 -0.0036
    2240 -0.0041
    2250 -0.0046
    2260 -0.0050
    2270 -0.0055
    2280 -0.0059
    2290 -0.0064
    2300 -0.0069
    2310 -0.0073
    2320 -0.0078
    2330 -0.0083
    2340 -0.0087
    2350 -0.0092
    2360 -0.0096
    2370 -0.0101
    2380 -0.0106
    2390 -0.0110
    2400 -0.0115
    2410 -0.0119
    2420 -0.0124
    2430 -0.0129
    2440 -0.0133
    2450 -0.0138
    2460 -0.0143
    2470 -0.0147
    2480 -0.0152
    2490 -0.0157
    2500 -0.0161
    2510 -0.0166
    2520 -0.0170
    2530 -0.0175
    2540 -0.0180
    2550 -0.0184
    2560 -0.0189
    2570 -0.0194
    2580 -0.0198
    2590 -0.0203
    2600 -0.0208
    2610 -0.0212
    2620 -0.0217
    2630 -0.0222
    2640 -0.0226
    2650 -0.0231
    2660 -0.0236
    2670 -0.0240
    2680 -0.0245
    2690 -0.0250
    2700 -0.0254
    2710 -0.0259
    2720 -0.0264
    2730 -0.0268
    2740 -0.0273
    2750 -0.0278
    2760 -0.0283
    2770 -0.0287
    2780 -0.0292
    2790 -0.0297
    2800 -0.0301
    2810 -0.0306
    2820 -0.0311
    2830 -0.0315
    2840 -0.0320
    2850 -0.0325
    2860 -0.0329
    2870 -0.0334
    2880 -0.0339
    2890 -0.0344
    2900 -0.0348
    2910 -0.0353
    2920 -0.0358
    2930 -0.0362
    2940 -0.0367
    2950 -0.0372
    2960 -0.0377
    2970 -0.0381
    2980 -0.0386
    2990 -0.0391
    3000 -0.0396
    3010 -0.0400
    3020 -0.0405
    3030 -0.0410
    3040 -0.0414
    3050 -0.0419
    3060 -0.0424
    3070 -0.0429
    3080 -0.0433
    3090 -0.0438
    3100 -0.0443
    3110 -0.0448
    3120 -0.0452
    3130 -0.0457
    3140 -0.0462
    3150 -0.0467
    3160 -0.0471
    3170 -0.0476
    3180 -0.0481
    3190 -0.0486
    3200 -0.0490
    3210 -0.0495
    3220 -0.0500
    3230 -0.0505
    3240 -0.0510
    3250 -0.0514
    3260 -0.0519
    3270 -0.0524
    3280 -0.0529
    3290 -0.0533
    3300 -0.0538
    3310 -0.0543
    3320 -0.0548
    3330 -0.0553
    3340 -0.0557
    3350 -0.0562
    3360 -0.0567
    3370 -0.0572
    3380 -0.0576
    3390 -0.0581
    3400 -0.0586
    3410 -0.0591
    3420 -0.0596
    3430 -0.0600
    3440 -0.0605
    3450 -0.0610
    3460 -0.0615
    3470 -0.0620
    3480 -0.0625
    3490 -0.0629
    3500 -0.0634
    3510 -0.0639
    3520 -0.0644
    3530 -0.0649
    3540 -0.0653
    3550 -0.0658
    3560 -0.0663
    3570 -0.0668
    3580 -0.0673
    3590 -0.0678
    3600 -0.0682
    3610 -0.0687
    3620 -0.0692
    3630 -0.0697
    3640 -0.0702
    3650 -0.0707
    3660 -0.0711
    3670 -0.0716
    3680 -0.0721
    3690 -0.0726
    3700 -0.0731
    3710 -0.0736
    3720 -0.0741
    3730 -0.0745
    3740 -0.0750
    3750 -0.0755
    3760 -0.0760
    3770 -0.0765
    3780 -0.0770
    3790 -0.0775
    3800 -0.0779
    3810 -0.0784
    3820 -0.0789
    3830 -0.0794
    3840 -0.0799
    3850 -0.0804
    3860 -0.0809
    3870 -0.0814
    3880 -0.0818
    3890 -0.0823
    3900 -0.0828
    3910 -0.0833
    3920 -0.0838
    3930 -0.0843
    3940 -0.0848
    3950 -0.0853
    3960 -0.0858
    3970 -0.0862
    3980 -0.0867
    3990 -0.0872
    4000 -0.0877
    4010 -0.0882
    4020 -0.0887
    4030 -0.0892
    4040 -0.0897
    4050 -0.0902
    4060 -0.0907
    4070 -0.0912
    4080 -0.0916
    4090 -0.0921
    4100 -0.0926
    4110 -0.0931
    4120 -0.0936
    4130 -0.0941
    4140 -0.0946
    4150 -0.0951
    4160 -0.0956
    4170 -0.0961
    4180 -0.0966
    4190 -0.0971
    4200 -0.0976
    4210 -0.0981
    4220 -0.0986
    4230 -0.0990
    4240 -0.0995
    4250 -0.1000
    4260 -0.1005
    4270 -0.1010
    4280 -0.1015
    4290 -0.1020
    4300 -0.1025
    4310 -0.1030
    4320 -0.1035
    4330 -0.1040
    4340 -0.1045
    4350 -0.1050
    4360 -0.1055
    4370 -0.1060
    4380 -0.1065
    4390 -0.1070
    4400 -0.1075
    4410 -0.1080
    4420 -0.1085
    4430 -0.1090
    4440 -0.1095
    4450 -0.1100
    4460 -0.1105
    4470 -0.1110
    4480 -0.1115
    4490 -0.1120
    4500 -0.1125
    4510 -0.1130
    4520 -0.1135
    4530 -0.1140
    4540 -0.1145
    4550 -0.1150
    4560 -0.1155
    4570 -0.1160
    4580 -0.1165
    4590 -0.1170
    4600 -0.1175
    4610 -0.1180
    4620 -0.1185
    4630 -0.1190
    4640 -0.1195
    4650 -0.1200
    4660 -0.1205
    4670 -0.1210
    4680 -0.1215
    4690 -0.1220
    4700 -0.1225
    4710 -0.1230
    4720 -0.1235
    4730 -0.1240
    4740 -0.1245
    4750 -0.1250
    4760 -0.1255
    4770 -0.1260
    4780 -0.1265
    4790 -0.1270
    4800 -0.1275
    4810 -0.1280
    4820 -0.1285
    4830 -0.1290
    4840 -0.1296
    4850 -0.1301
    4860 -0.1306
    4870 -0.1311
    4880 -0.1316
    4890 -0.1321
    4900 -0.1326
    4910 -0.1331
    4920 -0.1336
    4930 -0.1341
    4940 -0.1346
    4950 -0.1351
    4960 -0.1356
    4970 -0.1361
    4980 -0.1366
    4990 -0.1372
    5000 -0.1377
    5010 -0.1382
    5020 -0.1387
    5030 -0.1392
    5040 -0.1397
    5050 -0.1402
    5060 -0.1407
    5070 -0.1412
    5080 -0.1417
    5090 -0.1423
    5100 -0.1428
    5110 -0.1433
    5120 -0.1438
    5130 -0.1443
    5140 -0.1448
    5150 -0.1453
    5160 -0.1458
    5170 -0.1463
    5180 -0.1469
    5190 -0.1474
    5200 -0.1479
    5210 -0.1484
    5220 -0.1489
    5230 -0.1494
    5240 -0.1499
    5250 -0.1504
    5260 -0.1510
    5270 -0.1515
    5280 -0.1520
    5290 -0.1525
    5300 -0.1530
    5310 -0.1535
    5320 -0.1540
    5330 -0.1545
    5340 -0.1551
    5350 -0.1556
    5360 -0.1561
    5370 -0.1566
    5380 -0.1571
    5390 -0.1576
    5400 -0.1582
    5410 -0.1587
    5420 -0.1592
    5430 -0.1597
    5440 -0.1602
    5450 -0.1607
    5460 -0.1613
    5470 -0.1618
    5480 -0.1623
    5490 -0.1628
    5500 -0.1633
    5510 -0.1638
    5520 -0.1644
    5530 -0.1649
    5540 -0.1654
    5550 -0.1659
    5560 -0.1664
    5570 -0.1670
    5580 -0.1675
    5590 -0.1680
    5600 -0.1685
    5610 -0.1690
    5620 -0.1696
    5630 -0.1701
    5640 -0.1706
    5650 -0.1711
    5660 -0.1726
    5670 -0.1726
    5680 -0.1726
    5690 -0.1726
    5700 -0.1726
    5710 -0.1726
    5720 -0.1725
    5730 -0.1725
    5740 -0.1725
    5750 -0.1725
    5760 -0.1725
    5770 -0.1725
    5780 -0.1725
    5790 -0.1725
    5800 -0.1725
    5810 -0.1725
    5820 -0.1725
    5830 -0.1724
    5840 -0.1724
    5850 -0.1724
    5860 -0.1724
    5870 -0.1724
    5880 -0.1724
    5890 -0.1724
    5900 -0.1724
    5910 -0.1724
    5920 -0.1724
    5930 -0.1724
    5940 -0.1723
    5950 -0.1723
    5960 -0.1723
    5970 -0.1723
    5980 -0.1723
    5990 -0.1723
    6000 -0.1723
    6010 -0.1723
    6020 -0.1723
    6030 -0.1723
    6040 -0.1723
    6050 -0.1722
    6060 -0.1722
    6070 -0.1722
    6080 -0.1722
    6090 -0.1722
    6100 -0.1722
    6110 -0.1722
    6120 -0.1722
    6130 -0.1722
    6140 -0.1722
    6150 -0.1722
    6160 -0.1721
    6170 -0.1721
    6180 -0.1721
    6190 -0.1721
    6200 -0.1721
    6210 -0.1721
    6220 -0.1721
    6230 -0.1721
    6240 -0.1721
    6250 -0.1721
    6260 -0.1721
    6270 -0.1720
    6280 -0.1720
    6290 -0.1720
    6300 -0.1720
    6310 -0.1720
    6320 -0.1720
    6330 -0.1720
    6340 -0.1720
    6350 -0.1720
    6360 -0.1720
    6370 -0.1720
    6380 -0.1719
    6390 -0.1719
    6400 -0.1719
    6410 -0.1719
    6420 -0.1719
    6430 -0.1719
    6440 -0.1719
    6450 -0.1719
    6460 -0.1719
    6470 -0.1719
    6480 -0.1719
    6490 -0.1718
    6500 -0.1718
    6510 -0.1718
    6520 -0.1718
    6530 -0.1718
    6540 -0.1718
    6550 -0.1718
    6560 -0.1718
    6570 -0.1718
    6580 -0.1718
    6590 -0.1718
    6600 -0.1717
    6610 -0.1717
    6620 -0.1717
    6630 -0.1717
    6640 -0.1717
    6650 -0.1717
    6660 -0.1717
    6670 -0.1717
    6680 -0.1717
    6690 -0.1717
    6700 -0.1717
    6710 -0.1716
    6720 -0.1716
    6730 -0.1716
    6740 -0.1716
    6750 -0.1716
    6760 -0.1716
    6770 -0.1716
    6780 -0.1716
    6790 -0.1716
    6800 -0.1716
    6810 -0.1716
    6820 -0.1715
    6830 -0.1715
    6840 -0.1715
    6850 -0.1715
    6860 -0.1715
    6870 -0.1715
    6880 -0.1715
    6890 -0.1715
    6900 -0.1715
    6910 -0.1715
    6920 -0.1715
    6930 -0.1714
    6940 -0.1714
    6950 -0.1714
    6960 -0.1714
    6970 -0.1714
    6980 -0.1714
    6990 -0.1714
    7000 -0.1714
    7010 -0.1714
    7020 -0.1714
    7030 -0.1714
    7040 -0.1713
    7050 -0.1713
    7060 -0.1713
    7070 -0.1713
    7080 -0.1713
    7090 -0.1713
    7100 -0.1713
    7110 -0.1713
    7120 -0.1713
    7130 -0.1713
    7140 -0.1713
    7150 -0.1712
    7160 -0.1712
    7170 -0.1712
    7180 -0.1712
    7190 -0.1712
    7200 -0.1712
    7210 -0.1712
    7220 -0.1712
    7230 -0.1712
    7240 -0.1712
    7250 -0.1712
    7260 -0.1711
    7270 -0.1711
    7280 -0.1711
    7290 -0.1711
    7300 -0.1711
    7310 -0.1711
    7320 -0.1711
    7330 -0.1711
    7340 -0.1711
    7350 -0.1711
    7360 -0.1711
    7370 -0.1710
    7380 -0.1710
    7390 -0.1710
    7400 -0.1710
    7410 -0.1710
    7420 -0.1710
    7430 -0.1710
    7440 -0.1710
    7450 -0.1710
    7460 -0.1710
    7470 -0.1710
    7480 -0.1709
    7490 -0.1709
    7500 -0.1709
    7510 -0.1709
    7520 -0.1709
    7530 -0.1709
    7540 -0.1709
    7550 -0.1709
    7560 -0.1709
    7570 -0.1709
    7580 -0.1709
    7590 -0.1708
    7600 -0.1708
    7610 -0.1708
    7620 -0.1708
    7630 -0.1708
    7640 -0.1708
    7650 -0.1708
    7660 -0.1708
    7670 -0.1708
    7680 -0.1708
    7690 -0.1708
    7700 -0.1707
    7710 -0.1707
    7720 -0.1707
    7730 -0.1707
    7740 -0.1707
    7750 -0.1707
    7760 -0.1707
    7770 -0.1707
    7780 -0.1707
    7790 -0.1707
    7800 -0.1707
    7810 -0.1706
    7820 -0.1706
    7830 -0.1706
    7840  0.0000
    7850  0.0000
    7860  0.0000
    7870  0.0000
    7880  0.0000
    7890  0.0000
    7900  0.0000
    7910  0.0000
    7920  0.0000
    7930  0.0000
    7940  0.0000
    7950  0.0000
    7960  0.0000
    7970  0.0000
    7980  0.0000
    7990  0.0000
    8000  0.0000
    8010  0.0000
    8020  0.0000
    8030  0.0000
    8040  0.0000
    8050  0.0000
    8060  0.0000
    8070  0.0000
    8080  0.0000
    8090  0.0000
    8100  0.0000
    8110  0.0000
    8120  0.0000
    8130  0.0000
    8140  0.0000
    8150  0.0000
    8160  0.0000
    8170  0.0000
    8180  0.0000
    8190  0.0000
    8200  0.0000
    8210  0.0000
    8220  0.0000
    8230  0.0000
    8240  0.0000
    8250  0.0000
    8260  0.0000
    8270  0.0000
    8280  0.0000
    8290  0.0000
    8300  0.0000
    8310  0.0000
    8320  0.0000
    8330  0.0000
    8340  0.0000
    8350  0.0000
    8360  0.0000
    8370  0.0000
    8380  0.0000
    8390  0.0000
    8400  0.0000
    8410  0.0000
    8420  0.0000
    8430  0.0000
    8440  0.0000
    8450  0.0000
    8460  0.0000
    8470  0.0000
    8480  0.0000
    8490  0.0000
    8500  0.0000
    8510  0.0000
    8520  0.0000
    8530  0.0000
    8540  0.0000
    8550  0.0000
    8560  0.0000
    8570  0.0000
    8580  0.0000
    8590  0.0000
    8600  0.0000
    8610  0.0000
    8620  0.0000
    8630  0.0000
    8640  0.0000
    8650  0.0000
    8660  0.0000
    8670  0.0000
    8680  0.0000
    8690  0.0000
    8700  0.0000
    8710  0.0000
    8720  0.0000
    8730  0.0000
    8740  0.0000
    8750  0.0000
    8760  0.0000
    8770  0.0000
    8780  0.0000
    8790  0.0000
    8800  0.0000
    8810  0.0000
    8820  0.0000
    8830  0.0000
    8840  0.0000
    8850  0.0000
    8860  0.0000
    8870  0.0000
    8880  0.0000
    8890  0.0000
    8900  0.0000
    8910  0.0000
    8920  0.0000
    8930  0.0000
    8940  0.0000
    8950  0.0000
    8960  0.0000
    8970  0.0000
    8980  0.0000
    8990  0.0000
    9000  0.0000
    9010  0.0000
    9020  0.0000
    9030  0.0000
    9040  0.0000
    9050  0.0000
    9060  0.0000
    9070  0.0000
    9080  0.0000
    9090  0.0000
    9100  0.0000
    9110  0.0000
    9120  0.0000
    9130  0.0000
    9140  0.0000
    9150  0.0000
    9160  0.0000
    9170  0.0000
    9180  0.0000
    9190  0.0000
    9200  0.0000
    9210  0.0000
    9220  0.0000
    9230  0.0000
    9240  0.0000
    9250  0.0000
    9260  0.0000
    9270  0.0000
    9280  0.0000
    9290  0.0000
    9300  0.0000
    9310  0.0000
    9320  0.0000
    9330  0.0000
    9340  0.0000
    9350  0.0000
    9360  0.0000
    9370  0.0000
    9380  0.0000
    9390  0.0000
    9400  0.0000
    9410  0.0000
    9420  0.0000
    9430  0.0000
    9440  0.0000
    9450  0.0000
    9460  0.0000
    9470  0.0000
    9480  0.0000
    9490  0.0000
    9500  0.0000
    9510  0.0000
    9520  0.0000
    9530  0.0000
    9540  0.0000
    9550  0.0000
    9560  0.0000
    9570  0.0000
    9580 -0.1197
    9590 -0.1217
    9600 -0.1237
    9610 -0.1257
    9620 -0.1277
    9630 -0.1297
    9640 -0.1317
    9650 -0.1337
    9660 -0.1357
    9670 -0.1377
    9680 -0.1397
    9690 -0.1416
    9700 -0.1436
    9710 -0.1456
    9720 -0.1476
    9730 -0.1496
    9740 -0.1516
    9750 -0.1536
    9760 -0.1556
    9770 -0.1576
    9780 -0.1596
    9790 -0.1616
    9800 -0.1636
    9810 -0.1656
    9820 -0.1676
    9830 -0.1696
    9840 -0.1716
    9850 -0.1736
    9860 -0.1756
    9870 -0.1776
    9880 -0.1796
    9890 -0.1816
    9900 -0.1836
    9910 -0.1856
    9920 -0.1876
    9930 -0.1896
    9940 -0.1916
    9950 -0.1936
    9960 -0.1956
    9970 -0.1976
    9980 -0.1996
    9990 -0.2016
   10000 -0.2036
   10010 -0.2056
   10020 -0.2076
   10030 -0.2096
   10040 -0.2116
   10050 -0.2136
   10060 -0.2156
   10070 -0.2176
   10080 -0.2196
   10090 -0.2216
   10100 -0.2236
   10110 -0.2256
   10120 -0.2276
   10130 -0.2296
   10140 -0.2316
   10150 -0.2336
   10160 -0.2356
   10170 -0.2376
   10180 -0.2396
   10190 -0.2415
   10200 -0.2435
   10210 -0.2455
   10220 -0.2475
   10230 -0.2495
   10240 -0.2515
   10250 -0.2535
   10260 -0.2555
   10270 -0.2575
   10280 -0.2595
   10290 -0.2615
   10300 -0.2635
   10310 -0.2655
   10320 -0.2675
   10330 -0.2695
   10340 -0.2715
   10350 -0.2735
   10360 -0.2755
   10370 -0.2775
   10380 -0.2795
   10390 -0.2815
   10400 -0.2835
   10410 -0.2855
   10420 -0.2875
   10430 -0.2895
   10440 -0.2915
   10450 -0.2935
   10460  0.0000
   10470  0.0000
   10480  0.0000
   10490  0.0000
   10500  0.0000
   10510  0.0000
   10520  0.0000
   10530  0.0000
   10540  0.0000
   10550  0.0000
   10560  0.0000
   10570  0.0000
   10580  0.0000
   10590  0.0000
   10600  0.0000
   10610  0.0000
   10620  0.0000
   10630  0.0000
   10640  0.0000
   10650  0.0000
   10660  0.0000
   10670  0.0000
   10680  0.0000
   10690  0.0000
   10700  0.0000
   10710  0.0000
   10720  0.0000
   10730  0.0000
   10740  0.0000
   10750  0.0000
   10760  0.0000
   10770  0.0000
   10780  0.0000
   10790  0.0000
   10800  0.0000
   10810  0.0000
   10820  0.0000
   10830  0.0000
   10840  0.0000
   10850  0.0000
   10860  0.0000
   10870  0.0000
   10880  0.0000
   10890  0.0000
   10900  0.0000
   10910  0.0000
   10920  0.0000
   10930  0.0000
   10940  0.0000
   10950  0.0000
   10960  0.0000
   10970  0.0000
   10980  0.0000
   10990  0.0000
   11000  0.0000
   11010  0.0000
   11020  0.0000
   11030  0.0000
   11040  0.0000
   11050  0.0000
   11060  0.0000
   11070  0.0000
   11080  0.0000
   11090  0.0000
   11100  0.0000
   11110  0.0000
   11120  0.0000
   11130  0.0000
   11140  0.0000
   11150  0.0000
   11160  0.0000
   11170  0.0000
   11180  0.0000
   11190  0.0000
   11200  0.0000
   11210  0.0000
   11220  0.0000
   11230  0.0000
   11240  0.0000
   11250  0.0000
   11260  0.0000
   11270  0.0000
   11280  0.0000
   11290  0.0000
   11300  0.0000
   11310  0.0000
   11320  0.0000
   11330  0.0000
   11340  0.0000
   11350  0.0000
   11360  0.0000
   11370  0.0000
   11380  0.0000
   11390  0.0000
   11400  0.0000
   11410  0.0000
   11420  0.0000
   11430  0.0000
   11440  0.0000
   11450  0.0000
   11460  0.0000
   11470  0.0000
   11480  0.0000
   11490  0.0000
   11500  0.0000
   11510  0.0000
   11520  0.0000
   11530  0.0000
   11540  0.0000
   11550  0.0000
   11560  0.0000
   11570  0.0000
   11580  0.0000
   11590  0.0000
   11600  0.0000
   11610  0.0000
   11620  0.0000
   11630  0.0000
   11640  0.0000
   11650  0.0000
   11660  0.0000
   11670  0.0000
   11680  0.0000
   11690  0.0000
   11700  0.0000
   11710  0.0000
   11720  0.0000
   11730  0.0000
   11740  0.0000
   11750  0.0000
   11760  0.0000
   11770  0.0000
   11780  0.0000
   11790  0.0000
   11800  0.0000
   11810  0.0000
   11820  0.0000
   11830  0.0000
   11840  0.0000
   11850  0.0000
   11860  0.0000
   11870  0.0000
   11880  0.0000
   11890  0.0000
   11900  0.0000
   11910  0.0000
   11920  0.0000
   11930  0.0000
   11940  0.0000
   11950  0.0000
   11960  0.0000
   11970  0.0000
   11980  0.0000
   11990  0.0000
   12000  0.0000
   12010  0.0000
   12020  0.0000
   12030  0.0000
   12040  0.0000
   12050  0.0000
   12060  0.0000
   12070  0.0000
   12080  0.0000
   12090  0.0000
   12100  0.0000
   12110  0.0000
   12120  0.0000
   12130  0.0000
   12140  0.0000
   12150  0.0000
   12160  0.0000
   12170  0.0000
   12180  0.0000
   12190  0.0000
   12200  0.0000
   12210  0.0000
   12220  0.0000
   12230  0.0000
   12240  0.0000
   12250  0.0000
   12260  0.0000
   12270  0.0000
   12280  0.0000
   12290  0.0000
   12300  0.0000
   12310  0.0000
   12320  0.0000
   12330  0.0000
   12340  0.0000
   12350  0.0000
   12360  0.0000
   12370  0.0000
   12380  0.0000
   12390  0.0000
   12400  0.0000
   12410  0.0000
   12420  0.0000
   12430  0.0000
   12440  0.0000
   12450  0.0000
   12460  0.0000
   12470  0.0000
   12480  0.0000
   12490  0.0000
   12500  0.0000
   12510  0.0000
   12520  0.0000
   12530  0.0000
   12540  0.0000
   12550  0.0000
   12560  0.0000
   12570  0.0000
   12580  0.0000
   12590  0.0000
   12600  0.0000
   12610  0.0000
   12620  0.0000
   12630  0.0000
   12640  0.0000
   12650  0.0000
   12660  0.0000
   12670  0.0000
   12680  0.0000
   12690  0.0000
   12700  0.0000
   12710  0.0000
   12720  0.0000
   12730  0.0000
   12740  0.0000
   12750  0.0000
   12760  0.0000
   12770  0.0000
   12780  0.0000
   12790  0.0000
   12800  0.0000
   12810  0.0000
   12820  0.0000
   12830  0.0000
   12840  0.0000
   12850  0.0000
   12860  0.0000
   12870  0.0000
   12880  0.0000
   12890  0.0000
   12900  0.0000
   12910  0.0000
   12920  0.0000
   12930  0.0000
   12940  0.0000
   12950  0.0000
   12960  0.0000
   12970  0.0000
   12980  0.0000
   12990  0.0000
   13000  0.0000
   13010  0.0000
   13020  0.0000
   13030  0.0000
   13040  0.0000
   13050  0.0000
   13060  0.0000
   13070  0.0000
   13080  0.0000
   13090  0.0000
   13100  0.0000
   13110  0.0000
   13120  0.0000
   13130  0.0000
   13140  0.0000
   13150  0.0000
   13160  0.0000
   13170  0.0000
   13180  0.0000
   13190  0.0000
   13200  0.0000
   13210  0.0000
   13220  0.0000
   13230  0.0000
   13240  0.0000
   13250  0.0000
   13260  0.0000
   13270  0.0000
   13280  0.0000
   13290  0.0000
   13300  0.0000
   13310  0.0000
   13320  0.0000
   13330  0.0000
   13340  0.0000
   13350  0.0000
   13360  0.0000
   13370  0.0000
   13380  0.0000
   13390  0.0000
   13400  0.0000
   13410  0.0000
   13420  0.0000
   13430  0.0000
   13440  0.0000
   13450  0.0000
   13460  0.0000
   13470  0.0000
   13480  0.0000
   13490  0.0000
   13500  0.0000
   13510  0.0000
   13520  0.0000
   13530  0.0000
   13540  0.0000
   13550  0.0000
   13560  0.0000
   13570  0.0000
   13580  0.0000
   13590  0.0000
   13600  0.0000
   13610  0.0000
   13620  0.0000
   13630  0.0000
   13640  0.0000
   13650  0.0000
   13660  0.0000
   13670  0.0000
   13680  0.0000
   13690  0.0000
   13700  0.0000
   13710  0.0000
   13720  0.0000
   13730  0.0000
   13740  0.0000
   13750  0.0000
   13760  0.0000
   13770  0.0000
   13780  0.0000
   13790  0.0000
   13800  0.0000
   13810  0.0000
   13820  0.0000
   13830  0.0000
   13840  0.0000
   13850  0.0000
   13860  0.0000
   13870  0.0000
   13880  0.0000
   13890  0.0000
   13900  0.0000
   13910  0.0000
   13920  0.0000
   13930  0.0000
   13940  0.0000
   13950  0.0000
   13960  0.0000
   13970  0.0000
   13980  0.0000
   13990  0.0000
   14000  0.0000
   14010  0.0000
   14020  0.0000
   14030  0.0000
   14040  0.0000
   14050  0.0000
   14060  0.0000
   14070  0.0000
   14080  0.0000
   14090  0.0000
   14100  0.0000
   14110  0.0000
   14120  0.0000
   14130  0.0000
   14140  0.0000
   14150  0.0000
   14160  0.0000
   14170  0.0000
   14180  0.0000
   14190  0.0000
   14200  0.0000
   14210  0.0000
   14220  0.0000
   14230  0.0000
   14240  0.0000
   14250  0.0000
   14260  0.0000
   14270  0.0000
   14280  0.0000
   14290  0.0000
   14300  0.0000
   14310  0.0000
   14320  0.0000
   14330  0.0000
   14340  0.0000
   14350  0.0000
   14360  0.0000
   14370  0.0000
   14380  0.0000
   14390  0.0000
   14400  0.0000
   14410  0.0000
   14420  0.0000
   14430  0.0000
   14440  0.0000
   14450  0.0000
   14460  0.0000
   14470  0.0000
   14480  0.0000
   14490  0.0000
   14500  0.0000
   14510  0.0000
   14520  0.0000
   14530  0.0000
   14540  0.0000
   14550  0.0000
   14560  0.0000
   14570  0.0000
   14580  0.0000
   14590  0.0000
   14600  0.0000
   14610  0.0000
   14620  0.0000
   14630  0.0000
   14640  0.0000
   14650  0.0000
   14660  0.0000
   14670  0.0000
   14680  0.0000
   14690  0.0000
   14700  0.0000
   14710  0.0000
   14720  0.0000
   14730  0.0000
   14740  0.0000
   14750  0.0000
   14760  0.0000
   14770  0.0000
   14780  0.0000
   14790  0.0000
   14800  0.0000
   14810  0.0000
   14820  0.0000
   14830  0.0000
   14840  0.0000
   14850  0.0000
   14860  0.0000
   14870  0.0000
   14880  0.0000
   14890  0.0000
   14900  0.0000
   14910  0.0000
   14920  0.0000
   14930  0.0000
   14940  0.0000
   14950  0.0000
   14960  0.0000
   14970  0.0000
   14980  0.0000
   14990  0.0000
   15000  0.0000
