       0  0.0000
      10  0.0000
      20  0.0000
      30  0.0000
      40  0.0000
      50  0.0000
      60  0.0000
      70  0.0000
      80  0.0000
      90  0.0000
     100  0.0000
     110  0.0000
     120  0.0000
     130  0.0000
     140  0.0000
     150  0.0000
     160  0.0000
     170  0.0000
     180  0.0000
     190  0.0000
     200  0.0000
     210  0.0000
     220  0.0000
     230  0.0000
     240  0.0000
     250  0.0000
     260  0.0000
     270  0.0000
     280  0.0000
     290  0.0000
     300  0.0000
     310  0.0000
     320  0.0000
     330  0.0000
     340  0.0000
     350  0.0000
     360  0.0000
     370  0.0000
     380  0.0000
     390  0.0000
     400  0.0000
     410  0.0000
     420  0.0000
     430  0.0000
     440  0.0000
     450  0.0000
     460  0.0000
     470  0.0000
     480  0.0000
     490  0.0000
     500  0.0000
     510  0.0000
     520  0.0000
     530  0.0000
     540  0.0000
     550  0.0000
     560  0.0000
     570  0.0000
     580  0.0000
     590  0.0000
     600  0.0000
     610  0.0000
     620  0.0000
     630  0.0000
     640  0.0000
     650  0.0000
     660  0.0000
     670  0.0000
     680  0.0000
     690  0.0000
     700  0.0000
     710  0.0000
     720  0.0000
     730  0.0000
     740  0.0000
     750  0.0000
     760  0.0000
     770  0.0000
     780  0.0000
     790  0.0000
     800  0.0000
     810  0.0000
     820  0.0000
     830  0.0000
     840  0.0000
     850  0.0000
     860  0.0000
     870  0.0000
     880  0.0000
     890  0.0000
     900  0.0000
     910  0.0000
     920  0.0000
     930  0.0000
     940  0.0000
     950  0.0000
     960  0.0000
     970  0.0000
     980  0.0000
     990  0.0000
    1000  0.0000
    1010  0.0000
    1020  0.0000
    1030  0.0000
    1040  0.0000
    1050  0.0000
    1060  0.0000
    1070  0.0000
    1080  0.0000
    1090  0.0000
    1100  0.0000
    1110  0.0000
    1120  0.0000
    1130  0.0000
    1140  0.0000
    1150  0.0000
    1160  0.0000
    1170  0.0000
    1180  0.0000
    1190  0.0000
    1200  0.0000
    1210  0.0000
    1220  0.0000
    1230  0.0000
    1240  0.0000
    1250  0.0000
    1260  0.0000
    1270  0.0000
    1280  0.0000
    1290  0.0000
    1300  0.0000
    1310  0.0000
    1320  0.0000
    1330  0.0000
    1340  0.0000
    1350  0.0000
    1360  0.0000
    1370  0.0000
    1380  0.0000
    1390  0.0000
    1400  0.0000
    1410  0.0000
    1420  0.0090
    1430  0.0078
    1440  0.0066
    1450  0.0054
    1460  0.0043
    1470  0.0031
    1480  0.0019
    1490  0.0007
    1500 -0.0004
    1510 -0.0016
    1520 -0.0028
    1530 -0.0040
    1540 -0.0051
    1550 -0.0063
    1560 -0.0075
    1570 -0.0087
    1580 -0.0099
    1590 -0.0110
    1600 -0.0122
    1610 -0.0134
    1620 -0.0146
    1630 -0.0157
    1640 -0.0169
    1650 -0.0181
    1660 -0.0193
    1670 -0.0205
    1680 -0.0216
    1690 -0.0228
    1700 -0.0240
    1710 -0.0252
    1720 -0.0263
    1730 -0.0275
    1740 -0.0287
    1750 -0.0299
    1760 -0.0311
    1770 -0.0322
    1780 -0.0334
    1790 -0.0346
    1800 -0.0358
    1810 -0.0369
    1820 -0.0381
    1830 -0.0393
    1840 -0.0405
    1850 -0.0417
    1860 -0.0428
    1870 -0.0440
    1880 -0.0452
    1890 -0.0464
    1900 -0.0476
    1910 -0.0487
    1920 -0.0499
    1930 -0.0511
    1940 -0.0523
    1950 -0.0535
    1960 -0.0546
    1970 -0.0558
    1980 -0.0570
    1990 -0.0582
    2000 -0.0594
    2010 -0.0605
    2020 -0.0617
    2030 -0.0629
    2040 -0.0641
    2050 -0.0652
    2060 -0.0664
    2070 -0.0676
    2080 -0.0688
    2090 -0.0700
    2100 -0.0711
    2110 -0.0723
    2120 -0.0735
    2130 -0.0747
    2140 -0.0759
    2150 -0.0770
    2160 -0.0782
    2170 -0.0794
    2180 -0.0806
    2190 -0.0818
    2200 -0.0830
    2210 -0.0841
    2220 -0.0853
    2230 -0.0865
    2240 -0.0877
    2250 -0.0889
    2260 -0.0900
    2270 -0.0912
    2280 -0.0924
    2290 -0.0936
    2300 -0.0948
    2310 -0.0959
    2320 -0.0971
    2330 -0.0983
    2340 -0.0995
    2350 -0.1007
    2360 -0.1018
    2370 -0.1030
    2380 -0.1042
    2390 -0.1054
    2400 -0.1066
    2410 -0.1078
    2420 -0.1089
    2430 -0.1101
    2440 -0.1113
    2450 -0.1125
    2460 -0.1137
    2470 -0.1148
    2480 -0.1160
    2490 -0.1172
    2500 -0.1184
    2510 -0.1196
    2520 -0.1208
    2530 -0.1219
    2540 -0.1231
    2550 -0.1243
    2560 -0.1255
    2570 -0.1267
    2580 -0.1279
    2590 -0.1290
    2600 -0.1302
    2610 -0.1314
    2620 -0.1326
    2630 -0.1338
    2640 -0.1349
    2650 -0.1361
    2660 -0.1373
    2670 -0.1385
    2680 -0.1397
    2690 -0.1409
    2700 -0.1420
    2710 -0.1432
    2720 -0.1444
    2730 -0.1456
    2740 -0.1468
    2750 -0.1480
    2760 -0.1491
    2770 -0.1503
    2780 -0.1515
    2790 -0.1527
    2800 -0.1539
    2810 -0.1551
    2820 -0.1562
    2830 -0.1574
    2840 -0.1586
    2850 -0.1598
    2860 -0.1610
    2870 -0.1622
    2880 -0.1634
    2890 -0.1645
    2900 -0.1657
    2910 -0.1669
    2920 -0.1681
    2930 -0.1693
    2940 -0.1705
    2950 -0.1716
    2960 -0.1728
    2970 -0.1740
    2980 -0.1752
    2990 -0.1764
    3000 -0.1776
    3010 -0.1788
    3020 -0.1799
    3030 -0.1811
    3040 -0.1823
    3050 -0.1835
    3060 -0.1847
    3070 -0.1859
    3080 -0.1870
    3090 -0.1882
    3100 -0.1894
    3110 -0.1906
    3120 -0.1918
    3130 -0.1930
    3140 -0.1942
    3150 -0.1953
    3160 -0.1965
    3170 -0.1977
    3180 -0.1989
    3190 -0.2001
    3200 -0.2013
    3210 -0.2025
    3220 -0.2036
    3230 -0.2048
    3240 -0.2060
    3250 -0.2072
    3260 -0.2084
    3270 -0.2096
    3280 -0.2108
    3290 -0.2119
    3300 -0.2131
    3310 -0.2143
    3320 -0.2155
    3330 -0.2167
    3340 -0.2179
    3350 -0.2191
    3360 -0.2203
    3370 -0.2214
    3380 -0.2226
    3390 -0.2238
    3400 -0.2250
    3410 -0.2262
    3420 -0.2274
    3430 -0.2286
    3440 -0.2298
    3450 -0.2309
    3460 -0.2321
    3470 -0.2333
    3480 -0.2345
    3490 -0.2357
    3500 -0.2369
    3510 -0.2381
    3520 -0.2393
    3530 -0.2404
    3540 -0.2416
    3550 -0.2428
    3560 -0.2440
    3570 -0.2452
    3580 -0.2464
    3590 -0.2476
    3600 -0.2488
    3610 -0.2499
    3620 -0.2511
    3630 -0.2523
    3640 -0.2535
    3650 -0.2547
    3660 -0.2559
    3670 -0.2571
    3680 -0.2583
    3690 -0.2595
    3700 -0.2606
    3710 -0.2618
    3720 -0.2630
    3730 -0.2642
    3740 -0.2654
    3750 -0.2666
    3760 -0.2678
    3770 -0.2690
    3780 -0.2702
    3790 -0.2713
    3800 -0.2725
    3810 -0.2737
    3820 -0.2749
    3830 -0.2761
    3840 -0.2773
    3850 -0.2785
    3860 -0.2797
    3870 -0.2809
    3880 -0.2820
    3890 -0.2832
    3900 -0.2844
    3910 -0.2856
    3920 -0.2868
    3930 -0.2880
    3940 -0.2892
    3950 -0.2904
    3960 -0.2916
    3970 -0.2928
    3980 -0.2940
    3990 -0.2951
    4000 -0.2963
    4010 -0.2975
    4020 -0.2987
    4030 -0.2999
    4040 -0.3011
    4050 -0.3023
    4060 -0.3035
    4070 -0.3047
    4080 -0.3059
    4090 -0.3070
    4100 -0.3082
    4110 -0.3094
    4120 -0.3106
    4130 -0.3118
    4140 -0.3130
    4150 -0.3142
    4160 -0.3154
    4170 -0.3166
    4180 -0.3178
    4190 -0.3190
    4200 -0.3202
    4210 -0.3213
    4220 -0.3225
    4230 -0.3237
    4240 -0.3249
    4250 -0.3261
    4260 -0.3273
    4270 -0.3285
    4280 -0.3297
    4290 -0.3309
    4300 -0.3321
    4310 -0.3333
    4320 -0.3345
    4330 -0.3357
    4340 -0.3368
    4350 -0.3380
    4360 -0.3392
    4370 -0.3404
    4380 -0.3416
    4390 -0.3428
    4400 -0.3440
    4410 -0.3452
    4420 -0.3464
    4430 -0.3476
    4440 -0.3488
    4450 -0.3500
    4460 -0.3512
    4470 -0.3524
    4480 -0.3535
    4490 -0.3547
    4500 -0.3559
    4510 -0.3571
    4520 -0.3583
    4530 -0.3595
    4540 -0.3607
    4550 -0.3619
    4560 -0.3631
    4570 -0.3643
    4580 -0.3655
    4590 -0.3667
    4600 -0.3679
    4610 -0.3691
    4620 -0.3703
    4630 -0.3715
    4640 -0.3726
    4650 -0.3738
    4660 -0.3750
    4670 -0.3762
    4680 -0.3774
    4690 -0.3786
    4700 -0.3798
    4710 -0.3810
    4720 -0.3822
    4730 -0.3834
    4740 -0.3846
    4750 -0.3858
    4760 -0.3870
    4770 -0.3882
    4780 -0.3894
    4790 -0.3906
    4800 -0.3918
    4810 -0.3930
    4820 -0.3942
    4830 -0.3954
    4840 -0.3965
    4850 -0.3977
    4860 -0.3989
    4870 -0.4001
    4880 -0.4013
    4890 -0.4025
    4900 -0.4037
    4910 -0.4049
    4920 -0.4061
    4930 -0.4073
    4940 -0.4085
    4950 -0.4097
    4960 -0.4109
    4970 -0.4121
    4980 -0.4133
    4990 -0.4145
    5000 -0.4157
    5010 -0.4169
    5020 -0.4181
    5030 -0.4193
    5040 -0.4205
    5050 -0.4217
    5060 -0.4229
    5070 -0.4241
    5080 -0.4253
    5090 -0.4265
    5100 -0.4277
    5110 -0.4289
    5120 -0.4301
    5130 -0.4312
    5140 -0.4324
    5150 -0.4336
    5160 -0.4348
    5170 -0.4360
    5180 -0.4372
    5190 -0.4384
    5200 -0.4396
    5210 -0.4408
    5220 -0.4420
    5230 -0.4432
    5240 -0.4444
    5250 -0.4456
    5260 -0.4468
    5270 -0.4480
    5280 -0.4492
    5290 -0.4504
    5300 -0.4516
    5310 -0.4528
    5320 -0.4540
    5330 -0.4552
    5340 -0.4564
    5350 -0.4576
    5360 -0.4588
    5370 -0.4600
    5380 -0.4612
    5390 -0.4624
    5400 -0.4636
    5410 -0.4648
    5420 -0.4660
    5430 -0.4672
    5440 -0.4684
    5450 -0.4696
    5460 -0.4708
    5470 -0.4720
    5480 -0.4732
    5490 -0.4744
    5500 -0.4756
    5510 -0.4768
    5520 -0.4780
    5530 -0.4792
    5540 -0.4804
    5550 -0.4816
    5560 -0.4828
    5570 -0.4840
    5580 -0.4852
    5590 -0.4864
    5600 -0.4876
    5610 -0.4888
    5620 -0.4900
    5630 -0.4912
    5640 -0.4924
    5650 -0.4936
    5660 -0.4953
    5670 -0.4963
    5680 -0.4973
    5690 -0.4983
    5700 -0.4993
    5710 -0.5003
    5720 -0.5013
    5730 -0.5023
    5740 -0.5033
    5750 -0.5043
    5760 -0.5054
    5770 -0.5064
    5780 -0.5074
    5790 -0.5084
    5800 -0.5094
    5810 -0.5104
    5820 -0.5114
    5830 -0.5124
    5840 -0.5134
    5850 -0.5145
    5860 -0.5155
    5870 -0.5165
    5880 -0.5175
    5890 -0.5185
    5900 -0.5195
    5910 -0.5205
    5920 -0.5215
    5930 -0.5225
    5940 -0.5235
    5950 -0.5246
    5960 -0.5256
    5970 -0.5266
    5980 -0.5276
    5990 -0.5286
    6000 -0.5296
    6010 -0.5306
    6020 -0.5316
    6030 -0.5326
    6040 -0.5336
    6050 -0.5347
    6060 -0.5357
    6070 -0.5367
    6080 -0.5377
    6090 -0.5387
    6100 -0.5397
    6110 -0.5407
    6120 -0.5417
    6130 -0.5427
    6140 -0.5437
    6150 -0.5448
    6160 -0.5458
    6170 -0.5468
    6180 -0.5478
    6190 -0.5488
    6200 -0.5498
    6210 -0.5508
    6220 -0.5518
    6230 -0.5528
    6240 -0.5538
    6250 -0.5549
    6260 -0.5559
    6270 -0.5569
    6280 -0.5579
    6290 -0.5589
    6300 -0.5599
    6310 -0.5609
    6320 -0.5619
    6330 -0.5629
    6340 -0.5639
    6350 -0.5650
    6360 -0.5660
    6370 -0.5670
    6380 -0.5680
    6390 -0.5690
    6400 -0.5700
    6410 -0.5710
    6420 -0.5720
    6430 -0.5730
    6440 -0.5741
    6450 -0.5751
    6460 -0.5761
    6470 -0.5771
    6480 -0.5781
    6490 -0.5791
    6500 -0.5801
    6510 -0.5811
    6520 -0.5821
    6530 -0.5831
    6540 -0.5842
    6550 -0.5852
    6560 -0.5862
    6570 -0.5872
    6580 -0.5882
    6590 -0.5892
    6600 -0.5902
    6610 -0.5912
    6620 -0.5922
    6630 -0.5932
    6640 -0.5943
    6650 -0.5953
    6660 -0.5963
    6670 -0.5973
    6680 -0.5983
    6690 -0.5993
    6700 -0.6003
    6710 -0.6013
    6720 -0.6023
    6730 -0.6033
    6740 -0.6044
    6750 -0.6054
    6760 -0.6064
    6770 -0.6074
    6780 -0.6084
    6790 -0.6094
    6800 -0.6104
    6810 -0.6114
    6820 -0.6124
    6830 -0.6134
    6840 -0.6145
    6850 -0.6155
    6860 -0.6165
    6870 -0.6175
    6880 -0.6185
    6890 -0.6195
    6900 -0.6205
    6910 -0.6215
    6920 -0.6225
    6930 -0.6235
    6940 -0.6246
    6950 -0.6256
    6960 -0.6266
    6970 -0.6276
    6980 -0.6286
    6990 -0.6296
    7000 -0.6306
    7010 -0.6316
    7020 -0.6326
    7030 -0.6337
    7040 -0.6347
    7050 -0.6357
    7060 -0.6367
    7070 -0.6377
    7080 -0.6387
    7090 -0.6397
    7100 -0.6407
    7110 -0.6417
    7120 -0.6427
    7130 -0.6438
    7140 -0.6448
    7150 -0.6458
    7160 -0.6468
    7170 -0.6478
    7180 -0.6488
    7190 -0.6498
    7200 -0.6508
    7210 -0.6518
    7220 -0.6528
    7230 -0.6539
    7240 -0.6549
    7250 -0.6559
    7260 -0.6569
    7270 -0.6579
    7280 -0.6589
    7290 -0.6599
    7300 -0.6609
    7310 -0.6619
    7320 -0.6629
    7330 -0.6640
    7340 -0.6650
    7350 -0.6660
    7360 -0.6670
    7370 -0.6680
    7380 -0.6690
    7390 -0.6700
    7400 -0.6710
    7410 -0.6720
    7420 -0.6730
    7430 -0.6741
    7440 -0.6751
    7450 -0.6761
    7460 -0.6771
    7470 -0.6781
    7480 -0.6791
    7490 -0.6801
    7500 -0.6811
    7510 -0.6821
    7520 -0.6831
    7530 -0.6842
    7540 -0.6852
    7550 -0.6862
    7560 -0.6872
    7570 -0.6882
    7580 -0.6892
    7590 -0.6902
    7600 -0.6912
    7610 -0.6922
    7620 -0.6933
    7630 -0.6943
    7640 -0.6953
    7650 -0.6963
    7660 -0.6973
    7670 -0.6983
    7680 -0.6993
    7690 -0.7003
    7700 -0.7013
    7710 -0.7023
    7720 -0.7034
    7730 -0.7044
    7740 -0.7054
    7750 -0.7064
    7760 -0.7074
    7770 -0.7084
    7780 -0.7094
    7790 -0.7104
    7800 -0.7114
    7810 -0.7124
    7820 -0.7135
    7830 -0.7145
    7840  0.0000
    7850  0.0000
    7860  0.0000
    7870  0.0000
    7880  0.0000
    7890  0.0000
    7900  0.0000
    7910  0.0000
    7920  0.0000
    7930  0.0000
    7940  0.0000
    7950  0.0000
    7960  0.0000
    7970  0.0000
    7980  0.0000
    7990  0.0000
    8000  0.0000
    8010  0.0000
    8020  0.0000
    8030  0.0000
    8040  0.0000
    8050  0.0000
    8060  0.0000
    8070  0.0000
    8080  0.0000
    8090  0.0000
    8100  0.0000
    8110  0.0000
    8120  0.0000
    8130  0.0000
    8140  0.0000
    8150  0.0000
    8160  0.0000
    8170  0.0000
    8180  0.0000
    8190  0.0000
    8200  0.0000
    8210  0.0000
    8220  0.0000
    8230  0.0000
    8240  0.0000
    8250  0.0000
    8260  0.0000
    8270  0.0000
    8280  0.0000
    8290  0.0000
    8300  0.0000
    8310  0.0000
    8320  0.0000
    8330  0.0000
    8340  0.0000
    8350  0.0000
    8360  0.0000
    8370  0.0000
    8380  0.0000
    8390  0.0000
    8400  0.0000
    8410  0.0000
    8420  0.0000
    8430  0.0000
    8440  0.0000
    8450  0.0000
    8460  0.0000
    8470  0.0000
    8480  0.0000
    8490  0.0000
    8500  0.0000
    8510  0.0000
    8520  0.0000
    8530  0.0000
    8540  0.0000
    8550  0.0000
    8560  0.0000
    8570  0.0000
    8580  0.0000
    8590  0.0000
    8600  0.0000
    8610  0.0000
    8620  0.0000
    8630  0.0000
    8640  0.0000
    8650  0.0000
    8660  0.0000
    8670  0.0000
    8680  0.0000
    8690  0.0000
    8700  0.0000
    8710  0.0000
    8720  0.0000
    8730  0.0000
    8740  0.0000
    8750  0.0000
    8760  0.0000
    8770  0.0000
    8780  0.0000
    8790  0.0000
    8800  0.0000
    8810  0.0000
    8820  0.0000
    8830  0.0000
    8840  0.0000
    8850  0.0000
    8860  0.0000
    8870  0.0000
    8880  0.0000
    8890  0.0000
    8900  0.0000
    8910  0.0000
    8920  0.0000
    8930  0.0000
    8940  0.0000
    8950  0.0000
    8960  0.0000
    8970  0.0000
    8980  0.0000
    8990  0.0000
    9000  0.0000
    9010  0.0000
    9020  0.0000
    9030  0.0000
    9040  0.0000
    9050  0.0000
    9060  0.0000
    9070  0.0000
    9080  0.0000
    9090  0.0000
    9100  0.0000
    9110  0.0000
    9120  0.0000
    9130  0.0000
    9140  0.0000
    9150  0.0000
    9160  0.0000
    9170  0.0000
    9180  0.0000
    9190  0.0000
    9200  0.0000
    9210  0.0000
    9220  0.0000
    9230  0.0000
    9240  0.0000
    9250  0.0000
    9260  0.0000
    9270  0.0000
    9280  0.0000
    9290  0.0000
    9300  0.0000
    9310  0.0000
    9320  0.0000
    9330  0.0000
    9340  0.0000
    9350  0.0000
    9360  0.0000
    9370  0.0000
    9380  0.0000
    9390  0.0000
    9400  0.0000
    9410  0.0000
    9420  0.0000
    9430  0.0000
    9440  0.0000
    9450  0.0000
    9460  0.0000
    9470  0.0000
    9480  0.0000
    9490  0.0000
    9500  0.0000
    9510  0.0000
    9520  0.0000
    9530  0.0000
    9540  0.0000
    9550  0.0000
    9560  0.0000
    9570  0.0000
    9580 -0.6932
    9590 -0.6958
    9600 -0.6984
    9610 -0.7010
    9620 -0.7037
    9630 -0.7063
    9640 -0.7089
    9650 -0.7116
    9660 -0.7142
    9670 -0.7168
    9680 -0.7194
    9690 -0.7221
    9700 -0.7247
    9710 -0.7273
    9720 -0.7299
    9730 -0.7326
    9740 -0.7352
    9750 -0.7378
    9760 -0.7404
    9770 -0.7431
    9780 -0.7457
    9790 -0.7483
    9800 -0.7510
    9810 -0.7536
    9820 -0.7562
    9830 -0.7588
    9840 -0.7615
    9850 -0.7641
    9860 -0.7667
    9870 -0.7693
    9880 -0.7720
    9890 -0.7746
    9900 -0.7772
    9910 -0.7799
    9920 -0.7825
    9930 -0.7851
    9940 -0.7877
    9950 -0.7904
    9960 -0.7930
    9970 -0.7956
    9980 -0.7982
    9990 -0.8009
   10000 -0.8035
   10010 -0.8061
   10020 -0.8087
   10030 -0.8114
   10040 -0.8140
   10050 -0.8166
   10060 -0.8193
   10070 -0.8219
   10080 -0.8245
   10090 -0.8271
   10100 -0.8298
   10110 -0.8324
   10120 -0.8350
   10130 -0.8376
   10140 -0.8403
   10150 -0.8429
   10160 -0.8455
   10170 -0.8482
   10180 -0.8508
   10190 -0.8534
   10200 -0.8560
   10210 -0.8587
   10220 -0.8613
   10230 -0.8639
   10240 -0.8665
   10250 -0.8692
   10260 -0.8718
   10270 -0.8744
   10280 -0.8770
   10290 -0.8797
   10300 -0.8823
   10310 -0.8849
   10320 -0.8876
   10330 -0.8902
   10340 -0.8928
   10350 -0.8954
   10360 -0.8981
   10370 -0.9007
   10380 -0.9033
   10390 -0.9059
   10400 -0.9086
   10410 -0.9112
   10420 -0.9138
   10430 -0.9165
   10440 -0.9191
   10450 -0.9217
   10460  0.0000
   10470  0.0000
   10480  0.0000
   10490  0.0000
   10500  0.0000
   10510  0.0000
   10520  0.0000
   10530  0.0000
   10540  0.0000
   10550  0.0000
   10560  0.0000
   10570  0.0000
   10580  0.0000
   10590  0.0000
   10600  0.0000
   10610  0.0000
   10620  0.0000
   10630  0.0000
   10640  0.0000
   10650  0.0000
   10660  0.0000
   10670  0.0000
   10680  0.0000
   10690  0.0000
   10700  0.0000
   10710  0.0000
   10720  0.0000
   10730  0.0000
   10740  0.0000
   10750  0.0000
   10760  0.0000
   10770  0.0000
   10780  0.0000
   10790  0.0000
   10800  0.0000
   10810  0.0000
   10820  0.0000
   10830  0.0000
   10840  0.0000
   10850  0.0000
   10860  0.0000
   10870  0.0000
   10880  0.0000
   10890  0.0000
   10900  0.0000
   10910  0.0000
   10920  0.0000
   10930  0.0000
   10940  0.0000
   10950  0.0000
   10960  0.0000
   10970  0.0000
   10980  0.0000
   10990  0.0000
   11000  0.0000
   11010  0.0000
   11020  0.0000
   11030  0.0000
   11040  0.0000
   11050  0.0000
   11060  0.0000
   11070  0.0000
   11080  0.0000
   11090  0.0000
   11100  0.0000
   11110  0.0000
   11120  0.0000
   11130  0.0000
   11140  0.0000
   11150  0.0000
   11160  0.0000
   11170  0.0000
   11180  0.0000
   11190  0.0000
   11200  0.0000
   11210  0.0000
   11220  0.0000
   11230  0.0000
   11240  0.0000
   11250  0.0000
   11260  0.0000
   11270  0.0000
   11280  0.0000
   11290  0.0000
   11300  0.0000
   11310  0.0000
   11320  0.0000
   11330  0.0000
   11340  0.0000
   11350  0.0000
   11360  0.0000
   11370  0.0000
   11380  0.0000
   11390  0.0000
   11400  0.0000
   11410  0.0000
   11420  0.0000
   11430  0.0000
   11440  0.0000
   11450  0.0000
   11460  0.0000
   11470  0.0000
   11480  0.0000
   11490  0.0000
   11500  0.0000
   11510  0.0000
   11520  0.0000
   11530  0.0000
   11540  0.0000
   11550  0.0000
   11560  0.0000
   11570  0.0000
   11580  0.0000
   11590  0.0000
   11600  0.0000
   11610  0.0000
   11620  0.0000
   11630  0.0000
   11640  0.0000
   11650  0.0000
   11660  0.0000
   11670  0.0000
   11680  0.0000
   11690  0.0000
   11700  0.0000
   11710  0.0000
   11720  0.0000
   11730  0.0000
   11740  0.0000
   11750  0.0000
   11760  0.0000
   11770  0.0000
   11780  0.0000
   11790  0.0000
   11800  0.0000
   11810  0.0000
   11820  0.0000
   11830  0.0000
   11840  0.0000
   11850  0.0000
   11860  0.0000
   11870  0.0000
   11880  0.0000
   11890  0.0000
   11900  0.0000
   11910  0.0000
   11920  0.0000
   11930  0.0000
   11940  0.0000
   11950  0.0000
   11960  0.0000
   11970  0.0000
   11980  0.0000
   11990  0.0000
   12000  0.0000
   12010  0.0000
   12020  0.0000
   12030  0.0000
   12040  0.0000
   12050  0.0000
   12060  0.0000
   12070  0.0000
   12080  0.0000
   12090  0.0000
   12100  0.0000
   12110  0.0000
   12120  0.0000
   12130  0.0000
   12140  0.0000
   12150  0.0000
   12160  0.0000
   12170  0.0000
   12180  0.0000
   12190  0.0000
   12200  0.0000
   12210  0.0000
   12220  0.0000
   12230  0.0000
   12240  0.0000
   12250  0.0000
   12260  0.0000
   12270  0.0000
   12280  0.0000
   12290  0.0000
   12300  0.0000
   12310  0.0000
   12320  0.0000
   12330  0.0000
   12340  0.0000
   12350  0.0000
   12360  0.0000
   12370  0.0000
   12380  0.0000
   12390  0.0000
   12400  0.0000
   12410  0.0000
   12420  0.0000
   12430  0.0000
   12440  0.0000
   12450  0.0000
   12460  0.0000
   12470  0.0000
   12480  0.0000
   12490  0.0000
   12500  0.0000
   12510  0.0000
   12520  0.0000
   12530  0.0000
   12540  0.0000
   12550  0.0000
   12560  0.0000
   12570  0.0000
   12580  0.0000
   12590  0.0000
   12600  0.0000
   12610  0.0000
   12620  0.0000
   12630  0.0000
   12640  0.0000
   12650  0.0000
   12660  0.0000
   12670  0.0000
   12680  0.0000
   12690  0.0000
   12700  0.0000
   12710  0.0000
   12720  0.0000
   12730  0.0000
   12740  0.0000
   12750  0.0000
   12760  0.0000
   12770  0.0000
   12780  0.0000
   12790  0.0000
   12800  0.0000
   12810  0.0000
   12820  0.0000
   12830  0.0000
   12840  0.0000
   12850  0.0000
   12860  0.0000
   12870  0.0000
   12880  0.0000
   12890  0.0000
   12900  0.0000
   12910  0.0000
   12920  0.0000
   12930  0.0000
   12940  0.0000
   12950  0.0000
   12960  0.0000
   12970  0.0000
   12980  0.0000
   12990  0.0000
   13000  0.0000
   13010  0.0000
   13020  0.0000
   13030  0.0000
   13040  0.0000
   13050  0.0000
   13060  0.0000
   13070  0.0000
   13080  0.0000
   13090  0.0000
   13100  0.0000
   13110  0.0000
   13120  0.0000
   13130  0.0000
   13140  0.0000
   13150  0.0000
   13160  0.0000
   13170  0.0000
   13180  0.0000
   13190  0.0000
   13200  0.0000
   13210  0.0000
   13220  0.0000
   13230  0.0000
   13240  0.0000
   13250  0.0000
   13260  0.0000
   13270  0.0000
   13280  0.0000
   13290  0.0000
   13300  0.0000
   13310  0.0000
   13320  0.0000
   13330  0.0000
   13340  0.0000
   13350  0.0000
   13360  0.0000
   13370  0.0000
   13380  0.0000
   13390  0.0000
   13400  0.0000
   13410  0.0000
   13420  0.0000
   13430  0.0000
   13440  0.0000
   13450  0.0000
   13460  0.0000
   13470  0.0000
   13480  0.0000
   13490  0.0000
   13500  0.0000
   13510  0.0000
   13520  0.0000
   13530  0.0000
   13540  0.0000
   13550  0.0000
   13560  0.0000
   13570  0.0000
   13580  0.0000
   13590  0.0000
   13600  0.0000
   13610  0.0000
   13620  0.0000
   13630  0.0000
   13640  0.0000
   13650  0.0000
   13660  0.0000
   13670  0.0000
   13680  0.0000
   13690  0.0000
   13700  0.0000
   13710  0.0000
   13720  0.0000
   13730  0.0000
   13740  0.0000
   13750  0.0000
   13760  0.0000
   13770  0.0000
   13780  0.0000
   13790  0.0000
   13800  0.0000
   13810  0.0000
   13820  0.0000
   13830  0.0000
   13840  0.0000
   13850  0.0000
   13860  0.0000
   13870  0.0000
   13880  0.0000
   13890  0.0000
   13900  0.0000
   13910  0.0000
   13920  0.0000
   13930  0.0000
   13940  0.0000
   13950  0.0000
   13960  0.0000
   13970  0.0000
   13980  0.0000
   13990  0.0000
   14000  0.0000
   14010  0.0000
   14020  0.0000
   14030  0.0000
   14040  0.0000
   14050  0.0000
   14060  0.0000
   14070  0.0000
   14080  0.0000
   14090  0.0000
   14100  0.0000
   14110  0.0000
   14120  0.0000
   14130  0.0000
   14140  0.0000
   14150  0.0000
   14160  0.0000
   14170  0.0000
   14180  0.0000
   14190  0.0000
   14200  0.0000
   14210  0.0000
   14220  0.0000
   14230  0.0000
   14240  0.0000
   14250  0.0000
   14260  0.0000
   14270  0.0000
   14280  0.0000
   14290  0.0000
   14300  0.0000
   14310  0.0000
   14320  0.0000
   14330  0.0000
   14340  0.0000
   14350  0.0000
   14360  0.0000
   14370  0.0000
   14380  0.0000
   14390  0.0000
   14400  0.0000
   14410  0.0000
   14420  0.0000
   14430  0.0000
   14440  0.0000
   14450  0.0000
   14460  0.0000
   14470  0.0000
   14480  0.0000
   14490  0.0000
   14500  0.0000
   14510  0.0000
   14520  0.0000
   14530  0.0000
   14540  0.0000
   14550  0.0000
   14560  0.0000
   14570  0.0000
   14580  0.0000
   14590  0.0000
   14600  0.0000
   14610  0.0000
   14620  0.0000
   14630  0.0000
   14640  0.0000
   14650  0.0000
   14660  0.0000
   14670  0.0000
   14680  0.0000
   14690  0.0000
   14700  0.0000
   14710  0.0000
   14720  0.0000
   14730  0.0000
   14740  0.0000
   14750  0.0000
   14760  0.0000
   14770  0.0000
   14780  0.0000
   14790  0.0000
   14800  0.0000
   14810  0.0000
   14820  0.0000
   14830  0.0000
   14840  0.0000
   14850  0.0000
   14860  0.0000
   14870  0.0000
   14880  0.0000
   14890  0.0000
   14900  0.0000
   14910  0.0000
   14920  0.0000
   14930  0.0000
   14940  0.0000
   14950  0.0000
   14960  0.0000
   14970  0.0000
   14980  0.0000
   14990  0.0000
   15000  0.0000
