       0  0.0000
      10  0.0000
      20  0.0000
      30  0.0000
      40  0.0000
      50  0.0000
      60  0.0000
      70  0.0000
      80  0.0000
      90  0.0000
     100  0.0000
     110  0.0000
     120  0.0000
     130  0.0000
     140  0.0000
     150  0.0000
     160  0.0000
     170  0.0000
     180  0.0000
     190  0.0000
     200  0.0000
     210  0.0000
     220  0.0000
     230  0.0000
     240  0.0000
     250  0.0000
     260  0.0000
     270  0.0000
     280  0.0000
     290  0.0000
     300  0.0000
     310  0.0000
     320  0.0000
     330  0.0000
     340  0.0000
     350  0.0000
     360  0.0000
     370  0.0000
     380  0.0000
     390  0.0000
     400  0.0000
     410  0.0000
     420  0.0000
     430  0.0000
     440  0.0000
     450  0.0000
     460  0.0000
     470  0.0000
     480  0.0000
     490  0.0000
     500  0.0000
     510  0.0000
     520  0.0000
     530  0.0000
     540  0.0000
     550  0.0000
     560  0.0000
     570  0.0000
     580  0.0000
     590  0.0000
     600  0.0000
     610  0.0000
     620  0.0000
     630  0.0000
     640  0.0000
     650  0.0000
     660  0.0000
     670  0.0000
     680  0.0000
     690  0.0000
     700  0.0000
     710  0.0000
     720  0.0000
     730  0.0000
     740  0.0000
     750  0.0000
     760  0.0000
     770  0.0000
     780  0.0000
     790  0.0000
     800  0.0000
     810  0.0000
     820  0.0000
     830  0.0000
     840  0.0000
     850  0.0000
     860  0.0000
     870  0.0000
     880  0.0000
     890  0.0000
     900  0.0000
     910  0.0000
     920  0.0000
     930  0.0000
     940  0.0000
     950  0.0000
     960  0.0000
     970  0.0000
     980  0.0000
     990  0.0000
    1000  0.0000
    1010  0.0000
    1020  0.0000
    1030  0.0000
    1040  0.0000
    1050  0.0000
    1060  0.0000
    1070  0.0000
    1080  0.0000
    1090  0.0000
    1100  0.0000
    1110  0.0000
    1120  0.0000
    1130  0.0000
    1140  0.0000
    1150  0.0000
    1160  0.0000
    1170  0.0000
    1180  0.0000
    1190  0.0000
    1200  0.0000
    1210  0.0000
    1220  0.0000
    1230  0.0000
    1240  0.0000
    1250  0.0000
    1260  0.0000
    1270  0.0000
    1280  0.0000
    1290  0.0000
    1300  0.0000
    1310  0.0000
    1320  0.0000
    1330  0.0000
    1340  0.0000
    1350  0.0000
    1360  0.0000
    1370  0.0000
    1380  0.0000
    1390  0.0000
    1400  0.0000
    1410  0.0000
    1420  0.0000
    1430  0.0000
    1440  0.0000
    1450  0.0000
    1460  0.0000
    1470  0.0000
    1480  0.0000
    1490  0.0000
    1500  0.0000
    1510  0.0000
    1520  0.0000
    1530  0.0000
    1540  0.0000
    1550  0.0000
    1560  0.0000
    1570 -0.0349
    1580 -0.0349
    1590 -0.0349
    1600 -0.0349
    1610 -0.0348
    1620 -0.0348
    1630 -0.0348
    1640 -0.0348
    1650 -0.0347
    1660 -0.0347
    1670 -0.0347
    1680 -0.0347
    1690 -0.0346
    1700 -0.0346
    1710 -0.0346
    1720 -0.0346
    1730 -0.0345
    1740 -0.0345
    1750 -0.0345
    1760 -0.0345
    1770 -0.0344
    1780 -0.0344
    1790 -0.0344
    1800 -0.0344
    1810 -0.0343
    1820 -0.0343
    1830 -0.0343
    1840 -0.0342
    1850 -0.0342
    1860 -0.0342
    1870 -0.0342
    1880 -0.0341
    1890 -0.0341
    1900 -0.0341
    1910 -0.0340
    1920 -0.0340
    1930 -0.0340
    1940 -0.0339
    1950 -0.0339
    1960 -0.0339
    1970 -0.0339
    1980 -0.0338
    1990 -0.0338
    2000 -0.0338
    2010 -0.0337
    2020 -0.0337
    2030 -0.0337
    2040 -0.0336
    2050 -0.0336
    2060 -0.0336
    2070 -0.0335
    2080 -0.0335
    2090 -0.0335
    2100 -0.0334
    2110 -0.0334
    2120 -0.0334
    2130 -0.0333
    2140 -0.0333
    2150 -0.0333
    2160 -0.0332
    2170 -0.0332
    2180 -0.0332
    2190 -0.0331
    2200 -0.0331
    2210 -0.0331
    2220 -0.0330
    2230 -0.0330
    2240 -0.0330
    2250 -0.0329
    2260 -0.0329
    2270 -0.0329
    2280 -0.0328
    2290 -0.0328
    2300 -0.0327
    2310 -0.0327
    2320 -0.0327
    2330 -0.0326
    2340 -0.0326
    2350 -0.0326
    2360 -0.0325
    2370 -0.0325
    2380 -0.0324
    2390 -0.0324
    2400 -0.0324
    2410 -0.0323
    2420 -0.0323
    2430 -0.0323
    2440 -0.0322
    2450 -0.0322
    2460 -0.0321
    2470 -0.0321
    2480 -0.0321
    2490 -0.0320
    2500 -0.0320
    2510 -0.0319
    2520 -0.0319
    2530 -0.0318
    2540 -0.0318
    2550 -0.0318
    2560 -0.0317
    2570 -0.0317
    2580 -0.0316
    2590 -0.0316
    2600 -0.0315
    2610 -0.0315
    2620 -0.0315
    2630 -0.0314
    2640 -0.0314
    2650 -0.0313
    2660 -0.0313
    2670 -0.0312
    2680 -0.0312
    2690 -0.0312
    2700 -0.0311
    2710 -0.0311
    2720 -0.0310
    2730 -0.0310
    2740 -0.0309
    2750 -0.0309
    2760 -0.0308
    2770 -0.0308
    2780 -0.0307
    2790 -0.0307
    2800 -0.0307
    2810 -0.0306
    2820 -0.0306
    2830 -0.0305
    2840 -0.0305
    2850 -0.0304
    2860 -0.0304
    2870 -0.0303
    2880 -0.0303
    2890 -0.0302
    2900 -0.0302
    2910 -0.0301
    2920 -0.0301
    2930 -0.0300
    2940 -0.0300
    2950 -0.0300
    2960 -0.0299
    2970 -0.0299
    2980 -0.0298
    2990 -0.0298
    3000 -0.0297
    3010 -0.0297
    3020 -0.0296
    3030 -0.0296
    3040 -0.0295
    3050 -0.0295
    3060 -0.0294
    3070 -0.0294
    3080 -0.0293
    3090 -0.0293
    3100 -0.0292
    3110 -0.0292
    3120 -0.0291
    3130 -0.0291
    3140 -0.0290
    3150 -0.0290
    3160 -0.0289
    3170 -0.0289
    3180 -0.0288
    3190 -0.0288
    3200 -0.0287
    3210 -0.0287
    3220 -0.0286
    3230 -0.0286
    3240 -0.0285
    3250 -0.0284
    3260 -0.0284
    3270 -0.0283
    3280 -0.0283
    3290 -0.0282
    3300 -0.0282
    3310 -0.0281
    3320 -0.0281
    3330 -0.0280
    3340 -0.0275
    3350 -0.0264
    3360 -0.0253
    3370 -0.0243
    3380 -0.0232
    3390 -0.0221
    3400 -0.0210
    3410 -0.0199
    3420 -0.0189
    3430 -0.0178
    3440 -0.0167
    3450 -0.0156
    3460 -0.0146
    3470 -0.0135
    3480 -0.0124
    3490 -0.0113
    3500 -0.0103
    3510 -0.0092
    3520 -0.0081
    3530 -0.0070
    3540 -0.0060
    3550 -0.0049
    3560 -0.0038
    3570 -0.0027
    3580 -0.0017
    3590 -0.0006
    3600  0.0005
    3610  0.0016
    3620  0.0027
    3630  0.0037
    3640  0.0048
    3650  0.0059
    3660  0.0070
    3670  0.0080
    3680  0.0091
    3690  0.0102
    3700  0.0113
    3710  0.0123
    3720  0.0134
    3730  0.0145
    3740  0.0156
    3750  0.0166
    3760  0.0177
    3770  0.0188
    3780  0.0199
    3790  0.0209
    3800  0.0220
    3810  0.0231
    3820  0.0242
    3830  0.0252
    3840  0.0263
    3850  0.0274
    3860  0.0285
    3870  0.0296
    3880  0.0306
    3890  0.0317
    3900  0.0328
    3910  0.0339
    3920  0.0349
    3930  0.0360
    3940  0.0371
    3950  0.0382
    3960  0.0392
    3970  0.0403
    3980  0.0414
    3990  0.0425
    4000  0.0435
    4010  0.0446
    4020  0.0457
    4030  0.0468
    4040  0.0478
    4050  0.0489
    4060  0.0500
    4070  0.0511
    4080  0.0522
    4090  0.0532
    4100  0.0543
    4110  0.0554
    4120  0.0565
    4130  0.0575
    4140  0.0586
    4150  0.0597
    4160  0.0608
    4170  0.0618
    4180  0.0629
    4190  0.0640
    4200  0.0651
    4210  0.0661
    4220  0.0672
    4230  0.0683
    4240  0.0694
    4250  0.0704
    4260  0.0715
    4270  0.0726
    4280  0.0737
    4290  0.0747
    4300  0.0758
    4310  0.0769
    4320  0.0780
    4330  0.0791
    4340  0.0801
    4350  0.0812
    4360  0.0823
    4370  0.0834
    4380  0.0844
    4390  0.0855
    4400  0.0866
    4410  0.0877
    4420  0.0887
    4430  0.0898
    4440  0.0909
    4450  0.0920
    4460  0.0930
    4470  0.0941
    4480  0.0952
    4490  0.0963
    4500  0.0973
    4510  0.0984
    4520  0.0995
    4530  0.1006
    4540  0.1017
    4550  0.1027
    4560  0.1038
    4570  0.1049
    4580  0.1060
    4590  0.1070
    4600  0.1081
    4610  0.1092
    4620  0.1103
    4630  0.1113
    4640  0.1124
    4650  0.1135
    4660  0.1146
    4670  0.1156
    4680  0.1167
    4690  0.1178
    4700  0.1189
    4710  0.1199
    4720  0.1210
    4730  0.1221
    4740  0.1232
    4750  0.1243
    4760  0.1253
    4770  0.1264
    4780  0.1275
    4790  0.1286
    4800  0.1296
    4810  0.1307
    4820  0.1318
    4830  0.1329
    4840  0.1339
    4850  0.1350
    4860  0.1361
    4870  0.1372
    4880  0.1382
    4890  0.1393
    4900  0.1404
    4910  0.1415
    4920  0.1425
    4930  0.1436
    4940  0.1447
    4950  0.1458
    4960  0.1468
    4970  0.1479
    4980  0.1490
    4990  0.1501
    5000  0.1512
    5010  0.1522
    5020  0.1533
    5030  0.1544
    5040  0.1555
    5050  0.1565
    5060  0.1576
    5070  0.1587
    5080  0.1598
    5090  0.1608
    5100  0.1619
    5110  0.1630
    5120  0.1641
    5130  0.1651
    5140  0.1662
    5150  0.1673
    5160  0.1684
    5170  0.1694
    5180  0.1705
    5190  0.1716
    5200  0.1727
    5210  0.1738
    5220  0.1748
    5230  0.1759
    5240  0.1770
    5250  0.1781
    5260  0.1791
    5270  0.1802
    5280  0.1813
    5290  0.1824
    5300  0.1834
    5310  0.1845
    5320  0.1856
    5330  0.1867
    5340  0.1877
    5350  0.1888
    5360  0.1899
    5370  0.1910
    5380  0.1920
    5390  0.1931
    5400  0.1942
    5410  0.1953
    5420  0.1963
    5430  0.1974
    5440  0.1985
    5450  0.1996
    5460  0.2007
    5470  0.2017
    5480  0.2028
    5490  0.2039
    5500  0.2050
    5510  0.2060
    5520  0.2071
    5530  0.2082
    5540  0.2093
    5550  0.2103
    5560  0.2114
    5570  0.2125
    5580  0.2136
    5590  0.2146
    5600  0.2157
    5610  0.2168
    5620  0.2179
    5630  0.2189
    5640  0.2200
    5650  0.2211
    5660  0.2222
    5670  0.2233
    5680  0.2243
    5690  0.2254
    5700  0.2265
    5710  0.2276
    5720  0.2286
    5730  0.2297
    5740  0.2308
    5750  0.2319
    5760  0.2329
    5770  0.2340
    5780  0.2351
    5790  0.2362
    5800  0.2372
    5810  0.2383
    5820  0.2394
    5830  0.2405
    5840  0.2415
    5850  0.2426
    5860  0.1647
    5870  0.0857
    5880  0.0760
    5890  0.0664
    5900  0.0568
    5910  0.0549
    5920  0.0549
    5930  0.0549
    5940  0.0549
    5950  0.0549
    5960  0.0549
    5970  0.0549
    5980  0.0549
    5990  0.0549
    6000  0.0549
    6010  0.0549
    6020  0.0549
    6030  0.0549
    6040  0.0549
    6050  0.0549
    6060  0.0549
    6070  0.0549
    6080  0.0549
    6090  0.0549
    6100  0.0549
    6110  0.0549
    6120  0.0549
    6130  0.0549
    6140  0.0549
    6150  0.0549
    6160  0.0549
    6170  0.0549
    6180  0.0549
    6190  0.0549
    6200  0.0549
    6210  0.0549
    6220  0.0549
    6230  0.0549
    6240  0.0549
    6250  0.0549
    6260  0.0549
    6270  0.0549
    6280  0.0549
    6290  0.0549
    6300  0.0549
    6310  0.0549
    6320  0.0549
    6330  0.0549
    6340  0.0549
    6350  0.0549
    6360  0.0549
    6370  0.0549
    6380  0.0549
    6390  0.0549
    6400  0.0549
    6410  0.0549
    6420  0.0549
    6430  0.0549
    6440  0.0549
    6450  0.0549
    6460  0.0549
    6470  0.0549
    6480  0.0549
    6490  0.0549
    6500  0.0549
    6510  0.0549
    6520  0.0549
    6530  0.0549
    6540  0.0549
    6550  0.0549
    6560  0.0549
    6570  0.0549
    6580  0.0549
    6590  0.0549
    6600  0.0549
    6610  0.0549
    6620  0.0549
    6630  0.0549
    6640  0.0549
    6650  0.0549
    6660  0.0549
    6670  0.0549
    6680  0.0549
    6690  0.0549
    6700  0.0549
    6710  0.0549
    6720  0.0549
    6730  0.0549
    6740  0.0549
    6750  0.0549
    6760  0.0549
    6770  0.0549
    6780  0.0549
    6790  0.0549
    6800  0.0549
    6810  0.0549
    6820  0.0549
    6830  0.0549
    6840  0.0549
    6850  0.0549
    6860  0.0549
    6870  0.0549
    6880  0.0549
    6890  0.0549
    6900  0.0549
    6910  0.0549
    6920  0.0549
    6930  0.0549
    6940  0.0549
    6950  0.0549
    6960  0.0549
    6970  0.0549
    6980  0.0549
    6990  0.0549
    7000  0.0549
    7010  0.0549
    7020  0.0549
    7030  0.0549
    7040  0.0549
    7050  0.0549
    7060  0.0549
    7070  0.0549
    7080  0.0549
    7090  0.0549
    7100  0.0549
    7110  0.0549
    7120  0.0549
    7130  0.0549
    7140  0.0549
    7150  0.0549
    7160  0.0549
    7170  0.0549
    7180  0.0549
    7190  0.0549
    7200  0.0549
    7210  0.0549
    7220  0.0549
    7230  0.0549
    7240  0.0549
    7250  0.0549
    7260  0.0549
    7270  0.0549
    7280  0.0549
    7290  0.0549
    7300  0.0549
    7310  0.0549
    7320  0.0549
    7330  0.0549
    7340  0.0549
    7350  0.0549
    7360  0.0549
    7370  0.0549
    7380  0.0550
    7390  0.0550
    7400  0.0550
    7410  0.0551
    7420  0.0551
    7430  0.0552
    7440  0.0552
    7450  0.0553
    7460  0.0553
    7470  0.0553
    7480  0.0554
    7490  0.0554
    7500  0.0555
    7510  0.0555
    7520  0.0556
    7530  0.0556
    7540  0.0556
    7550  0.0557
    7560  0.0557
    7570  0.0558
    7580  0.0558
    7590  0.0559
    7600  0.0559
    7610  0.0559
    7620  0.0560
    7630  0.0560
    7640  0.0561
    7650  0.0561
    7660  0.0562
    7670  0.0562
    7680  0.0562
    7690  0.0563
    7700  0.0563
    7710  0.0564
    7720  0.0564
    7730  0.0565
    7740  0.0565
    7750  0.0565
    7760  0.0566
    7770  0.0566
    7780  0.0567
    7790  0.0567
    7800  0.0568
    7810  0.0568
    7820  0.0569
    7830  0.0569
    7840  0.0569
    7850  0.0570
    7860  0.0570
    7870  0.0571
    7880  0.0571
    7890  0.0572
    7900  0.0572
    7910  0.0572
    7920  0.0573
    7930  0.0573
    7940  0.0574
    7950  0.0574
    7960  0.0575
    7970  0.0575
    7980  0.0575
    7990  0.0576
    8000  0.0576
    8010  0.0577
    8020  0.0577
    8030  0.0578
    8040  0.0578
    8050  0.0579
    8060  0.0579
    8070  0.0579
    8080  0.0580
    8090  0.0580
    8100  0.0581
    8110  0.0581
    8120  0.0582
    8130  0.0582
    8140  0.0583
    8150  0.0583
    8160  0.0583
    8170  0.0584
    8180  0.0584
    8190  0.0585
    8200  0.0585
    8210  0.0586
    8220  0.0586
    8230  0.0587
    8240  0.0587
    8250  0.0587
    8260  0.0588
    8270  0.0588
    8280  0.0589
    8290  0.0589
    8300  0.0590
    8310  0.0590
    8320  0.0590
    8330  0.0591
    8340  0.0591
    8350  0.0592
    8360  0.0592
    8370  0.0593
    8380  0.0593
    8390  0.0594
    8400  0.0594
    8410  0.0595
    8420  0.0595
    8430  0.0595
    8440  0.0596
    8450  0.0596
    8460  0.0597
    8470  0.0597
    8480  0.0598
    8490  0.0598
    8500  0.0599
    8510  0.0599
    8520  0.0599
    8530  0.0600
    8540  0.0600
    8550  0.0601
    8560  0.0601
    8570  0.0602
    8580  0.0602
    8590  0.0603
    8600  0.0603
    8610  0.0603
    8620  0.0604
    8630  0.0604
    8640  0.0605
    8650  0.0605
    8660  0.0606
    8670  0.0606
    8680  0.0607
    8690  0.0607
    8700  0.0608
    8710  0.0608
    8720  0.0608
    8730  0.0609
    8740  0.0609
    8750  0.0610
    8760  0.0610
    8770  0.0611
    8780  0.0611
    8790  0.0612
    8800  0.0612
    8810  0.0613
    8820  0.0613
    8830  0.0613
    8840  0.0614
    8850  0.0614
    8860  0.0615
    8870  0.0615
    8880  0.0616
    8890  0.0616
    8900  0.0617
    8910  0.0617
    8920  0.0618
    8930  0.0618
    8940  0.0618
    8950  0.0619
    8960  0.0619
    8970  0.0620
    8980  0.0620
    8990  0.0621
    9000  0.0621
    9010  0.0622
    9020  0.0622
    9030  0.0623
    9040  0.0623
    9050  0.0624
    9060  0.0624
    9070  0.0624
    9080  0.0625
    9090  0.0625
    9100  0.0626
    9110  0.0626
    9120  0.0627
    9130  0.0627
    9140  0.0628
    9150  0.0628
    9160  0.0629
    9170  0.0629
    9180  0.0630
    9190  0.0630
    9200  0.0630
    9210  0.0651
    9220  0.0653
    9230  0.0655
    9240  0.0656
    9250  0.0658
    9260  0.0660
    9270  0.0662
    9280  0.0663
    9290  0.0665
    9300  0.0667
    9310  0.0668
    9320  0.0670
    9330  0.0672
    9340  0.0674
    9350  0.0676
    9360  0.0677
    9370  0.0679
    9380  0.0681
    9390  0.0683
    9400  0.0685
    9410  0.0686
    9420  0.0688
    9430  0.0690
    9440  0.0692
    9450  0.0694
    9460  0.0696
    9470  0.0698
    9480  0.0700
    9490  0.0702
    9500  0.0703
    9510  0.0705
    9520  0.0707
    9530  0.0709
    9540  0.0711
    9550  0.0713
    9560  0.0715
    9570  0.0717
    9580  0.0719
    9590  0.0721
    9600  0.0723
    9610  0.0725
    9620  0.0727
    9630  0.0729
    9640  0.0731
    9650  0.0733
    9660  0.0735
    9670  0.0737
    9680  0.0739
    9690  0.0741
    9700  0.0743
    9710  0.0745
    9720  0.0747
    9730  0.0749
    9740  0.0751
    9750  0.0753
    9760  0.0755
    9770  0.0757
    9780  0.0759
    9790  0.0761
    9800  0.0763
    9810  0.0765
    9820  0.0768
    9830  0.0770
    9840  0.0772
    9850  0.0774
    9860  0.0776
    9870  0.0778
    9880  0.0780
    9890  0.0782
    9900  0.0784
    9910  0.0786
    9920  0.0789
    9930  0.0791
    9940  0.0793
    9950  0.0795
    9960  0.0797
    9970  0.0799
    9980  0.0801
    9990  0.0804
   10000  0.0806
   10010  0.0808
   10020  0.0810
   10030  0.0812
   10040  0.0814
   10050  0.0817
   10060  0.0819
   10070  0.0821
   10080  0.0823
   10090  0.0825
   10100  0.0828
   10110  0.0830
   10120  0.0832
   10130  0.0834
   10140  0.0836
   10150  0.0839
   10160  0.0841
   10170  0.0843
   10180  0.0845
   10190  0.0848
   10200  0.0850
   10210  0.0852
   10220  0.0855
   10230  0.0857
   10240  0.0859
   10250  0.0861
   10260  0.0864
   10270  0.0866
   10280  0.0868
   10290  0.0871
   10300  0.0873
   10310  0.0875
   10320  0.0878
   10330  0.0880
   10340  0.0882
   10350  0.0885
   10360  0.0887
   10370  0.0890
   10380  0.0892
   10390  0.0894
   10400  0.0897
   10410  0.0899
   10420  0.0902
   10430  0.0904
   10440  0.0907
   10450  0.0909
   10460  0.0911
   10470  0.0914
   10480  0.0916
   10490  0.0919
   10500  0.0921
   10510  0.0924
   10520  0.0926
   10530  0.0929
   10540  0.0932
   10550  0.0934
   10560  0.0937
   10570  0.0939
   10580  0.0942
   10590  0.0944
   10600  0.0947
   10610  0.0950
   10620  0.0952
   10630  0.0955
   10640  0.0957
   10650  0.0960
   10660  0.0963
   10670  0.0965
   10680  0.0968
   10690  0.0971
   10700  0.0973
   10710  0.0976
   10720  0.0979
   10730  0.0981
   10740  0.0984
   10750  0.0987
   10760  0.0989
   10770  0.0992
   10780  0.0995
   10790  0.0998
   10800  0.1000
   10810  0.1003
   10820  0.1006
   10830  0.1008
   10840  0.1011
   10850  0.1014
   10860  0.1017
   10870  0.1019
   10880  0.1022
   10890  0.1025
   10900  0.1014
   10910  0.1021
   10920  0.1027
   10930  0.1034
   10940  0.1041
   10950  0.1047
   10960  0.1054
   10970  0.1060
   10980  0.1067
   10990  0.1073
   11000  0.1080
   11010  0.1087
   11020  0.1093
   11030  0.1100
   11040  0.1106
   11050  0.1113
   11060  0.1119
   11070  0.1126
   11080  0.1133
   11090  0.1139
   11100  0.1146
   11110  0.1152
   11120  0.1159
   11130  0.1166
   11140  0.1172
   11150  0.1179
   11160  0.1185
   11170  0.1192
   11180  0.1199
   11190  0.1205
   11200  0.1212
   11210  0.1218
   11220  0.1225
   11230  0.1232
   11240  0.1238
   11250  0.1245
   11260  0.1252
   11270  0.1258
   11280  0.1265
   11290  0.1271
   11300  0.1278
   11310  0.1285
   11320  0.1291
   11330  0.1298
   11340  0.1304
   11350  0.1311
   11360  0.1318
   11370  0.1324
   11380  0.1331
   11390  0.1337
   11400  0.1344
   11410  0.1351
   11420  0.1358
   11430  0.1364
   11440  0.1371
   11450  0.1378
   11460  0.1385
   11470  0.1391
   11480  0.1398
   11490  0.1405
   11500  0.1411
   11510  0.1418
   11520  0.1425
   11530  0.1432
   11540  0.1438
   11550  0.1445
   11560  0.1452
   11570  0.1459
   11580  0.1465
   11590  0.1472
   11600  0.1479
   11610  0.1486
   11620  0.1492
   11630  0.1499
   11640  0.1506
   11650  0.1513
   11660  0.1519
   11670  0.1526
   11680  0.1533
   11690  0.1540
   11700  0.1547
   11710  0.1553
   11720  0.1560
   11730  0.1567
   11740  0.1574
   11750  0.1581
   11760  0.1587
   11770  0.1594
   11780  0.1601
   11790  0.1608
   11800  0.1614
   11810  0.1621
   11820  0.1628
   11830  0.1635
   11840  0.1642
   11850  0.1648
   11860  0.1655
   11870  0.1662
   11880  0.1669
   11890  0.1675
   11900  0.1682
   11910  0.1686
   11920  0.1678
   11930  0.1670
   11940  0.1661
   11950  0.1653
   11960  0.1645
   11970  0.1636
   11980  0.1628
   11990  0.1620
   12000  0.1612
   12010  0.1603
   12020  0.1595
   12030  0.1587
   12040  0.1579
   12050  0.1570
   12060  0.1562
   12070  0.1554
   12080  0.1545
   12090  0.1537
   12100  0.1529
   12110  0.1521
   12120  0.1512
   12130  0.1504
   12140  0.1496
   12150  0.1488
   12160  0.1479
   12170  0.1471
   12180  0.1463
   12190  0.1454
   12200  0.1446
   12210  0.1438
   12220  0.1430
   12230  0.1421
   12240  0.1413
   12250  0.1405
   12260  0.1397
   12270  0.1388
   12280  0.1380
   12290  0.1372
   12300  0.1363
   12310  0.1355
   12320  0.1347
   12330  0.1339
   12340  0.1330
   12350  0.1322
   12360  0.1314
   12370  0.1306
   12380  0.1297
   12390  0.1289
   12400  0.1281
   12410  0.1273
   12420  0.1264
   12430  0.1256
   12440  0.1248
   12450  0.1239
   12460  0.1231
   12470  0.1223
   12480  0.1215
   12490  0.1206
   12500  0.1198
   12510  0.1190
   12520  0.1182
   12530  0.1173
   12540  0.1165
   12550  0.1157
   12560  0.1148
   12570  0.1140
   12580  0.1132
   12590  0.1124
   12600  0.1115
   12610  0.1107
   12620  0.1099
   12630  0.1091
   12640  0.1082
   12650  0.1074
   12660  0.1066
   12670  0.1057
   12680  0.1049
   12690  0.1041
   12700  0.1033
   12710  0.1024
   12720  0.1016
   12730  0.1008
   12740  0.1000
   12750  0.0991
   12760  0.0983
   12770  0.0975
   12780  0.0966
   12790  0.0958
   12800  0.0950
   12810  0.0942
   12820  0.0933
   12830  0.0925
   12840  0.0917
   12850  0.0909
   12860  0.0900
   12870  0.0892
   12880  0.0884
   12890  0.0875
   12900  0.0867
   12910  0.0859
   12920  0.0851
   12930  0.0842
   12940  0.0834
   12950  0.0826
   12960  0.0818
   12970  0.0809
   12980  0.0801
   12990  0.0793
   13000  0.0785
   13010  0.0776
   13020  0.0768
   13030  0.0760
   13040  0.0751
   13050  0.0743
   13060  0.0735
   13070  0.0727
   13080  0.0718
   13090  0.0710
   13100  0.0702
   13110  0.0694
   13120  0.0685
   13130  0.0677
   13140  0.0669
   13150  0.0660
   13160  0.0652
   13170  0.0644
   13180  0.0636
   13190  0.0627
   13200  0.0619
   13210  0.0611
   13220  0.0603
   13230  0.0594
   13240  0.0586
   13250  0.0578
   13260  0.0569
   13270  0.0561
   13280  0.0553
   13290  0.0545
   13300  0.0536
   13310  0.0528
   13320  0.0520
   13330  0.0512
   13340  0.0503
   13350  0.0000
   13360  0.0000
   13370  0.0000
   13380  0.0000
   13390  0.0000
   13400  0.0000
   13410  0.0000
   13420  0.0000
   13430  0.0000
   13440  0.0000
   13450  0.0000
   13460  0.0000
   13470  0.0000
   13480  0.0000
   13490  0.0000
   13500  0.0000
   13510  0.0000
   13520  0.0000
   13530  0.0000
   13540  0.0000
   13550  0.0000
   13560  0.0000
   13570  0.0000
   13580  0.0000
   13590  0.0000
   13600  0.0000
   13610  0.0000
   13620  0.0000
   13630  0.0000
   13640  0.0000
   13650  0.0000
   13660  0.0000
   13670  0.0000
   13680  0.0000
   13690  0.0000
   13700  0.0000
   13710  0.0000
   13720  0.0000
   13730  0.0000
   13740  0.0000
   13750  0.0000
   13760  0.0000
   13770  0.0000
   13780  0.0000
   13790  0.0000
   13800  0.0000
   13810  0.0000
   13820  0.0000
   13830  0.0000
   13840  0.0000
   13850  0.0000
   13860  0.0000
   13870  0.0000
   13880  0.0000
   13890  0.0000
   13900  0.0000
   13910  0.0000
   13920  0.0000
   13930  0.0000
   13940  0.0000
   13950  0.0000
   13960  0.0000
   13970  0.0000
   13980  0.0000
   13990  0.0000
   14000  0.0000
   14010  0.0000
   14020  0.0000
   14030  0.0000
   14040  0.0000
   14050  0.0000
   14060  0.0000
   14070  0.0000
   14080  0.0000
   14090  0.0000
   14100  0.0000
   14110  0.0000
   14120  0.0000
   14130  0.0000
   14140  0.0000
   14150  0.0000
   14160  0.0000
   14170  0.0000
   14180  0.0000
   14190  0.0000
   14200  0.0000
   14210  0.0000
   14220  0.0000
   14230  0.0000
   14240  0.0000
   14250  0.0000
   14260  0.0000
   14270  0.0000
   14280  0.0000
   14290  0.0000
   14300  0.0000
   14310  0.0000
   14320  0.0000
   14330  0.0000
   14340  0.0000
   14350  0.0000
   14360  0.0000
   14370  0.0000
   14380  0.0000
   14390  0.0000
   14400  0.0000
   14410  0.0000
   14420  0.0000
   14430  0.0000
   14440  0.0000
   14450  0.0000
   14460  0.0000
   14470  0.0000
   14480  0.0000
   14490  0.0000
   14500  0.0000
   14510  0.0000
   14520  0.0000
   14530  0.0000
   14540  0.0000
   14550  0.0000
   14560  0.0000
   14570  0.0000
   14580  0.0000
   14590  0.0000
   14600  0.0000
   14610  0.0000
   14620  0.0000
   14630  0.0000
   14640  0.0000
   14650  0.0000
   14660  0.0000
   14670  0.0000
   14680  0.0000
   14690  0.0000
   14700  0.0000
   14710  0.0000
   14720  0.0000
   14730  0.0000
   14740  0.0000
   14750  0.0000
   14760  0.0000
   14770  0.0000
   14780  0.0000
   14790  0.0000
   14800  0.0000
   14810  0.0000
   14820  0.0000
   14830  0.0000
   14840  0.0000
   14850  0.0000
   14860  0.0000
   14870  0.0000
   14880  0.0000
   14890  0.0000
   14900  0.0000
   14910  0.0000
   14920  0.0000
   14930  0.0000
   14940  0.0000
   14950  0.0000
   14960  0.0000
   14970  0.0000
   14980  0.0000
   14990  0.0000
   15000  0.0000
