       0  0.0000
      10  0.0000
      20  0.0000
      30  0.0000
      40  0.0000
      50  0.0000
      60  0.0000
      70  0.0000
      80  0.0000
      90  0.0000
     100  0.0000
     110  0.0000
     120  0.0000
     130  0.0000
     140  0.0000
     150  0.0000
     160  0.0000
     170  0.0000
     180  0.0000
     190  0.0000
     200  0.0000
     210  0.0000
     220  0.0000
     230  0.0000
     240  0.0000
     250  0.0000
     260  0.0000
     270  0.0000
     280  0.0000
     290  0.0000
     300  0.0000
     310  0.0000
     320  0.0000
     330  0.0000
     340  0.0000
     350  0.0000
     360  0.0000
     370  0.0000
     380  0.0000
     390  0.0000
     400  0.0000
     410  0.0000
     420  0.0000
     430  0.0000
     440  0.0000
     450  0.0000
     460  0.0000
     470  0.0000
     480  0.0000
     490  0.0000
     500  0.0000
     510  0.0000
     520  0.0000
     530  0.0000
     540  0.0000
     550  0.0000
     560  0.0000
     570  0.0000
     580  0.0000
     590  0.0000
     600  0.0000
     610  0.0000
     620  0.0000
     630  0.0000
     640  0.0000
     650  0.0000
     660  0.0000
     670  0.0000
     680  0.0000
     690  0.0000
     700  0.0000
     710  0.0000
     720  0.0000
     730  0.0000
     740  0.0000
     750  0.0000
     760  0.0000
     770  0.0000
     780  0.0000
     790  0.0000
     800  0.0000
     810  0.0000
     820  0.0000
     830  0.0000
     840  0.0000
     850  0.0000
     860  0.0000
     870  0.0000
     880  0.0000
     890  0.0000
     900  0.0000
     910  0.0000
     920  0.0000
     930  0.0000
     940  0.0000
     950  0.0000
     960  0.0000
     970  0.0365
     980  0.0385
     990  0.0394
    1000  0.0386
    1010  0.0378
    1020  0.0354
    1030  0.0330
    1040  0.0340
    1050  0.0367
    1060  0.0388
    1070  0.0393
    1080  0.0398
    1090  0.0351
    1100  0.0303
    1110  0.0306
    1120  0.0341
    1130  0.0370
    1140  0.0383
    1150  0.0397
    1160  0.0397
    1170  0.0397
    1180  0.0392
    1190  0.0385
    1200  0.0380
    1210  0.0383
    1220  0.0386
    1230  0.0383
    1240  0.0379
    1250  0.0338
    1260  0.0263
    1270  0.0201
    1280  0.0000
    1290  0.0000
    1300  0.0000
    1310  0.0000
    1320  0.0000
    1330  0.0000
    1340  0.0000
    1350  0.0000
    1360  0.0000
    1370  0.0000
    1380  0.0000
    1390  0.0000
    1400  0.0000
    1410  0.0000
    1420  0.0000
    1430  0.0000
    1440  0.0000
    1450  0.0000
    1460  0.0000
    1470  0.0000
    1480  0.0000
    1490  0.0000
    1500  0.0000
    1510  0.0000
    1520  0.0000
    1530  0.0000
    1540  0.0000
    1550  0.0000
    1560  0.0000
    1570  0.0000
    1580  0.0000
    1590  0.0000
    1600  0.0000
    1610  0.0000
    1620  0.0000
    1630  0.0000
    1640  0.0000
    1650  0.0000
    1660  0.0000
    1670  0.0000
    1680  0.0000
    1690  0.0000
    1700  0.0000
    1710  0.0000
    1720  0.0000
    1730  0.0000
    1740  0.0000
    1750  0.0000
    1760  0.0000
    1770  0.0000
    1780  0.0000
    1790  0.0000
    1800  0.0000
    1810  0.0000
    1820  0.0000
    1830  0.0000
    1840  0.0000
    1850  0.0000
    1860  0.0000
    1870  0.0000
    1880  0.0000
    1890  0.0000
    1900  0.0000
    1910  0.0000
    1920  0.0000
    1930  0.0000
    1940  0.0000
    1950  0.0000
    1960  0.0000
    1970  0.0000
    1980  0.0000
    1990  0.0000
    2000  0.0000
    2010  0.0000
    2020  0.0000
    2030  0.0000
    2040  0.0000
    2050  0.0000
    2060  0.0000
    2070  0.0000
    2080  0.0000
    2090  0.0000
    2100  0.0000
    2110  0.0000
    2120  0.0000
    2130  0.0000
    2140  0.0000
    2150  0.0000
    2160  0.0000
    2170  0.0000
    2180  0.0000
    2190  0.0000
    2200  0.0000
    2210  0.0000
    2220  0.0000
    2230  0.0000
    2240  0.0000
    2250  0.0000
    2260  0.0000
    2270  0.0000
    2280  0.0000
    2290  0.0000
    2300  0.0000
    2310  0.0000
    2320  0.0000
    2330  0.0000
    2340  0.0000
    2350  0.0000
    2360  0.0000
    2370  0.0000
    2380  0.0000
    2390  0.0000
    2400  0.0000
    2410  0.0000
    2420  0.0000
    2430  0.0000
    2440  0.0000
    2450  0.0000
    2460  0.0000
    2470  0.0000
    2480  0.0000
    2490  0.0000
    2500  0.0000
    2510  0.0000
    2520  0.0000
    2530  0.0000
    2540  0.0000
    2550  0.0000
    2560  0.0000
    2570  0.0000
    2580  0.0000
    2590  0.0000
    2600  0.0000
    2610  0.0000
    2620  0.0000
    2630  0.0000
    2640  0.0000
    2650  0.0000
    2660  0.0000
    2670  0.0000
    2680  0.0000
    2690  0.0000
    2700  0.0000
    2710  0.0000
    2720  0.0000
    2730  0.0000
    2740  0.0000
    2750  0.0000
    2760  0.0000
    2770  0.0000
    2780  0.0000
    2790  0.0000
    2800  0.0000
    2810  0.0000
    2820  0.0000
    2830  0.0000
    2840  0.0000
    2850  0.0000
    2860  0.0000
    2870  0.0323
    2880  0.0295
    2890  0.0265
    2900  0.0235
    2910  0.0218
    2920  0.0217
    2930  0.0215
    2940  0.0200
    2950  0.0184
    2960  0.0248
    2970  0.0333
    2980  0.0379
    2990  0.0375
    3000  0.0373
    3010  0.0381
    3020  0.0388
    3030  0.0382
    3040  0.0374
    3050  0.0372
    3060  0.0379
    3070  0.0385
    3080  0.0380
    3090  0.0375
    3100  0.0378
    3110  0.0382
    3120  0.0386
    3130  0.0392
    3140  0.0396
    3150  0.0395
    3160  0.0394
    3170  0.0391
    3180  0.0387
    3190  0.0386
    3200  0.0388
    3210  0.0381
    3220  0.0321
    3230  0.0261
    3240  0.0218
    3250  0.0179
    3260  0.0155
    3270  0.0145
    3280  0.0147
    3290  0.0204
    3300  0.0260
    3310  0.0302
    3320  0.0342
    3330  0.0367
    3340  0.0378
    3350  0.0387
    3360  0.0392
    3370  0.0396
    3380  0.0363
    3390  0.0325
    3400  0.0252
    3410  0.0149
    3420  0.0095
    3430  0.0230
    3440  0.0365
    3450  0.0386
    3460  0.0391
    3470  0.0378
    3480  0.0352
    3490  0.0322
    3500  0.0280
    3510  0.0238
    3520  0.0166
    3530  0.0090
    3540  0.0142
    3550  0.0286
    3560  0.0393
    3570  0.0395
    3580  0.0397
    3590  0.0397
    3600  0.0396
    3610  0.0384
    3620  0.0365
    3630  0.0315
    3640  0.0187
    3650  0.0060
    3660  0.0052
    3670  0.0050
    3680  0.0046
    3690  0.0041
    3700  0.0036
    3710  0.0033
    3720  0.0030
    3730  0.0032
    3740  0.0034
    3750  0.0445
    3760  0.0434
    3770  0.0415
    3780  0.0376
    3790  0.0337
    3800  0.0376
    3810  0.0426
    3820  0.0460
    3830  0.0478
    3840  0.0485
    3850  0.0390
    3860  0.0295
    3870  0.0275
    3880  0.0285
    3890  0.0303
    3900  0.0336
    3910  0.0368
    3920  0.0413
    3930  0.0459
    3940  0.0476
    3950  0.0469
    3960  0.0455
    3970  0.0397
    3980  0.0339
    3990  0.0324
    4000  0.0322
    4010  0.0316
    4020  0.0303
    4030  0.0291
    4040  0.0353
    4050  0.0417
    4060  0.0401
    4070  0.0331
    4080  0.0288
    4090  0.0361
    4100  0.0434
    4110  0.0459
    4120  0.0471
    4130  0.0481
    4140  0.0487
    4150  0.0488
    4160  0.0342
    4170  0.0196
    4180  0.0142
    4190  0.0142
    4200  0.0145
    4210  0.0163
    4220  0.0180
    4230  0.0281
    4240  0.0395
    4250  0.0465
    4260  0.0482
    4270  0.0498
    4280  0.0497
    4290  0.0497
    4300  0.0496
    4310  0.0494
    4320  0.0490
    4330  0.0478
    4340  0.0467
    4350  0.0394
    4360  0.0314
    4370  0.0318
    4380  0.0404
    4390  0.0480
    4400  0.0485
    4410  0.0490
    4420  0.0492
    4430  0.0493
    4440  0.0487
    4450  0.0470
    4460  0.0453
    4470  0.0461
    4480  0.0470
    4490  0.0454
    4500  0.0421
    4510  0.0399
    4520  0.0440
    4530  0.0481
    4540  0.0483
    4550  0.0473
    4560  0.0470
    4570  0.0480
    4580  0.0489
    4590  0.0490
    4600  0.0491
    4610  0.0480
    4620  0.0461
    4630  0.0451
    4640  0.0470
    4650  0.0489
    4660  0.0492
    4670  0.0493
    4680  0.0482
    4690  0.0456
    4700  0.0430
    4710  0.0404
    4720  0.0378
    4730  0.0402
    4740  0.0452
    4750  0.0488
    4760  0.0483
    4770  0.0477
    4780  0.0458
    4790  0.0438
    4800  0.0361
    4810  0.0222
    4820  0.0102
    4830  0.0160
    4840  0.0218
    4850  0.0268
    4860  0.0316
    4870  0.0355
    4880  0.0375
    4890  0.0395
    4900  0.0431
    4910  0.0469
    4920  0.0465
    4930  0.0424
    4940  0.0391
    4950  0.0417
    4960  0.0443
    4970  0.0458
    4980  0.0470
    4990  0.0470
    5000  0.0450
    5010  0.0429
    5020  0.0420
    5030  0.0411
    5040  0.0417
    5050  0.0435
    5060  0.0450
    5070  0.0459
    5080  0.0468
    5090  0.0471
    5100  0.0473
    5110  0.0471
    5120  0.0464
    5130  0.0458
    5140  0.0466
    5150  0.0475
    5160  0.0484
    5170  0.0493
    5180  0.0500
    5190  0.0499
    5200  0.0499
    5210  0.0498
    5220  0.0497
    5230  0.0496
    5240  0.0496
    5250  0.0496
    5260  0.0495
    5270  0.0494
    5280  0.0495
    5290  0.0496
    5300  0.0498
    5310  0.0498
    5320  0.0498
    5330  0.0439
    5340  0.0371
    5350  0.0324
    5360  0.0298
    5370  0.0268
    5380  0.0216
    5390  0.0163
    5400  0.0176
    5410  0.0215
    5420  0.0274
    5430  0.0378
    5440  0.0481
    5450  0.0336
    5460  0.0175
    5470  0.0148
    5480  0.0233
    5490  0.0000
    5500  0.0000
    5510  0.0000
    5520  0.0000
    5530  0.0000
    5540  0.0000
    5550  0.0000
    5560  0.0000
    5570  0.0000
    5580  0.0000
    5590  0.0000
    5600  0.0000
    5610  0.0000
    5620  0.0000
    5630  0.0000
    5640  0.0000
    5650  0.0000
    5660  0.0000
    5670  0.0000
    5680  0.0000
    5690  0.0000
    5700  0.0000
    5710  0.0000
    5720  0.0000
    5730  0.0000
    5740  0.0000
    5750  0.0000
    5760  0.0000
    5770  0.0000
    5780  0.0000
    5790  0.0000
    5800  0.0000
    5810  0.0000
    5820  0.0000
    5830  0.0000
    5840  0.0000
    5850  0.0000
    5860  0.0000
    5870  0.0000
    5880  0.0000
    5890  0.0000
    5900  0.0000
    5910  0.0000
    5920  0.0000
    5930  0.0000
    5940  0.0000
    5950  0.0000
    5960  0.0000
    5970  0.0000
    5980  0.0000
    5990  0.0000
    6000  0.0000
    6010  0.0000
    6020  0.0000
    6030  0.0000
    6040  0.0000
    6050  0.0000
    6060  0.0000
    6070  0.0000
    6080  0.0000
    6090  0.0000
    6100  0.0000
    6110  0.0000
    6120  0.0000
    6130  0.0000
    6140  0.0000
    6150  0.0000
    6160  0.0000
    6170  0.0000
    6180  0.0000
    6190  0.0000
    6200  0.0000
    6210  0.0000
    6220  0.0000
    6230  0.0000
    6240  0.0000
    6250  0.0000
    6260  0.0000
    6270  0.0000
    6280  0.0000
    6290  0.0000
    6300  0.0000
    6310  0.0000
    6320  0.0000
    6330  0.0000
    6340  0.0000
    6350  0.0000
    6360  0.0000
    6370  0.0000
    6380  0.0000
    6390  0.0000
    6400  0.0000
    6410  0.0000
    6420  0.0000
    6430  0.0000
    6440  0.0000
    6450  0.0000
    6460  0.0000
    6470  0.0000
    6480  0.0000
    6490  0.0000
    6500  0.0000
    6510  0.0000
    6520  0.0000
    6530  0.0000
    6540  0.0000
    6550  0.0000
    6560  0.0000
    6570  0.0000
    6580  0.0000
    6590  0.0000
    6600  0.0000
    6610  0.0000
    6620  0.0000
    6630  0.0000
    6640  0.0000
    6650  0.0000
    6660  0.0000
    6670  0.0000
    6680  0.0000
    6690  0.0000
    6700  0.0000
    6710  0.0000
    6720  0.0000
    6730  0.0000
    6740  0.0000
    6750  0.0000
    6760  0.0000
    6770  0.0000
    6780  0.0000
    6790  0.0000
    6800  0.0000
    6810  0.0000
    6820  0.0000
    6830  0.0000
    6840  0.0000
    6850  0.0000
    6860  0.0000
    6870  0.0000
    6880  0.0000
    6890  0.0000
    6900  0.0000
    6910  0.0000
    6920  0.0000
    6930  0.0000
    6940  0.0000
    6950  0.0000
    6960  0.0000
    6970  0.0000
    6980  0.0000
    6990  0.0000
    7000  0.0000
    7010  0.0000
    7020  0.0000
    7030  0.0000
    7040  0.0000
    7050  0.0000
    7060  0.0000
    7070  0.0000
    7080  0.0000
    7090  0.0000
    7100  0.0000
    7110  0.0000
    7120  0.0000
    7130  0.0000
    7140  0.0000
    7150  0.0000
    7160  0.0000
    7170  0.0000
    7180  0.0000
    7190  0.0000
    7200  0.0000
    7210  0.0000
    7220  0.0000
    7230  0.0000
    7240  0.0000
    7250  0.0000
    7260  0.0000
    7270  0.0000
    7280  0.0000
    7290  0.0000
    7300  0.0000
    7310  0.0000
    7320  0.0000
    7330  0.0000
    7340  0.0000
    7350  0.0000
    7360  0.0000
    7370  0.0000
    7380  0.0000
    7390  0.0000
    7400  0.0000
    7410  0.0000
    7420  0.0000
    7430  0.0000
    7440  0.0000
    7450  0.0000
    7460  0.0000
    7470  0.0000
    7480  0.0000
    7490  0.0000
    7500  0.0000
    7510  0.0000
    7520  0.0000
    7530  0.0000
    7540  0.0000
    7550  0.0000
    7560  0.0000
    7570  0.0000
    7580  0.0000
    7590  0.0000
    7600  0.0000
    7610  0.0000
    7620  0.0000
    7630  0.0000
    7640  0.0000
    7650  0.0000
    7660  0.0000
    7670  0.0000
    7680  0.0000
    7690  0.0000
    7700  0.0000
    7710  0.0000
    7720  0.0000
    7730  0.0000
    7740  0.0000
    7750  0.0000
    7760  0.0000
    7770  0.0000
    7780  0.0000
    7790  0.0000
    7800  0.0000
    7810  0.0000
    7820  0.0000
    7830  0.0000
    7840  0.0000
    7850  0.0000
    7860  0.0000
    7870  0.0000
    7880  0.0000
    7890  0.0000
    7900  0.0000
    7910  0.0000
    7920  0.0000
    7930  0.0000
    7940  0.0000
    7950  0.0000
    7960  0.0726
    7970  0.0740
    7980  0.0744
    7990  0.0747
    8000  0.0749
    8010  0.0749
    8020  0.0741
    8030  0.0718
    8040  0.0729
    8050  0.0741
    8060  0.0720
    8070  0.0689
    8080  0.0325
    8090  0.0099
    8100  0.0295
    8110  0.0579
    8120  0.0517
    8130  0.0219
    8140  0.0590
    8150  0.0710
    8160  0.0698
    8170  0.0632
    8180  0.0650
    8190  0.0705
    8200  0.0722
    8210  0.0733
    8220  0.0743
    8230  0.0739
    8240  0.0733
    8250  0.0716
    8260  0.0716
    8270  0.0690
    8280  0.0570
    8290  0.0556
    8300  0.0718
    8310  0.0709
    8320  0.0694
    8330  0.0682
    8340  0.0714
    8350  0.0732
    8360  0.0741
    8370  0.0738
    8380  0.0739
    8390  0.0738
    8400  0.0708
    8410  0.0676
    8420  0.0703
    8430  0.0676
    8440  0.0694
    8450  0.0680
    8460  0.0648
    8470  0.0566
    8480  0.0497
    8490  0.0410
    8500  0.0235
    8510  0.0665
    8520  0.0685
    8530  0.0707
    8540  0.0709
    8550  0.0694
    8560  0.0657
    8570  0.0656
    8580  0.0622
    8590  0.0401
    8600  0.0113
    8610  0.0087
    8620  0.0135
    8630  0.0320
    8640  0.0257
    8650  0.0433
    8660  0.0645
    8670  0.0703
    8680  0.0723
    8690  0.0735
    8700  0.0705
    8710  0.0587
    8720  0.0619
    8730  0.0520
    8740  0.0634
    8750  0.0694
    8760  0.0659
    8770  0.0560
    8780  0.0302
    8790  0.0100
    8800  0.0397
    8810  0.0203
    8820  0.0546
    8830  0.0709
    8840  0.0694
    8850  0.0620
    8860  0.0523
    8870  0.0412
    8880  0.0322
    8890  0.0202
    8900  0.0213
    8910  0.0547
    8920  0.0666
    8930  0.0707
    8940  0.0577
    8950  0.0518
    8960  0.0638
    8970  0.0687
    8980  0.0725
    8990  0.0696
    9000  0.0496
    9010  0.0603
    9020  0.0407
    9030  0.0457
    9040  0.0517
    9050  0.0542
    9060  0.0683
    9070  0.0563
    9080  0.0346
    9090  0.0469
    9100  0.0440
    9110  0.0255
    9120  0.0475
    9130  0.0649
    9140  0.0665
    9150  0.0705
    9160  0.0743
    9170  0.0000
    9180  0.0000
    9190  0.0000
    9200  0.0000
    9210  0.0000
    9220  0.0000
    9230  0.0000
    9240  0.0000
    9250  0.0000
    9260  0.0000
    9270  0.0000
    9280  0.0000
    9290  0.0000
    9300  0.0000
    9310  0.0000
    9320  0.0000
    9330  0.0000
    9340  0.0000
    9350  0.0000
    9360  0.0000
    9370  0.0000
    9380  0.0000
    9390  0.0000
    9400  0.0000
    9410  0.0000
    9420  0.0000
    9430  0.0000
    9440  0.0000
    9450  0.0000
    9460  0.0000
    9470  0.0000
    9480  0.0000
    9490  0.0000
    9500  0.0000
    9510  0.0000
    9520  0.0000
    9530  0.0000
    9540  0.0000
    9550  0.0000
    9560  0.0000
    9570  0.0000
    9580  0.0000
    9590  0.0000
    9600  0.0000
    9610  0.0000
    9620  0.0000
    9630  0.0000
    9640  0.0000
    9650  0.0000
    9660  0.0000
    9670  0.0000
    9680  0.0000
    9690  0.0000
    9700  0.0000
    9710  0.0000
    9720  0.0000
    9730  0.0000
    9740  0.0000
    9750  0.0000
    9760  0.0000
    9770  0.0000
    9780  0.0000
    9790  0.0000
    9800  0.0000
    9810  0.0000
    9820  0.0000
    9830  0.0000
    9840  0.0000
    9850  0.0000
    9860  0.0000
    9870  0.0000
    9880  0.0000
    9890  0.0000
    9900  0.0000
    9910  0.0000
    9920  0.0000
    9930  0.0000
    9940  0.0000
    9950  0.0000
    9960  0.0000
    9970  0.0000
    9980  0.0000
    9990  0.0000
   10000  0.0000
   10010  0.0000
   10020  0.0000
   10030  0.0000
   10040  0.0000
   10050  0.0000
   10060  0.0000
   10070  0.0000
   10080  0.0000
   10090  0.0000
   10100  0.0000
   10110  0.0000
   10120  0.0000
   10130  0.0000
   10140  0.0000
   10150  0.0000
   10160  0.0000
   10170  0.0000
   10180  0.0000
   10190  0.0000
   10200  0.0000
   10210  0.0000
   10220  0.0000
   10230  0.0000
   10240  0.0000
   10250  0.0000
   10260  0.0000
   10270  0.0000
   10280  0.0000
   10290  0.0000
   10300  0.0000
   10310  0.0000
   10320  0.0000
   10330  0.0000
   10340  0.0000
   10350  0.0000
   10360  0.0000
   10370  0.0000
   10380  0.0000
   10390  0.0000
   10400  0.0000
   10410  0.0000
   10420  0.0000
   10430  0.0000
   10440  0.0000
   10450  0.0000
   10460  0.0000
   10470  0.0000
   10480  0.0000
   10490  0.0000
   10500  0.0000
   10510  0.0000
   10520  0.0000
   10530  0.0000
   10540  0.0000
   10550  0.0000
   10560  0.0000
   10570  0.0000
   10580  0.0000
   10590  0.0000
   10600  0.0000
   10610  0.0000
   10620  0.0000
   10630  0.0000
   10640  0.0000
   10650  0.0000
   10660  0.0000
   10670  0.0000
   10680  0.0000
   10690  0.0000
   10700  0.0000
   10710  0.0000
   10720  0.0000
   10730  0.0000
   10740  0.0000
   10750  0.0000
   10760  0.0000
   10770  0.0000
   10780  0.0000
   10790  0.0000
   10800  0.0000
   10810  0.0000
   10820  0.0000
   10830  0.0000
   10840  0.0000
   10850  0.0000
   10860  0.0000
   10870  0.0000
   10880  0.0000
   10890  0.0000
   10900  0.0000
   10910  0.0000
   10920  0.0000
   10930  0.0000
   10940  0.0000
   10950  0.0000
   10960  0.0000
   10970  0.0000
   10980  0.0000
   10990  0.0000
   11000  0.0000
   11010  0.0000
   11020  0.0000
   11030  0.0000
   11040  0.0000
   11050  0.0000
   11060  0.0000
   11070  0.0000
   11080  0.0000
   11090  0.0000
   11100  0.0000
   11110  0.0000
   11120  0.0000
   11130  0.0000
   11140  0.0000
   11150  0.0000
   11160  0.0000
   11170  0.0000
   11180  0.0000
   11190  0.0000
   11200  0.0000
   11210  0.0000
   11220  0.0000
   11230  0.0000
   11240  0.0000
   11250  0.0000
   11260  0.0000
   11270  0.0000
   11280  0.0000
   11290  0.0000
   11300  0.0000
   11310  0.0000
   11320  0.0000
   11330  0.0000
   11340  0.0000
   11350  0.0000
   11360  0.0000
   11370  0.0000
   11380  0.0000
   11390  0.0000
   11400  0.0000
   11410  0.0000
   11420  0.0000
   11430  0.0000
   11440  0.0000
   11450  0.0000
   11460  0.0000
   11470  0.0000
   11480  0.0000
   11490  0.0000
   11500  0.0000
   11510  0.0000
   11520  0.0000
   11530  0.0000
   11540  0.0000
   11550  0.0000
   11560  0.0000
   11570  0.0000
   11580  0.0000
   11590  0.0000
   11600  0.0000
   11610  0.0000
   11620  0.0000
   11630  0.0000
   11640  0.0000
   11650  0.0000
   11660  0.0000
   11670  0.0000
   11680  0.0000
   11690  0.0000
   11700  0.0000
   11710  0.0000
   11720  0.0000
   11730  0.0000
   11740  0.0000
   11750  0.0000
   11760  0.0000
   11770  0.0000
   11780  0.0000
   11790  0.0000
   11800  0.0000
   11810  0.0000
   11820  0.0000
   11830  0.0000
   11840  0.0000
   11850  0.0000
   11860  0.0000
   11870  0.0000
   11880  0.0000
   11890  0.0000
   11900  0.0000
   11910  0.0000
   11920  0.0000
   11930  0.0000
   11940  0.0000
   11950  0.0000
   11960  0.0000
   11970  0.0000
   11980  0.0000
   11990  0.0000
   12000  0.0000
   12010  0.0000
   12020  0.0000
   12030  0.0000
   12040  0.0000
   12050  0.0000
   12060  0.0000
   12070  0.0000
   12080  0.0000
   12090  0.0000
   12100  0.0000
   12110  0.0000
   12120  0.0000
   12130  0.0000
   12140  0.0000
   12150  0.0000
   12160  0.0000
   12170  0.0000
   12180  0.0000
   12190  0.0000
   12200  0.0000
   12210  0.0000
   12220  0.0000
   12230  0.0000
   12240  0.0000
   12250  0.0000
   12260  0.0000
   12270  0.0000
   12280  0.0000
   12290  0.0000
   12300  0.0000
   12310  0.0000
   12320  0.0000
   12330  0.0000
   12340  0.0000
   12350  0.0000
   12360  0.0000
   12370  0.0000
   12380  0.0000
   12390  0.0000
   12400  0.0000
   12410  0.0000
   12420  0.0000
   12430  0.0000
   12440  0.0000
   12450  0.0000
   12460  0.0000
   12470  0.0000
   12480  0.0000
   12490  0.0000
   12500  0.0000
   12510  0.0000
   12520  0.0000
   12530  0.0000
   12540  0.0000
   12550  0.0000
   12560  0.0000
   12570  0.0000
   12580  0.0000
   12590  0.0000
   12600  0.0000
   12610  0.0000
   12620  0.0000
   12630  0.0000
   12640  0.0000
   12650  0.0000
   12660  0.0000
   12670  0.0000
   12680  0.0000
   12690  0.0000
   12700  0.0000
   12710  0.0000
   12720  0.0000
   12730  0.0000
   12740  0.0000
   12750  0.0000
   12760  0.0000
   12770  0.0000
   12780  0.0000
   12790  0.0000
   12800  0.0000
   12810  0.0000
   12820  0.0000
   12830  0.0000
   12840  0.0000
   12850  0.0000
   12860  0.0000
   12870  0.0000
   12880  0.0000
   12890  0.0000
   12900  0.0000
   12910  0.0000
   12920  0.0000
   12930  0.0000
   12940  0.0000
   12950  0.0000
   12960  0.0000
   12970  0.0000
   12980  0.0000
   12990  0.0000
   13000  0.0000
   13010  0.0000
   13020  0.0000
   13030  0.0000
   13040  0.0000
   13050  0.0000
   13060  0.0000
   13070  0.0000
   13080  0.0000
   13090  0.0000
   13100  0.0000
   13110  0.0000
   13120  0.0000
   13130  0.0000
   13140  0.0000
   13150  0.0000
   13160  0.0000
   13170  0.0000
   13180  0.0000
   13190  0.0000
   13200  0.0000
   13210  0.0000
   13220  0.0000
   13230  0.0000
   13240  0.0000
   13250  0.0000
   13260  0.0000
   13270  0.0000
   13280  0.0000
   13290  0.0000
   13300  0.0000
   13310  0.0000
   13320  0.0000
   13330  0.0000
   13340  0.0000
   13350  0.0000
   13360  0.0000
   13370  0.0000
   13380  0.0000
   13390  0.0000
   13400  0.0000
   13410  0.0000
   13420  0.0000
   13430  0.0000
   13440  0.0000
   13450  0.0000
   13460  0.0000
   13470  0.0000
   13480  0.0000
   13490  0.0000
   13500  0.0000
   13510  0.0000
   13520  0.0000
   13530  0.0000
   13540  0.0000
   13550  0.0000
   13560  0.0000
   13570  0.0000
   13580  0.0000
   13590  0.0000
   13600  0.0000
   13610  0.0000
   13620  0.0000
   13630  0.0000
   13640  0.0000
   13650  0.0000
   13660  0.0000
   13670  0.0000
   13680  0.0000
   13690  0.0000
   13700  0.0000
   13710  0.0000
   13720  0.0000
   13730  0.0000
   13740  0.0000
   13750  0.0000
   13760  0.0000
   13770  0.0000
   13780  0.0000
   13790  0.0000
   13800  0.0000
   13810  0.0000
   13820  0.0000
   13830  0.0000
   13840  0.0000
   13850  0.0000
   13860  0.0000
   13870  0.0000
   13880  0.0000
   13890  0.0000
   13900  0.0000
   13910  0.0000
   13920  0.0000
   13930  0.0000
   13940  0.0000
   13950  0.0000
   13960  0.0000
   13970  0.0000
   13980  0.0000
   13990  0.0000
   14000  0.0000
   14010  0.0000
   14020  0.0000
   14030  0.0000
   14040  0.0000
   14050  0.0000
   14060  0.0000
   14070  0.0000
   14080  0.0000
   14090  0.0000
   14100  0.0000
   14110  0.0000
   14120  0.0000
   14130  0.0000
   14140  0.0000
   14150  0.0000
   14160  0.0000
   14170  0.0000
   14180  0.0000
   14190  0.0000
   14200  0.0000
   14210  0.0000
   14220  0.0000
   14230  0.0000
   14240  0.0000
   14250  0.0000
   14260  0.0000
   14270  0.0000
   14280  0.0000
   14290  0.0000
   14300  0.0000
   14310  0.0000
   14320  0.0000
   14330  0.0000
   14340  0.0000
   14350  0.0000
   14360  0.0000
   14370  0.0000
   14380  0.0000
   14390  0.0000
   14400  0.0000
   14410  0.0000
   14420  0.0000
   14430  0.0000
   14440  0.0000
   14450  0.0000
   14460  0.0000
   14470  0.0000
   14480  0.0000
   14490  0.0000
   14500  0.0000
   14510  0.0000
   14520  0.0000
   14530  0.0000
   14540  0.0000
   14550  0.0000
   14560  0.0000
   14570  0.0000
   14580  0.0000
   14590  0.0000
   14600  0.0000
   14610  0.0000
   14620  0.0000
   14630  0.0000
   14640  0.0000
   14650  0.0000
   14660  0.0000
   14670  0.0000
   14680  0.0000
   14690  0.0000
   14700  0.0000
   14710  0.0000
   14720  0.0000
   14730  0.0000
   14740  0.0000
   14750  0.0000
   14760  0.0000
   14770  0.0000
   14780  0.0000
   14790  0.0000
   14800  0.0000
   14810  0.0000
   14820  0.0000
   14830  0.0000
   14840  0.0000
   14850  0.0000
   14860  0.0000
   14870  0.0000
   14880  0.0000
   14890  0.0000
   14900  0.0000
   14910  0.0000
   14920  0.0000
   14930  0.0000
   14940  0.0000
   14950  0.0000
   14960  0.0000
   14970  0.0000
   14980  0.0000
   14990  0.0000
   15000  0.0000
