       0  0.0000
      10  0.0000
      20  0.0000
      30  0.0000
      40  0.0000
      50  0.0000
      60  0.0000
      70  0.0000
      80  0.0000
      90  0.0000
     100  0.0000
     110  0.0000
     120  0.0000
     130  0.0000
     140  0.0000
     150  0.0000
     160  0.0000
     170  0.0000
     180  0.0000
     190  0.0000
     200  0.0000
     210  0.0000
     220  0.0000
     230  0.0000
     240  0.0000
     250  0.0000
     260  0.0000
     270  0.0000
     280  0.0000
     290  0.0000
     300  0.0000
     310  0.0000
     320  0.0000
     330  0.0000
     340  0.0000
     350  0.0000
     360  0.0000
     370  0.0000
     380  0.0000
     390  0.0000
     400  0.0000
     410  0.0000
     420  0.0000
     430  0.0000
     440  0.0000
     450  0.0000
     460  0.0000
     470  0.0000
     480  0.0000
     490  0.0000
     500  0.0000
     510  0.0000
     520  0.0000
     530  0.0000
     540  0.0000
     550  0.0000
     560  0.0000
     570  0.0000
     580  0.0000
     590  0.0000
     600  0.0000
     610  0.0000
     620  0.0000
     630  0.0000
     640  0.0000
     650  0.0000
     660  0.0000
     670  0.0000
     680  0.0000
     690  0.0000
     700  0.0000
     710  0.0000
     720  0.0000
     730  0.0000
     740  0.0000
     750  0.0000
     760  0.0000
     770  0.0000
     780  0.0000
     790  0.0000
     800  0.0000
     810  0.0000
     820  0.0000
     830  0.0000
     840  0.0000
     850  0.0000
     860  0.0000
     870  0.0000
     880  0.0000
     890  0.0000
     900  0.0000
     910  0.0000
     920  0.0000
     930  0.0000
     940  0.0000
     950  0.0000
     960  0.0000
     970  0.0000
     980  0.0000
     990  0.0000
    1000  0.0000
    1010  0.0000
    1020  0.0000
    1030  0.0000
    1040  0.0000
    1050  0.0000
    1060  0.0000
    1070  0.0000
    1080  0.0000
    1090  0.0000
    1100  0.0000
    1110  0.0000
    1120  0.0000
    1130  0.0000
    1140  0.0000
    1150  0.0000
    1160  0.0000
    1170  0.0000
    1180  0.0000
    1190  0.0000
    1200  0.0000
    1210  0.0000
    1220  0.0000
    1230  0.0000
    1240  0.0000
    1250  0.0000
    1260  0.0000
    1270  0.0000
    1280  0.0000
    1290  0.0000
    1300  0.0000
    1310  0.0000
    1320  0.0000
    1330  0.0000
    1340  0.0000
    1350  0.0000
    1360  0.0000
    1370  0.0000
    1380  0.0000
    1390  0.0000
    1400  0.0000
    1410  0.0000
    1420  0.0000
    1430  0.0000
    1440  0.0000
    1450  0.0000
    1460  0.0000
    1470  0.0000
    1480  0.0000
    1490  0.0000
    1500  0.0000
    1510  0.0000
    1520  0.0000
    1530  0.0000
    1540  0.0000
    1550  0.0000
    1560  0.0000
    1570  0.0326
    1580  0.0368
    1590  0.0388
    1600  0.0394
    1610  0.0394
    1620  0.0394
    1630  0.0395
    1640  0.0397
    1650  0.0399
    1660  0.0397
    1670  0.0385
    1680  0.0380
    1690  0.0379
    1700  0.0386
    1710  0.0384
    1720  0.0383
    1730  0.0388
    1740  0.0364
    1750  0.0334
    1760  0.0313
    1770  0.0310
    1780  0.0298
    1790  0.0256
    1800  0.0140
    1810  0.0077
    1820  0.0142
    1830  0.0264
    1840  0.0358
    1850  0.0392
    1860  0.0323
    1870  0.0243
    1880  0.0166
    1890  0.0218
    1900  0.0292
    1910  0.0378
    1920  0.0361
    1930  0.0364
    1940  0.0396
    1950  0.0356
    1960  0.0348
    1970  0.0374
    1980  0.0384
    1990  0.0389
    2000  0.0389
    2010  0.0389
    2020  0.0369
    2030  0.0338
    2040  0.0350
    2050  0.0371
    2060  0.0392
    2070  0.0359
    2080  0.0361
    2090  0.0382
    2100  0.0395
    2110  0.0399
    2120  0.0399
    2130  0.0399
    2140  0.0378
    2150  0.0349
    2160  0.0332
    2170  0.0343
    2180  0.0358
    2190  0.0341
    2200  0.0356
    2210  0.0375
    2220  0.0365
    2230  0.0381
    2240  0.0394
    2250  0.0374
    2260  0.0340
    2270  0.0320
    2280  0.0344
    2290  0.0232
    2300  0.0109
    2310  0.0026
    2320  0.0069
    2330  0.0163
    2340  0.0304
    2350  0.0356
    2360  0.0373
    2370  0.0357
    2380  0.0377
    2390  0.0393
    2400  0.0397
    2410  0.0380
    2420  0.0368
    2430  0.0366
    2440  0.0353
    2450  0.0310
    2460  0.0232
    2470  0.0302
    2480  0.0354
    2490  0.0383
    2500  0.0382
    2510  0.0378
    2520  0.0366
    2530  0.0238
    2540  0.0252
    2550  0.0375
    2560  0.0389
    2570  0.0391
    2580  0.0384
    2590  0.0381
    2600  0.0368
    2610  0.0345
    2620  0.0299
    2630  0.0269
    2640  0.0266
    2650  0.0363
    2660  0.0271
    2670  0.0115
    2680  0.0100
    2690  0.0234
    2700  0.0353
    2710  0.0163
    2720  0.0225
    2730  0.0352
    2740  0.0371
    2750  0.0351
    2760  0.0324
    2770  0.0317
    2780  0.0236
    2790  0.0154
    2800  0.0119
    2810  0.0238
    2820  0.0355
    2830  0.0388
    2840  0.0394
    2850  0.0394
    2860  0.0393
    2870  0.0371
    2880  0.0312
    2890  0.0195
    2900  0.0178
    2910  0.0144
    2920  0.0067
    2930  0.0085
    2940  0.0092
    2950  0.0074
    2960  0.0100
    2970  0.0105
    2980  0.0081
    2990  0.0106
    3000  0.0112
    3010  0.0094
    3020  0.0281
    3030  0.0348
    3040  0.0302
    3050  0.0347
    3060  0.0378
    3070  0.0395
    3080  0.0369
    3090  0.0337
    3100  0.0301
    3110  0.0276
    3120  0.0241
    3130  0.0204
    3140  0.0209
    3150  0.0161
    3160  0.0114
    3170  0.0303
    3180  0.0326
    3190  0.0247
    3200  0.0125
    3210  0.0198
    3220  0.0344
    3230  0.0381
    3240  0.0395
    3250  0.0391
    3260  0.0354
    3270  0.0194
    3280  0.0039
    3290  0.0053
    3300  0.0061
    3310  0.0066
    3320  0.0066
    3330  0.0048
    3340  0.0457
    3350  0.0457
    3360  0.0457
    3370  0.0456
    3380  0.0455
    3390  0.0461
    3400  0.0468
    3410  0.0476
    3420  0.0485
    3430  0.0397
    3440  0.0288
    3450  0.0293
    3460  0.0345
    3470  0.0368
    3480  0.0371
    3490  0.0399
    3500  0.0454
    3510  0.0476
    3520  0.0440
    3530  0.0418
    3540  0.0434
    3550  0.0440
    3560  0.0383
    3570  0.0327
    3580  0.0360
    3590  0.0394
    3600  0.0412
    3610  0.0428
    3620  0.0338
    3630  0.0219
    3640  0.0232
    3650  0.0307
    3660  0.0367
    3670  0.0415
    3680  0.0451
    3690  0.0474
    3700  0.0480
    3710  0.0448
    3720  0.0414
    3730  0.0373
    3740  0.0339
    3750  0.0378
    3760  0.0417
    3770  0.0384
    3780  0.0349
    3790  0.0403
    3800  0.0471
    3810  0.0492
    3820  0.0496
    3830  0.0497
    3840  0.0495
    3850  0.0473
    3860  0.0433
    3870  0.0426
    3880  0.0467
    3890  0.0462
    3900  0.0343
    3910  0.0259
    3920  0.0340
    3930  0.0417
    3940  0.0412
    3950  0.0406
    3960  0.0440
    3970  0.0476
    3980  0.0465
    3990  0.0445
    4000  0.0444
    4010  0.0452
    4020  0.0466
    4030  0.0484
    4040  0.0470
    4050  0.0419
    4060  0.0381
    4070  0.0362
    4080  0.0366
    4090  0.0434
    4100  0.0487
    4110  0.0435
    4120  0.0384
    4130  0.0406
    4140  0.0427
    4150  0.0452
    4160  0.0476
    4170  0.0479
    4180  0.0476
    4190  0.0463
    4200  0.0444
    4210  0.0452
    4220  0.0481
    4230  0.0489
    4240  0.0473
    4250  0.0448
    4260  0.0409
    4270  0.0361
    4280  0.0278
    4290  0.0213
    4300  0.0313
    4310  0.0414
    4320  0.0316
    4330  0.0214
    4340  0.0300
    4350  0.0415
    4360  0.0448
    4370  0.0454
    4380  0.0411
    4390  0.0339
    4400  0.0348
    4410  0.0431
    4420  0.0484
    4430  0.0491
    4440  0.0492
    4450  0.0477
    4460  0.0462
    4470  0.0442
    4480  0.0424
    4490  0.0426
    4500  0.0428
    4510  0.0268
    4520  0.0097
    4530  0.0101
    4540  0.0141
    4550  0.0254
    4560  0.0395
    4570  0.0462
    4580  0.0478
    4590  0.0489
    4600  0.0496
    4610  0.0441
    4620  0.0282
    4630  0.0199
    4640  0.0344
    4650  0.0471
    4660  0.0482
    4670  0.0493
    4680  0.0485
    4690  0.0477
    4700  0.0485
    4710  0.0495
    4720  0.0498
    4730  0.0498
    4740  0.0496
    4750  0.0492
    4760  0.0419
    4770  0.0291
    4780  0.0202
    4790  0.0161
    4800  0.0158
    4810  0.0233
    4820  0.0309
    4830  0.0388
    4840  0.0455
    4850  0.0403
    4860  0.0351
    4870  0.0322
    4880  0.0294
    4890  0.0335
    4900  0.0386
    4910  0.0413
    4920  0.0432
    4930  0.0438
    4940  0.0439
    4950  0.0449
    4960  0.0467
    4970  0.0476
    4980  0.0468
    4990  0.0467
    5000  0.0481
    5010  0.0493
    5020  0.0496
    5030  0.0497
    5040  0.0482
    5050  0.0467
    5060  0.0473
    5070  0.0479
    5080  0.0462
    5090  0.0440
    5100  0.0394
    5110  0.0340
    5120  0.0272
    5130  0.0196
    5140  0.0218
    5150  0.0348
    5160  0.0439
    5170  0.0461
    5180  0.0474
    5190  0.0457
    5200  0.0446
    5210  0.0469
    5220  0.0492
    5230  0.0493
    5240  0.0494
    5250  0.0490
    5260  0.0486
    5270  0.0486
    5280  0.0487
    5290  0.0421
    5300  0.0321
    5310  0.0225
    5320  0.0130
    5330  0.0073
    5340  0.0064
    5350  0.0087
    5360  0.0177
    5370  0.0254
    5380  0.0280
    5390  0.0309
    5400  0.0364
    5410  0.0418
    5420  0.0435
    5430  0.0451
    5440  0.0466
    5450  0.0482
    5460  0.0484
    5470  0.0482
    5480  0.0478
    5490  0.0472
    5500  0.0454
    5510  0.0423
    5520  0.0419
    5530  0.0456
    5540  0.0481
    5550  0.0476
    5560  0.0455
    5570  0.0360
    5580  0.0271
    5590  0.0262
    5600  0.0252
    5610  0.0173
    5620  0.0090
    5630  0.0090
    5640  0.0107
    5650  0.0236
    5660  0.0410
    5670  0.0485
    5680  0.0492
    5690  0.0495
    5700  0.0493
    5710  0.0431
    5720  0.0264
    5730  0.0122
    5740  0.0057
    5750  0.0009
    5760  0.0076
    5770  0.0143
    5780  0.0263
    5790  0.0384
    5800  0.0297
    5810  0.0188
    5820  0.0165
    5830  0.0165
    5840  0.0160
    5850  0.0153
    5860  0.0311
    5870  0.0554
    5880  0.0563
    5890  0.0572
    5900  0.0581
    5910  0.0586
    5920  0.0591
    5930  0.0595
    5940  0.0591
    5950  0.0580
    5960  0.0569
    5970  0.0559
    5980  0.0556
    5990  0.0553
    6000  0.0550
    6010  0.0427
    6020  0.0301
    6030  0.0176
    6040  0.0138
    6050  0.0139
    6060  0.0140
    6070  0.0186
    6080  0.0293
    6090  0.0400
    6100  0.0495
    6110  0.0514
    6120  0.0532
    6130  0.0551
    6140  0.0579
    6150  0.0608
    6160  0.0638
    6170  0.0645
    6180  0.0637
    6190  0.0628
    6200  0.0613
    6210  0.0583
    6220  0.0553
    6230  0.0523
    6240  0.0507
    6250  0.0491
    6260  0.0474
    6270  0.0505
    6280  0.0551
    6290  0.0597
    6300  0.0585
    6310  0.0510
    6320  0.0436
    6330  0.0382
    6340  0.0411
    6350  0.0440
    6360  0.0469
    6370  0.0478
    6380  0.0486
    6390  0.0494
    6400  0.0495
    6410  0.0491
    6420  0.0488
    6430  0.0461
    6440  0.0395
    6450  0.0329
    6460  0.0265
    6470  0.0221
    6480  0.0176
    6490  0.0132
    6500  0.0243
    6510  0.0389
    6520  0.0534
    6530  0.0595
    6540  0.0583
    6550  0.0570
    6560  0.0563
    6570  0.0574
    6580  0.0585
    6590  0.0595
    6600  0.0605
    6610  0.0615
    6620  0.0624
    6630  0.0601
    6640  0.0564
    6650  0.0527
    6660  0.0523
    6670  0.0562
    6680  0.0601
    6690  0.0636
    6700  0.0642
    6710  0.0648
    6720  0.0654
    6730  0.0655
    6740  0.0655
    6750  0.0654
    6760  0.0655
    6770  0.0656
    6780  0.0658
    6790  0.0658
    6800  0.0656
    6810  0.0654
    6820  0.0653
    6830  0.0653
    6840  0.0653
    6850  0.0654
    6860  0.0653
    6870  0.0653
    6880  0.0652
    6890  0.0652
    6900  0.0652
    6910  0.0652
    6920  0.0650
    6930  0.0637
    6940  0.0623
    6950  0.0610
    6960  0.0594
    6970  0.0578
    6980  0.0563
    6990  0.0567
    7000  0.0581
    7010  0.0596
    7020  0.0608
    7030  0.0615
    7040  0.0622
    7050  0.0624
    7060  0.0588
    7070  0.0552
    7080  0.0516
    7090  0.0479
    7100  0.0441
    7110  0.0403
    7120  0.0372
    7130  0.0348
    7140  0.0323
    7150  0.0306
    7160  0.0308
    7170  0.0311
    7180  0.0313
    7190  0.0341
    7200  0.0370
    7210  0.0398
    7220  0.0404
    7230  0.0400
    7240  0.0397
    7250  0.0390
    7260  0.0379
    7270  0.0367
    7280  0.0348
    7290  0.0289
    7300  0.0229
    7310  0.0170
    7320  0.0147
    7330  0.0128
    7340  0.0110
    7350  0.0088
    7360  0.0062
    7370  0.0037
    7380  0.0585
    7390  0.0585
    7400  0.0588
    7410  0.0592
    7420  0.0595
    7430  0.0596
    7440  0.0597
    7450  0.0597
    7460  0.0598
    7470  0.0600
    7480  0.0600
    7490  0.0597
    7500  0.0593
    7510  0.0592
    7520  0.0590
    7530  0.0586
    7540  0.0589
    7550  0.0531
    7560  0.0392
    7570  0.0291
    7580  0.0209
    7590  0.0155
    7600  0.0249
    7610  0.0347
    7620  0.0364
    7630  0.0470
    7640  0.0581
    7650  0.0588
    7660  0.0587
    7670  0.0569
    7680  0.0471
    7690  0.0488
    7700  0.0578
    7710  0.0583
    7720  0.0576
    7730  0.0557
    7740  0.0551
    7750  0.0562
    7760  0.0592
    7770  0.0593
    7780  0.0580
    7790  0.0549
    7800  0.0572
    7810  0.0594
    7820  0.0589
    7830  0.0588
    7840  0.0585
    7850  0.0567
    7860  0.0527
    7870  0.0496
    7880  0.0558
    7890  0.0587
    7900  0.0593
    7910  0.0583
    7920  0.0583
    7930  0.0588
    7940  0.0259
    7950  0.0077
    7960  0.0061
    7970  0.0078
    7980  0.0092
    7990  0.0096
    8000  0.0371
    8010  0.0581
    8020  0.0562
    8030  0.0319
    8040  0.0092
    8050  0.0092
    8060  0.0097
    8070  0.0104
    8080  0.0114
    8090  0.0282
    8100  0.0507
    8110  0.0474
    8120  0.0321
    8130  0.0084
    8140  0.0049
    8150  0.0039
    8160  0.0054
    8170  0.0067
    8180  0.0157
    8190  0.0352
    8200  0.0433
    8210  0.0487
    8220  0.0515
    8230  0.0560
    8240  0.0595
    8250  0.0596
    8260  0.0565
    8270  0.0538
    8280  0.0571
    8290  0.0564
    8300  0.0539
    8310  0.0512
    8320  0.0528
    8330  0.0570
    8340  0.0576
    8350  0.0574
    8360  0.0563
    8370  0.0566
    8380  0.0538
    8390  0.0472
    8400  0.0528
    8410  0.0575
    8420  0.0587
    8430  0.0583
    8440  0.0575
    8450  0.0561
    8460  0.0552
    8470  0.0545
    8480  0.0543
    8490  0.0565
    8500  0.0592
    8510  0.0595
    8520  0.0595
    8530  0.0593
    8540  0.0589
    8550  0.0586
    8560  0.0584
    8570  0.0553
    8580  0.0536
    8590  0.0535
    8600  0.0481
    8610  0.0427
    8620  0.0380
    8630  0.0344
    8640  0.0320
    8650  0.0315
    8660  0.0434
    8670  0.0554
    8680  0.0581
    8690  0.0590
    8700  0.0591
    8710  0.0591
    8720  0.0580
    8730  0.0551
    8740  0.0428
    8750  0.0362
    8760  0.0338
    8770  0.0288
    8780  0.0312
    8790  0.0409
    8800  0.0513
    8810  0.0570
    8820  0.0563
    8830  0.0582
    8840  0.0594
    8850  0.0591
    8860  0.0593
    8870  0.0593
    8880  0.0589
    8890  0.0574
    8900  0.0565
    8910  0.0587
    8920  0.0594
    8930  0.0588
    8940  0.0557
    8950  0.0499
    8960  0.0426
    8970  0.0393
    8980  0.0259
    8990  0.0035
    9000  0.0131
    9010  0.0260
    9020  0.0423
    9030  0.0474
    9040  0.0455
    9050  0.0341
    9060  0.0251
    9070  0.0248
    9080  0.0425
    9090  0.0528
    9100  0.0588
    9110  0.0587
    9120  0.0529
    9130  0.0439
    9140  0.0312
    9150  0.0330
    9160  0.0411
    9170  0.0308
    9180  0.0260
    9190  0.0250
    9200  0.0136
    9210  0.0488
    9220  0.0476
    9230  0.0480
    9240  0.0489
    9250  0.0496
    9260  0.0499
    9270  0.0498
    9280  0.0490
    9290  0.0477
    9300  0.0475
    9310  0.0441
    9320  0.0404
    9330  0.0395
    9340  0.0411
    9350  0.0424
    9360  0.0425
    9370  0.0402
    9380  0.0427
    9390  0.0471
    9400  0.0488
    9410  0.0490
    9420  0.0487
    9430  0.0481
    9440  0.0490
    9450  0.0458
    9460  0.0414
    9470  0.0427
    9480  0.0455
    9490  0.0480
    9500  0.0493
    9510  0.0497
    9520  0.0496
    9530  0.0492
    9540  0.0494
    9550  0.0261
    9560  0.0048
    9570  0.0047
    9580  0.0051
    9590  0.0053
    9600  0.0081
    9610  0.0381
    9620  0.0473
    9630  0.0392
    9640  0.0106
    9650  0.0160
    9660  0.0188
    9670  0.0082
    9680  0.0087
    9690  0.0256
    9700  0.0463
    9710  0.0450
    9720  0.0262
    9730  0.0220
    9740  0.0466
    9750  0.0488
    9760  0.0495
    9770  0.0493
    9780  0.0490
    9790  0.0490
    9800  0.0486
    9810  0.0468
    9820  0.0435
    9830  0.0413
    9840  0.0400
    9850  0.0380
    9860  0.0320
    9870  0.0300
    9880  0.0445
    9890  0.0470
    9900  0.0477
    9910  0.0490
    9920  0.0481
    9930  0.0461
    9940  0.0441
    9950  0.0448
    9960  0.0472
    9970  0.0487
    9980  0.0477
    9990  0.0478
   10000  0.0409
   10010  0.0278
   10020  0.0150
   10030  0.0150
   10040  0.0181
   10050  0.0142
   10060  0.0075
   10070  0.0129
   10080  0.0334
   10090  0.0354
   10100  0.0293
   10110  0.0233
   10120  0.0380
   10130  0.0233
   10140  0.0127
   10150  0.0237
   10160  0.0317
   10170  0.0404
   10180  0.0491
   10190  0.0495
   10200  0.0496
   10210  0.0495
   10220  0.0492
   10230  0.0494
   10240  0.0497
   10250  0.0499
   10260  0.0499
   10270  0.0498
   10280  0.0498
   10290  0.0497
   10300  0.0498
   10310  0.0495
   10320  0.0488
   10330  0.0477
   10340  0.0452
   10350  0.0418
   10360  0.0433
   10370  0.0462
   10380  0.0487
   10390  0.0475
   10400  0.0369
   10410  0.0297
   10420  0.0308
   10430  0.0389
   10440  0.0428
   10450  0.0424
   10460  0.0338
   10470  0.0210
   10480  0.0139
   10490  0.0231
   10500  0.0281
   10510  0.0248
   10520  0.0147
   10530  0.0330
   10540  0.0421
   10550  0.0454
   10560  0.0483
   10570  0.0494
   10580  0.0499
   10590  0.0500
   10600  0.0499
   10610  0.0494
   10620  0.0484
   10630  0.0475
   10640  0.0474
   10650  0.0471
   10660  0.0447
   10670  0.0373
   10680  0.0365
   10690  0.0473
   10700  0.0487
   10710  0.0493
   10720  0.0494
   10730  0.0493
   10740  0.0494
   10750  0.0495
   10760  0.0495
   10770  0.0437
   10780  0.0419
   10790  0.0473
   10800  0.0449
   10810  0.0451
   10820  0.0467
   10830  0.0455
   10840  0.0286
   10850  0.0102
   10860  0.0048
   10870  0.0022
   10880  0.0032
   10890  0.0111
   10900  0.0566
   10910  0.0419
   10920  0.0548
   10930  0.0428
   10940  0.0137
   10950  0.0053
   10960  0.0441
   10970  0.0647
   10980  0.0630
   10990  0.0559
   11000  0.0286
   11010  0.0014
   11020  0.0130
   11030  0.0420
   11040  0.0553
   11050  0.0443
   11060  0.0531
   11070  0.0039
   11080  0.0055
   11090  0.0596
   11100  0.0646
   11110  0.0649
   11120  0.0644
   11130  0.0519
   11140  0.0169
   11150  0.0026
   11160  0.0049
   11170  0.0215
   11180  0.0459
   11190  0.0529
   11200  0.0364
   11210  0.0141
   11220  0.0632
   11230  0.0578
   11240  0.0318
   11250  0.0638
   11260  0.0621
   11270  0.0437
   11280  0.0387
   11290  0.0491
   11300  0.0255
   11310  0.0193
   11320  0.0151
   11330  0.0195
   11340  0.0261
   11350  0.0360
   11360  0.0599
   11370  0.0480
   11380  0.0237
   11390  0.0648
   11400  0.0649
   11410  0.0648
   11420  0.0643
   11430  0.0631
   11440  0.0626
   11450  0.0513
   11460  0.0526
   11470  0.0612
   11480  0.0630
   11490  0.0624
   11500  0.0642
   11510  0.0646
   11520  0.0641
   11530  0.0639
   11540  0.0596
   11550  0.0228
   11560  0.0617
   11570  0.0640
   11580  0.0499
   11590  0.0402
   11600  0.0209
   11610  0.0093
   11620  0.0293
   11630  0.0552
   11640  0.0629
   11650  0.0633
   11660  0.0635
   11670  0.0623
   11680  0.0593
   11690  0.0634
   11700  0.0632
   11710  0.0637
   11720  0.0636
   11730  0.0641
   11740  0.0543
   11750  0.0526
   11760  0.0535
   11770  0.0573
   11780  0.0637
   11790  0.0591
   11800  0.0478
   11810  0.0391
   11820  0.0331
   11830  0.0621
   11840  0.0540
   11850  0.0605
   11860  0.0497
   11870  0.0587
   11880  0.0646
   11890  0.0620
   11900  0.0617
   11910  0.0745
   11920  0.0744
   11930  0.0737
   11940  0.0685
   11950  0.0417
   11960  0.0217
   11970  0.0084
   11980  0.0102
   11990  0.0445
   12000  0.0683
   12010  0.0706
   12020  0.0702
   12030  0.0717
   12040  0.0743
   12050  0.0745
   12060  0.0745
   12070  0.0747
   12080  0.0748
   12090  0.0748
   12100  0.0748
   12110  0.0745
   12120  0.0741
   12130  0.0737
   12140  0.0701
   12150  0.0673
   12160  0.0691
   12170  0.0575
   12180  0.0295
   12190  0.0405
   12200  0.0336
   12210  0.0059
   12220  0.0155
   12230  0.0508
   12240  0.0573
   12250  0.0555
   12260  0.0567
   12270  0.0643
   12280  0.0714
   12290  0.0707
   12300  0.0696
   12310  0.0699
   12320  0.0718
   12330  0.0731
   12340  0.0681
   12350  0.0546
   12360  0.0630
   12370  0.0558
   12380  0.0473
   12390  0.0650
   12400  0.0645
   12410  0.0697
   12420  0.0729
   12430  0.0740
   12440  0.0740
   12450  0.0737
   12460  0.0739
   12470  0.0742
   12480  0.0711
   12490  0.0705
   12500  0.0727
   12510  0.0682
   12520  0.0635
   12530  0.0696
   12540  0.0721
   12550  0.0638
   12560  0.0518
   12570  0.0650
   12580  0.0546
   12590  0.0401
   12600  0.0452
   12610  0.0454
   12620  0.0203
   12630  0.0420
   12640  0.0658
   12650  0.0706
   12660  0.0632
   12670  0.0588
   12680  0.0691
   12690  0.0615
   12700  0.0562
   12710  0.0318
   12720  0.0122
   12730  0.0118
   12740  0.0230
   12750  0.0131
   12760  0.0190
   12770  0.0249
   12780  0.0374
   12790  0.0589
   12800  0.0739
   12810  0.0728
   12820  0.0682
   12830  0.0698
   12840  0.0734
   12850  0.0729
   12860  0.0734
   12870  0.0732
   12880  0.0734
   12890  0.0731
   12900  0.0613
   12910  0.0299
   12920  0.0110
   12930  0.0333
   12940  0.0352
   12950  0.0400
   12960  0.0544
   12970  0.0608
   12980  0.0682
   12990  0.0704
   13000  0.0521
   13010  0.0461
   13020  0.0636
   13030  0.0683
   13040  0.0604
   13050  0.0597
   13060  0.0624
   13070  0.0576
   13080  0.0443
   13090  0.0491
   13100  0.0689
   13110  0.0599
   13120  0.0563
   13130  0.0635
   13140  0.0699
   13150  0.0686
   13160  0.0577
   13170  0.0304
   13180  0.0267
   13190  0.0467
   13200  0.0570
   13210  0.0612
   13220  0.0617
   13230  0.0557
   13240  0.0495
   13250  0.0502
   13260  0.0599
   13270  0.0313
   13280  0.0433
   13290  0.0577
   13300  0.0665
   13310  0.0709
   13320  0.0710
   13330  0.0712
   13340  0.0736
   13350  0.0000
   13360  0.0000
   13370  0.0000
   13380  0.0000
   13390  0.0000
   13400  0.0000
   13410  0.0000
   13420  0.0000
   13430  0.0000
   13440  0.0000
   13450  0.0000
   13460  0.0000
   13470  0.0000
   13480  0.0000
   13490  0.0000
   13500  0.0000
   13510  0.0000
   13520  0.0000
   13530  0.0000
   13540  0.0000
   13550  0.0000
   13560  0.0000
   13570  0.0000
   13580  0.0000
   13590  0.0000
   13600  0.0000
   13610  0.0000
   13620  0.0000
   13630  0.0000
   13640  0.0000
   13650  0.0000
   13660  0.0000
   13670  0.0000
   13680  0.0000
   13690  0.0000
   13700  0.0000
   13710  0.0000
   13720  0.0000
   13730  0.0000
   13740  0.0000
   13750  0.0000
   13760  0.0000
   13770  0.0000
   13780  0.0000
   13790  0.0000
   13800  0.0000
   13810  0.0000
   13820  0.0000
   13830  0.0000
   13840  0.0000
   13850  0.0000
   13860  0.0000
   13870  0.0000
   13880  0.0000
   13890  0.0000
   13900  0.0000
   13910  0.0000
   13920  0.0000
   13930  0.0000
   13940  0.0000
   13950  0.0000
   13960  0.0000
   13970  0.0000
   13980  0.0000
   13990  0.0000
   14000  0.0000
   14010  0.0000
   14020  0.0000
   14030  0.0000
   14040  0.0000
   14050  0.0000
   14060  0.0000
   14070  0.0000
   14080  0.0000
   14090  0.0000
   14100  0.0000
   14110  0.0000
   14120  0.0000
   14130  0.0000
   14140  0.0000
   14150  0.0000
   14160  0.0000
   14170  0.0000
   14180  0.0000
   14190  0.0000
   14200  0.0000
   14210  0.0000
   14220  0.0000
   14230  0.0000
   14240  0.0000
   14250  0.0000
   14260  0.0000
   14270  0.0000
   14280  0.0000
   14290  0.0000
   14300  0.0000
   14310  0.0000
   14320  0.0000
   14330  0.0000
   14340  0.0000
   14350  0.0000
   14360  0.0000
   14370  0.0000
   14380  0.0000
   14390  0.0000
   14400  0.0000
   14410  0.0000
   14420  0.0000
   14430  0.0000
   14440  0.0000
   14450  0.0000
   14460  0.0000
   14470  0.0000
   14480  0.0000
   14490  0.0000
   14500  0.0000
   14510  0.0000
   14520  0.0000
   14530  0.0000
   14540  0.0000
   14550  0.0000
   14560  0.0000
   14570  0.0000
   14580  0.0000
   14590  0.0000
   14600  0.0000
   14610  0.0000
   14620  0.0000
   14630  0.0000
   14640  0.0000
   14650  0.0000
   14660  0.0000
   14670  0.0000
   14680  0.0000
   14690  0.0000
   14700  0.0000
   14710  0.0000
   14720  0.0000
   14730  0.0000
   14740  0.0000
   14750  0.0000
   14760  0.0000
   14770  0.0000
   14780  0.0000
   14790  0.0000
   14800  0.0000
   14810  0.0000
   14820  0.0000
   14830  0.0000
   14840  0.0000
   14850  0.0000
   14860  0.0000
   14870  0.0000
   14880  0.0000
   14890  0.0000
   14900  0.0000
   14910  0.0000
   14920  0.0000
   14930  0.0000
   14940  0.0000
   14950  0.0000
   14960  0.0000
   14970  0.0000
   14980  0.0000
   14990  0.0000
   15000  0.0000
