       0   1.030
      10   1.030
      20   1.030
      30   1.030
      40   1.030
      50   1.030
      60   1.030
      70   1.030
      80   1.030
      90   1.030
     100   1.030
     110   1.030
     120   1.030
     130   1.030
     140   1.030
     150   1.030
     160   1.030
     170   1.030
     180   1.030
     190   1.030
     200   1.030
     210   1.030
     220   1.030
     230   1.030
     240   1.030
     250   1.030
     260   1.030
     270   1.030
     280   1.030
     290   1.030
     300   1.030
     310   1.030
     320   1.030
     330   1.030
     340   1.030
     350   1.030
     360   1.030
     370   1.030
     380   1.030
     390   1.030
     400   1.030
     410   1.030
     420   1.030
     430   1.030
     440   1.030
     450   1.030
     460   1.030
     470   1.030
     480   1.030
     490   1.030
     500   1.030
     510   1.030
     520   1.030
     530   1.030
     540   1.030
     550   1.030
     560   1.030
     570   1.030
     580   1.030
     590   1.030
     600   1.030
     610   1.030
     620   1.030
     630   1.030
     640   1.030
     650   1.030
     660   1.030
     670   1.030
     680   1.030
     690   1.030
     700   1.030
     710   1.030
     720   1.030
     730   1.030
     740   1.030
     750   1.030
     760   1.030
     770   1.030
     780   1.030
     790   1.030
     800   1.030
     810   1.030
     820   1.030
     830   1.030
     840   1.030
     850   1.030
     860   1.030
     870   1.030
     880   1.030
     890   1.030
     900   1.030
     910   1.030
     920   1.030
     930   1.030
     940   1.973
     950   1.973
     960   1.972
     970   1.972
     980   1.973
     990   1.972
    1000   1.970
    1010   1.968
    1020   1.974
    1030   1.981
    1040   1.980
    1050   1.975
    1060   1.974
    1070   1.982
    1080   1.991
    1090   1.996
    1100   2.000
    1110   2.002
    1120   2.000
    1130   1.998
    1140   1.998
    1150   1.998
    1160   2.001
    1170   2.005
    1180   2.010
    1190   2.018
    1200   2.026
    1210   2.031
    1220   2.036
    1230   2.045
    1240   2.056
    1250   2.067
    1260   2.075
    1270   2.083
    1280   2.078
    1290   2.068
    1300   2.057
    1310   2.046
    1320   2.034
    1330   2.036
    1340   2.039
    1350   2.044
    1360   2.049
    1370   2.054
    1380   2.058
    1390   2.165
    1400   2.165
    1410   2.165
    1420   2.165
    1430   2.165
    1440   2.165
    1450   2.165
    1460   2.165
    1470   2.165
    1480   2.165
    1490   2.165
    1500   2.165
    1510   2.165
    1520   2.165
    1530   2.165
    1540   2.165
    1550   2.165
    1560   2.165
    1570   2.165
    1580   2.165
    1590   2.165
    1600   2.165
    1610   2.165
    1620   2.165
    1630   2.165
    1640   2.165
    1650   2.165
    1660   2.165
    1670   2.165
    1680   2.165
    1690   2.165
    1700   2.165
    1710   2.165
    1720   2.165
    1730   2.165
    1740   2.165
    1750   2.165
    1760   2.165
    1770   2.165
    1780   2.165
    1790   2.165
    1800   2.165
    1810   2.165
    1820   2.165
    1830   2.165
    1840   2.165
    1850   2.165
    1860   2.165
    1870   2.165
    1880   2.165
    1890   2.165
    1900   2.165
    1910   2.165
    1920   2.165
    1930   2.165
    1940   2.165
    1950   2.165
    1960   2.165
    1970   2.165
    1980   2.165
    1990   2.165
    2000   2.165
    2010   2.165
    2020   2.165
    2030   2.165
    2040   2.165
    2050   2.165
    2060   2.165
    2070   2.165
    2080   2.165
    2090   2.165
    2100   2.165
    2110   2.165
    2120   2.165
    2130   2.165
    2140   2.165
    2150   2.165
    2160   2.165
    2170   2.165
    2180   2.165
    2190   2.165
    2200   2.165
    2210   2.165
    2220   2.165
    2230   2.165
    2240   2.165
    2250   2.165
    2260   2.165
    2270   2.165
    2280   2.165
    2290   2.165
    2300   2.165
    2310   2.165
    2320   2.165
    2330   2.165
    2340   2.165
    2350   2.165
    2360   2.165
    2370   2.165
    2380   2.165
    2390   2.165
    2400   2.165
    2410   2.165
    2420   2.165
    2430   2.165
    2440   2.165
    2450   2.165
    2460   2.165
    2470   2.165
    2480   2.165
    2490   2.165
    2500   2.165
    2510   2.165
    2520   2.165
    2530   2.165
    2540   2.165
    2550   2.165
    2560   2.165
    2570   2.165
    2580   2.165
    2590   2.165
    2600   2.165
    2610   2.165
    2620   2.165
    2630   2.165
    2640   2.165
    2650   2.165
    2660   2.165
    2670   2.165
    2680   2.165
    2690   2.165
    2700   2.165
    2710   2.165
    2720   2.165
    2730   2.165
    2740   2.165
    2750   2.165
    2760   2.165
    2770   2.165
    2780   2.165
    2790   2.165
    2800   2.165
    2810   2.165
    2820   2.165
    2830   2.165
    2840   2.165
    2850   2.165
    2860   2.165
    2870   2.165
    2880   2.165
    2890   2.165
    2900   2.165
    2910   2.165
    2920   2.165
    2930   2.165
    2940   2.165
    2950   2.165
    2960   2.165
    2970   2.165
    2980   2.165
    2990   2.241
    3000   2.241
    3010   2.239
    3020   2.237
    3030   2.234
    3040   2.231
    3050   2.235
    3060   2.238
    3070   2.241
    3080   2.244
    3090   2.246
    3100   2.245
    3110   2.244
    3120   2.244
    3130   2.244
    3140   2.244
    3150   2.245
    3160   2.245
    3170   2.246
    3180   2.247
    3190   2.249
    3200   2.252
    3210   2.253
    3220   2.255
    3230   2.256
    3240   2.251
    3250   2.245
    3260   2.242
    3270   2.240
    3280   2.238
    3290   2.237
    3300   2.237
    3310   2.245
    3320   2.255
    3330   2.259
    3340   2.258
    3350   2.257
    3360   2.255
    3370   2.253
    3380   2.255
    3390   2.260
    3400   2.262
    3410   2.258
    3420   2.255
    3430   2.256
    3440   2.256
    3450   2.260
    3460   2.266
    3470   2.272
    3480   2.278
    3490   2.284
    3500   2.281
    3510   2.276
    3520   2.272
    3530   2.267
    3540   2.263
    3550   2.259
    3560   2.256
    3570   2.262
    3580   2.272
    3590   2.280
    3600   2.282
    3610   2.284
    3620   2.286
    3630   2.288
    3640   2.288
    3650   2.288
    3660   2.284
    3670   2.263
    3680   2.242
    3690   2.241
    3700   2.245
    3710   2.248
    3720   2.249
    3730   2.251
    3740   2.253
    3750   2.255
    3760   2.254
    3770   2.251
    3780   2.282
    3790   2.282
    3800   2.282
    3810   2.285
    3820   2.287
    3830   2.296
    3840   2.309
    3850   2.320
    3860   2.320
    3870   2.320
    3880   2.303
    3890   2.282
    3900   2.273
    3910   2.278
    3920   2.282
    3930   2.271
    3940   2.260
    3950   2.263
    3960   2.272
    3970   2.278
    3980   2.279
    3990   2.280
    4000   2.277
    4010   2.273
    4020   2.279
    4030   2.290
    4040   2.297
    4050   2.289
    4060   2.281
    4070   2.289
    4080   2.300
    4090   2.301
    4100   2.288
    4110   2.278
    4120   2.293
    4130   2.308
    4140   2.310
    4150   2.307
    4160   2.306
    4170   2.310
    4180   2.314
    4190   2.308
    4200   2.302
    4210   2.294
    4220   2.283
    4230   2.278
    4240   2.291
    4250   2.305
    4260   2.314
    4270   2.322
    4280   2.331
    4290   2.342
    4300   2.351
    4310   2.347
    4320   2.343
    4330   2.340
    4340   2.336
    4350   2.332
    4360   2.328
    4370   2.324
    4380   2.314
    4390   2.305
    4400   2.303
    4410   2.306
    4420   2.309
    4430   2.307
    4440   2.305
    4450   2.305
    4460   2.306
    4470   2.306
    4480   2.306
    4490   2.306
    4500   2.303
    4510   2.300
    4520   2.305
    4530   2.315
    4540   2.323
    4550   2.328
    4560   2.334
    4570   2.333
    4580   2.331
    4590   2.334
    4600   2.341
    4610   2.348
    4620   2.353
    4630   2.358
    4640   2.349
    4650   2.336
    4660   2.333
    4670   2.340
    4680   2.347
    4690   2.348
    4700   2.348
    4710   2.347
    4720   2.345
    4730   2.346
    4740   2.355
    4750   2.365
    4760   2.366
    4770   2.366
    4780   2.362
    4790   2.354
    4800   2.346
    4810   2.337
    4820   2.329
    4830   2.306
    4840   2.279
    4850   2.271
    4860   2.287
    4870   2.304
    4880   2.320
    4890   2.336
    4900   2.322
    4910   2.294
    4920   2.286
    4930   2.323
    4940   2.359
    4950   2.362
    4960   2.362
    4970   2.362
    4980   2.363
    4990   2.363
    5000   2.365
    5010   2.367
    5020   2.368
    5030   2.369
    5040   2.367
    5050   2.364
    5060   2.359
    5070   2.339
    5080   2.318
    5090   2.306
    5100   2.299
    5110   2.303
    5120   2.337
    5130   2.370
    5140   2.372
    5150   2.371
    5160   2.374
    5170   2.382
    5180   2.390
    5190   2.400
    5200   2.410
    5210   2.407
    5220   2.401
    5230   2.395
    5240   2.389
    5250   2.384
    5260   2.389
    5270   2.395
    5280   2.376
    5290   2.346
    5300   2.332
    5310   2.358
    5320   2.384
    5330   2.384
    5340   2.381
    5350   2.376
    5360   2.369
    5370   2.361
    5380   2.350
    5390   2.340
    5400   2.330
    5410   2.320
    5420   2.312
    5430   2.306
    5440   2.302
    5450   2.331
    5460   2.361
    5470   2.348
    5480   2.312
    5490   2.295
    5500   2.324
    5510   2.354
    5520   2.363
    5530   2.370
    5540   2.375
    5550   2.378
    5560   2.381
    5570   2.386
    5580   2.391
    5590   2.393
    5600   2.394
    5610   2.386
    5620   2.367
    5630   2.349
    5640   2.366
    5650   2.382
    5660   2.397
    5670   2.411
    5680   2.420
    5690   2.412
    5700   2.405
    5710   2.406
    5720   2.408
    5730   2.407
    5740   2.402
    5750   2.396
    5760   2.386
    5770   2.376
    5780   2.372
    5790   2.368
    5800   2.367
    5810   2.165
    5820   2.165
    5830   2.165
    5840   2.165
    5850   2.165
    5860   2.165
    5870   2.165
    5880   2.165
    5890   2.165
    5900   2.165
    5910   2.165
    5920   2.165
    5930   2.165
    5940   2.165
    5950   2.165
    5960   2.165
    5970   2.165
    5980   2.165
    5990   2.165
    6000   2.165
    6010   2.165
    6020   2.165
    6030   2.165
    6040   2.165
    6050   2.165
    6060   2.165
    6070   2.165
    6080   2.165
    6090   2.165
    6100   2.165
    6110   2.165
    6120   2.165
    6130   2.165
    6140   2.165
    6150   2.165
    6160   2.165
    6170   2.165
    6180   2.165
    6190   2.165
    6200   2.165
    6210   2.165
    6220   2.165
    6230   2.165
    6240   2.165
    6250   2.165
    6260   2.165
    6270   2.165
    6280   2.165
    6290   2.165
    6300   2.165
    6310   2.165
    6320   2.165
    6330   2.165
    6340   2.165
    6350   2.165
    6360   2.165
    6370   2.165
    6380   2.165
    6390   2.165
    6400   2.165
    6410   2.165
    6420   2.165
    6430   2.165
    6440   2.165
    6450   2.165
    6460   2.165
    6470   2.165
    6480   2.165
    6490   2.165
    6500   2.165
    6510   2.165
    6520   2.165
    6530   2.165
    6540   2.165
    6550   2.165
    6560   2.165
    6570   2.165
    6580   2.165
    6590   2.165
    6600   2.165
    6610   2.165
    6620   2.165
    6630   2.165
    6640   2.165
    6650   2.165
    6660   2.165
    6670   2.165
    6680   2.165
    6690   2.165
    6700   2.165
    6710   2.165
    6720   2.165
    6730   2.165
    6740   2.165
    6750   2.165
    6760   2.165
    6770   2.165
    6780   2.165
    6790   2.165
    6800   2.165
    6810   2.165
    6820   2.165
    6830   2.165
    6840   2.165
    6850   2.165
    6860   2.165
    6870   2.165
    6880   2.165
    6890   2.165
    6900   2.165
    6910   2.165
    6920   2.165
    6930   2.165
    6940   2.165
    6950   2.165
    6960   2.165
    6970   2.165
    6980   2.165
    6990   2.165
    7000   2.165
    7010   2.165
    7020   2.165
    7030   2.165
    7040   2.165
    7050   2.165
    7060   2.165
    7070   2.165
    7080   2.165
    7090   2.165
    7100   2.165
    7110   2.165
    7120   2.165
    7130   2.165
    7140   2.165
    7150   2.165
    7160   2.165
    7170   2.165
    7180   2.165
    7190   2.165
    7200   2.165
    7210   2.165
    7220   2.165
    7230   2.165
    7240   2.165
    7250   2.165
    7260   2.165
    7270   2.165
    7280   2.165
    7290   2.165
    7300   2.165
    7310   2.165
    7320   2.165
    7330   2.165
    7340   2.165
    7350   2.165
    7360   2.165
    7370   2.165
    7380   2.165
    7390   2.165
    7400   2.165
    7410   2.165
    7420   2.165
    7430   2.165
    7440   2.165
    7450   2.165
    7460   2.165
    7470   2.165
    7480   2.165
    7490   2.165
    7500   2.165
    7510   2.165
    7520   2.165
    7530   2.165
    7540   2.165
    7550   2.165
    7560   2.165
    7570   2.165
    7580   2.165
    7590   2.165
    7600   2.165
    7610   2.165
    7620   2.165
    7630   2.165
    7640   2.165
    7650   2.165
    7660   2.165
    7670   2.165
    7680   2.165
    7690   2.165
    7700   2.165
    7710   2.165
    7720   2.165
    7730   2.165
    7740   2.165
    7750   2.165
    7760   2.165
    7770   2.165
    7780   2.165
    7790   2.165
    7800   2.165
    7810   2.165
    7820   2.165
    7830   2.165
    7840   2.165
    7850   2.165
    7860   2.165
    7870   2.165
    7880   2.165
    7890   2.165
    7900   2.165
    7910   2.165
    7920   2.165
    7930   2.165
    7940   2.165
    7950   2.165
    7960   2.165
    7970   2.165
    7980   2.485
    7990   2.470
    8000   2.488
    8010   2.543
    8020   2.543
    8030   2.538
    8040   2.517
    8050   2.484
    8060   2.465
    8070   2.471
    8080   2.503
    8090   2.511
    8100   2.522
    8110   2.537
    8120   2.543
    8130   2.544
    8140   2.543
    8150   2.544
    8160   2.545
    8170   2.545
    8180   2.544
    8190   2.542
    8200   2.543
    8210   2.542
    8220   2.540
    8230   2.523
    8240   2.481
    8250   2.494
    8260   2.531
    8270   2.504
    8280   2.504
    8290   2.533
    8300   2.544
    8310   2.540
    8320   2.536
    8330   2.541
    8340   2.540
    8350   2.543
    8360   2.546
    8370   2.546
    8380   2.545
    8390   2.543
    8400   2.541
    8410   2.543
    8420   2.539
    8430   2.531
    8440   2.542
    8450   2.545
    8460   2.543
    8470   2.534
    8480   2.543
    8490   2.546
    8500   2.548
    8510   2.547
    8520   2.548
    8530   2.548
    8540   2.542
    8550   2.542
    8560   2.546
    8570   2.545
    8580   2.545
    8590   2.546
    8600   2.540
    8610   2.531
    8620   2.513
    8630   2.492
    8640   2.538
    8650   2.543
    8660   2.546
    8670   2.546
    8680   2.547
    8690   2.541
    8700   2.540
    8710   2.534
    8720   2.508
    8730   2.483
    8740   2.479
    8750   2.488
    8760   2.504
    8770   2.499
    8780   2.534
    8790   2.545
    8800   2.545
    8810   2.551
    8820   2.550
    8830   2.541
    8840   2.536
    8850   2.511
    8860   2.531
    8870   2.549
    8880   2.543
    8890   2.518
    8900   2.494
    8910   2.496
    8920   2.511
    8930   2.514
    8940   2.546
    8950   2.554
    8960   2.551
    8970   2.523
    8980   2.522
    8990   2.523
    9000   2.505
    9010   2.493
    9020   2.518
    9030   2.535
    9040   2.546
    9050   2.545
    9060   2.545
    9070   2.550
    9080   2.551
    9090   2.553
    9100   2.543
    9110   2.527
    9120   2.537
    9130   2.508
    9140   2.531
    9150   2.540
    9160   2.552
    9170   2.533
    9180   2.526
    9190   2.537
    9200   2.532
    9210   2.513
    9220   2.531
    9230   2.552
    9240   2.553
    9250   2.556
    9260   2.557
    9270   2.165
    9280   2.165
    9290   2.165
    9300   2.165
    9310   2.165
    9320   2.165
    9330   2.165
    9340   2.165
    9350   2.165
    9360   2.165
    9370   2.165
    9380   2.165
    9390   2.165
    9400   2.165
    9410   2.165
    9420   2.165
    9430   2.165
    9440   2.165
    9450   2.165
    9460   2.165
    9470   2.165
    9480   2.165
    9490   2.165
    9500   2.165
    9510   2.165
    9520   2.165
    9530   2.165
    9540   2.165
    9550   2.165
    9560   2.165
    9570   2.165
    9580   2.165
    9590   2.165
    9600   2.165
    9610   2.165
    9620   2.165
    9630   2.165
    9640   2.165
    9650   2.165
    9660   2.165
    9670   2.165
    9680   2.165
    9690   2.165
    9700   2.165
    9710   2.165
    9720   2.165
    9730   2.165
    9740   2.165
    9750   2.165
    9760   2.165
    9770   2.165
    9780   2.165
    9790   2.165
    9800   2.165
    9810   2.165
    9820   2.165
    9830   2.165
    9840   2.165
    9850   2.165
    9860   2.165
    9870   2.165
    9880   2.165
    9890   2.165
    9900   2.165
    9910   2.165
    9920   2.165
    9930   2.165
    9940   2.165
    9950   2.165
    9960   2.165
    9970   2.165
    9980   2.165
    9990   2.165
   10000   2.165
   10010   2.165
   10020   2.165
   10030   2.165
   10040   2.165
   10050   2.165
   10060   2.165
   10070   2.165
   10080   2.165
   10090   2.165
   10100   2.165
   10110   2.165
   10120   2.165
   10130   2.165
   10140   2.165
   10150   2.165
   10160   2.165
   10170   2.165
   10180   2.165
   10190   2.165
   10200   2.165
   10210   2.165
   10220   2.165
   10230   2.165
   10240   2.165
   10250   2.165
   10260   2.165
   10270   2.165
   10280   2.165
   10290   2.165
   10300   2.165
   10310   2.165
   10320   2.165
   10330   2.165
   10340   2.165
   10350   2.165
   10360   2.165
   10370   2.165
   10380   2.165
   10390   2.165
   10400   2.165
   10410   2.165
   10420   2.165
   10430   2.165
   10440   2.165
   10450   2.165
   10460   2.165
   10470   2.165
   10480   2.165
   10490   2.165
   10500   2.165
   10510   2.165
   10520   2.165
   10530   2.165
   10540   2.165
   10550   2.165
   10560   2.165
   10570   2.165
   10580   2.165
   10590   2.165
   10600   2.165
   10610   2.165
   10620   2.165
   10630   2.165
   10640   2.165
   10650   2.165
   10660   2.165
   10670   2.165
   10680   2.165
   10690   2.165
   10700   2.165
   10710   2.165
   10720   2.165
   10730   2.165
   10740   2.165
   10750   2.165
   10760   2.165
   10770   2.165
   10780   2.165
   10790   2.165
   10800   2.165
   10810   2.165
   10820   2.165
   10830   2.165
   10840   2.165
   10850   2.165
   10860   2.165
   10870   2.165
   10880   2.165
   10890   2.165
   10900   2.165
   10910   2.165
   10920   2.165
   10930   2.165
   10940   2.165
   10950   2.165
   10960   2.165
   10970   2.165
   10980   2.165
   10990   2.165
   11000   2.165
   11010   2.165
   11020   2.165
   11030   2.165
   11040   2.165
   11050   2.165
   11060   2.165
   11070   2.165
   11080   2.165
   11090   2.165
   11100   2.165
   11110   2.165
   11120   2.165
   11130   2.165
   11140   2.165
   11150   2.165
   11160   2.165
   11170   2.165
   11180   2.165
   11190   2.165
   11200   2.165
   11210   2.165
   11220   2.165
   11230   2.165
   11240   2.165
   11250   2.165
   11260   2.165
   11270   2.165
   11280   2.165
   11290   2.165
   11300   2.165
   11310   2.165
   11320   2.165
   11330   2.165
   11340   2.165
   11350   2.165
   11360   2.165
   11370   2.165
   11380   2.165
   11390   2.165
   11400   2.165
   11410   2.165
   11420   2.165
   11430   2.165
   11440   2.165
   11450   2.165
   11460   2.165
   11470   2.165
   11480   2.165
   11490   2.165
   11500   2.165
   11510   2.165
   11520   2.165
   11530   2.165
   11540   2.165
   11550   2.165
   11560   2.165
   11570   2.165
   11580   2.165
   11590   2.165
   11600   2.165
   11610   2.165
   11620   2.165
   11630   2.165
   11640   2.165
   11650   2.165
   11660   2.165
   11670   2.165
   11680   2.165
   11690   2.165
   11700   2.165
   11710   2.165
   11720   2.165
   11730   2.165
   11740   2.165
   11750   2.165
   11760   2.165
   11770   2.165
   11780   2.165
   11790   2.165
   11800   2.165
   11810   2.165
   11820   2.165
   11830   2.165
   11840   2.165
   11850   2.165
   11860   2.165
   11870   2.165
   11880   2.165
   11890   2.165
   11900   2.165
   11910   2.165
   11920   2.165
   11930   2.165
   11940   2.165
   11950   2.165
   11960   2.165
   11970   2.165
   11980   2.165
   11990   2.165
   12000   2.165
   12010   2.165
   12020   2.165
   12030   2.165
   12040   2.165
   12050   2.165
   12060   2.165
   12070   2.165
   12080   2.165
   12090   2.165
   12100   2.165
   12110   2.165
   12120   2.165
   12130   2.165
   12140   2.165
   12150   2.165
   12160   2.165
   12170   2.165
   12180   2.165
   12190   2.165
   12200   2.165
   12210   2.165
   12220   2.165
   12230   2.165
   12240   2.165
   12250   2.165
   12260   2.165
   12270   2.165
   12280   2.165
   12290   2.165
   12300   2.165
   12310   2.165
   12320   2.165
   12330   2.165
   12340   2.165
   12350   2.165
   12360   2.165
   12370   2.165
   12380   2.165
   12390   2.165
   12400   2.165
   12410   2.165
   12420   2.165
   12430   2.165
   12440   2.165
   12450   2.165
   12460   2.165
   12470   2.165
   12480   2.165
   12490   2.165
   12500   2.165
   12510   2.165
   12520   2.165
   12530   2.165
   12540   2.165
   12550   2.165
   12560   2.165
   12570   2.165
   12580   2.165
   12590   2.165
   12600   2.165
   12610   2.165
   12620   2.165
   12630   2.165
   12640   2.165
   12650   2.165
   12660   2.165
   12670   2.165
   12680   2.165
   12690   2.165
   12700   2.165
   12710   2.165
   12720   2.165
   12730   2.165
   12740   2.165
   12750   2.165
   12760   2.165
   12770   2.165
   12780   2.165
   12790   2.165
   12800   2.165
   12810   2.165
   12820   2.165
   12830   2.165
   12840   2.165
   12850   2.165
   12860   2.165
   12870   2.165
   12880   2.165
   12890   2.165
   12900   2.165
   12910   2.165
   12920   2.165
   12930   2.165
   12940   2.165
   12950   2.165
   12960   2.165
   12970   2.165
   12980   2.165
   12990   2.165
   13000   2.165
   13010   2.165
   13020   2.165
   13030   2.165
   13040   2.165
   13050   2.165
   13060   2.165
   13070   2.165
   13080   2.165
   13090   2.165
   13100   2.165
   13110   2.165
   13120   2.165
   13130   2.165
   13140   2.165
   13150   2.165
   13160   2.165
   13170   2.165
   13180   2.165
   13190   2.165
   13200   2.165
   13210   2.165
   13220   2.165
   13230   2.165
   13240   2.165
   13250   2.165
   13260   2.165
   13270   2.165
   13280   2.165
   13290   2.165
   13300   2.165
   13310   2.165
   13320   2.165
   13330   2.165
   13340   2.165
   13350   2.165
   13360   2.165
   13370   2.165
   13380   2.165
   13390   2.165
   13400   2.165
   13410   2.165
   13420   2.165
   13430   2.165
   13440   2.165
   13450   2.165
   13460   2.165
   13470   2.165
   13480   2.165
   13490   2.165
   13500   2.165
   13510   2.165
   13520   2.165
   13530   2.165
   13540   2.165
   13550   2.165
   13560   2.165
   13570   2.165
   13580   2.165
   13590   2.165
   13600   2.165
   13610   2.165
   13620   2.165
   13630   2.165
   13640   2.165
   13650   2.165
   13660   2.165
   13670   2.165
   13680   2.165
   13690   2.165
   13700   2.165
   13710   2.165
   13720   2.165
   13730   2.165
   13740   2.165
   13750   2.165
   13760   2.165
   13770   2.165
   13780   2.165
   13790   2.165
   13800   2.165
   13810   2.165
   13820   2.165
   13830   2.165
   13840   2.165
   13850   2.165
   13860   2.165
   13870   2.165
   13880   2.165
   13890   2.165
   13900   2.165
   13910   2.165
   13920   2.165
   13930   2.165
   13940   2.165
   13950   2.165
   13960   2.165
   13970   2.165
   13980   2.165
   13990   2.165
   14000   2.165
   14010   2.165
   14020   2.165
   14030   2.165
   14040   2.165
   14050   2.165
   14060   2.165
   14070   2.165
   14080   2.165
   14090   2.165
   14100   2.165
   14110   2.165
   14120   2.165
   14130   2.165
   14140   2.165
   14150   2.165
   14160   2.165
   14170   2.165
   14180   2.165
   14190   2.165
   14200   2.165
   14210   2.165
   14220   2.165
   14230   2.165
   14240   2.165
   14250   2.165
   14260   2.165
   14270   2.165
   14280   2.165
   14290   2.165
   14300   2.649
   14310   2.649
   14320   2.649
   14330   2.649
   14340   2.649
   14350   2.649
   14360   2.649
   14370   2.649
   14380   2.649
   14390   2.649
   14400   2.649
   14410   2.165
   14420   2.165
   14430   2.165
   14440   2.165
   14450   2.165
   14460   2.165
   14470   2.165
   14480   2.165
   14490   2.165
   14500   2.165
   14510   2.165
   14520   2.165
   14530   2.165
   14540   2.165
   14550   2.165
   14560   2.165
   14570   2.165
   14580   2.165
   14590   2.165
   14600   2.165
   14610   2.165
   14620   2.165
   14630   2.165
   14640   2.165
   14650   2.165
   14660   2.165
   14670   2.165
   14680   2.165
   14690   2.165
   14700   2.165
   14710   2.165
   14720   2.165
   14730   2.165
   14740   2.165
   14750   2.165
   14760   2.165
   14770   2.165
   14780   2.165
   14790   2.165
   14800   2.165
   14810   2.165
   14820   2.165
   14830   2.165
   14840   2.165
   14850   2.165
   14860   2.700
   14870   2.700
   14880   2.700
   14890   2.700
   14900   2.700
   14910   2.700
   14920   2.700
   14930   2.700
   14940   2.700
   14950   2.700
   14960   2.700
   14970   2.700
   14980   2.700
   14990   2.700
   15000   2.700
