       0   1.030
      10   1.030
      20   1.030
      30   1.030
      40   1.030
      50   1.030
      60   1.030
      70   1.030
      80   1.030
      90   1.030
     100   1.030
     110   1.030
     120   1.030
     130   1.030
     140   1.030
     150   1.030
     160   1.030
     170   1.030
     180   1.030
     190   1.030
     200   1.030
     210   1.030
     220   1.030
     230   1.030
     240   1.030
     250   1.030
     260   1.030
     270   1.030
     280   1.030
     290   1.030
     300   1.030
     310   1.030
     320   1.030
     330   1.030
     340   1.030
     350   1.030
     360   1.030
     370   1.030
     380   1.030
     390   1.030
     400   1.030
     410   1.030
     420   1.030
     430   1.030
     440   1.030
     450   1.030
     460   1.030
     470   1.030
     480   1.030
     490   1.030
     500   1.030
     510   1.030
     520   1.030
     530   1.030
     540   1.030
     550   1.030
     560   1.030
     570   1.030
     580   1.030
     590   1.030
     600   1.030
     610   1.030
     620   1.030
     630   1.030
     640   1.030
     650   1.030
     660   1.030
     670   1.030
     680   1.030
     690   1.030
     700   1.030
     710   1.030
     720   1.030
     730   1.030
     740   1.030
     750   1.030
     760   1.030
     770   1.030
     780   1.030
     790   1.030
     800   1.030
     810   1.030
     820   1.030
     830   1.030
     840   1.030
     850   1.030
     860   1.030
     870   1.030
     880   1.030
     890   1.030
     900   1.030
     910   1.030
     920   1.030
     930   1.030
     940   1.030
     950   1.030
     960   1.030
     970   1.030
     980   1.030
     990   1.030
    1000   1.030
    1010   1.030
    1020   1.030
    1030   1.030
    1040   1.030
    1050   1.030
    1060   1.030
    1070   1.030
    1080   1.030
    1090   1.030
    1100   1.030
    1110   1.030
    1120   1.030
    1130   1.030
    1140   1.030
    1150   1.030
    1160   1.030
    1170   1.030
    1180   1.030
    1190   1.030
    1200   1.030
    1210   1.030
    1220   1.030
    1230   1.030
    1240   1.030
    1250   1.030
    1260   1.030
    1270   1.030
    1280   1.030
    1290   1.030
    1300   1.030
    1310   1.030
    1320   1.030
    1330   1.030
    1340   1.030
    1350   1.030
    1360   1.030
    1370   1.030
    1380   1.030
    1390   1.030
    1400   1.030
    1410   1.030
    1420   1.030
    1430   1.030
    1440   1.030
    1450   1.030
    1460   1.030
    1470   1.030
    1480   1.030
    1490   1.030
    1500   1.030
    1510   1.030
    1520   1.030
    1530   1.030
    1540   1.030
    1550   1.030
    1560   1.030
    1570   1.981
    1580   1.972
    1590   1.968
    1600   1.967
    1610   1.967
    1620   1.967
    1630   1.967
    1640   1.967
    1650   1.966
    1660   1.968
    1670   1.979
    1680   1.982
    1690   1.984
    1700   1.990
    1710   1.995
    1720   1.999
    1730   1.999
    1740   2.009
    1750   2.021
    1760   2.030
    1770   2.032
    1780   2.036
    1790   2.045
    1800   2.063
    1810   2.072
    1820   2.060
    1830   2.042
    1840   2.030
    1850   2.026
    1860   2.035
    1870   2.046
    1880   2.060
    1890   2.055
    1900   2.048
    1910   2.041
    1920   2.047
    1930   2.046
    1940   2.038
    1950   2.050
    1960   2.053
    1970   2.047
    1980   2.048
    1990   2.051
    2000   2.055
    2010   2.060
    2020   2.065
    2030   2.070
    2040   2.068
    2050   2.065
    2060   2.061
    2070   2.066
    2080   2.066
    2090   2.062
    2100   2.056
    2110   2.054
    2120   2.055
    2130   2.060
    2140   2.068
    2150   2.077
    2160   2.084
    2170   2.086
    2180   2.086
    2190   2.088
    2200   2.085
    2210   2.083
    2220   2.089
    2230   2.083
    2240   2.078
    2250   2.085
    2260   2.098
    2270   2.109
    2280   2.114
    2290   2.117
    2300   2.122
    2310   2.131
    2320   2.128
    2330   2.125
    2340   2.129
    2350   2.129
    2360   2.127
    2370   2.121
    2380   2.113
    2390   2.109
    2400   2.108
    2410   2.113
    2420   2.118
    2430   2.125
    2440   2.127
    2450   2.128
    2460   2.128
    2470   2.129
    2480   2.131
    2490   2.133
    2500   2.136
    2510   2.137
    2520   2.138
    2530   2.137
    2540   2.139
    2550   2.143
    2560   2.142
    2570   2.143
    2580   2.146
    2590   2.148
    2600   2.148
    2610   2.148
    2620   2.147
    2630   2.145
    2640   2.143
    2650   2.145
    2660   2.121
    2670   2.089
    2680   2.084
    2690   2.116
    2700   2.146
    2710   2.101
    2720   2.125
    2730   2.165
    2740   2.169
    2750   2.171
    2760   2.172
    2770   2.176
    2780   2.170
    2790   2.163
    2800   2.162
    2810   2.166
    2820   2.170
    2830   2.170
    2840   2.169
    2850   2.169
    2860   2.170
    2870   2.172
    2880   2.173
    2890   2.171
    2900   2.172
    2910   2.173
    2920   2.174
    2930   2.173
    2940   2.139
    2950   2.064
    2960   2.072
    2970   2.076
    2980   2.068
    2990   2.078
    3000   2.087
    3010   2.095
    3020   2.154
    3030   2.183
    3040   2.184
    3050   2.182
    3060   2.183
    3070   2.187
    3080   2.193
    3090   2.197
    3100   2.198
    3110   2.197
    3120   2.196
    3130   2.195
    3140   2.196
    3150   2.197
    3160   2.198
    3170   2.210
    3180   2.208
    3190   2.198
    3200   2.193
    3210   2.203
    3220   2.216
    3230   2.211
    3240   2.209
    3250   2.210
    3260   2.215
    3270   2.200
    3280   2.182
    3290   2.174
    3300   2.172
    3310   2.171
    3320   2.171
    3330   2.182
    3340   2.247
    3350   2.246
    3360   2.245
    3370   2.244
    3380   2.244
    3390   2.250
    3400   2.257
    3410   2.262
    3420   2.267
    3430   2.243
    3440   2.214
    3450   2.215
    3460   2.228
    3470   2.234
    3480   2.234
    3490   2.238
    3500   2.244
    3510   2.245
    3520   2.236
    3530   2.231
    3540   2.235
    3550   2.239
    3560   2.237
    3570   2.235
    3580   2.238
    3590   2.240
    3600   2.244
    3610   2.247
    3620   2.237
    3630   2.224
    3640   2.233
    3650   2.252
    3660   2.259
    3670   2.254
    3680   2.255
    3690   2.262
    3700   2.263
    3710   2.252
    3720   2.244
    3730   2.249
    3740   2.254
    3750   2.265
    3760   2.276
    3770   2.265
    3780   2.254
    3790   2.273
    3800   2.296
    3810   2.302
    3820   2.302
    3830   2.294
    3840   2.280
    3850   2.271
    3860   2.266
    3870   2.264
    3880   2.269
    3890   2.265
    3900   2.244
    3910   2.227
    3920   2.236
    3930   2.245
    3940   2.248
    3950   2.251
    3960   2.259
    3970   2.267
    3980   2.268
    3990   2.268
    4000   2.273
    4010   2.281
    4020   2.288
    4030   2.295
    4040   2.294
    4050   2.287
    4060   2.283
    4070   2.285
    4080   2.289
    4090   2.294
    4100   2.298
    4110   2.292
    4120   2.286
    4130   2.286
    4140   2.286
    4150   2.293
    4160   2.301
    4170   2.303
    4180   2.302
    4190   2.302
    4200   2.302
    4210   2.305
    4220   2.310
    4230   2.312
    4240   2.309
    4250   2.305
    4260   2.297
    4270   2.285
    4280   2.256
    4290   2.233
    4300   2.262
    4310   2.291
    4320   2.286
    4330   2.280
    4340   2.297
    4350   2.317
    4360   2.321
    4370   2.318
    4380   2.313
    4390   2.307
    4400   2.307
    4410   2.311
    4420   2.314
    4430   2.315
    4440   2.316
    4450   2.320
    4460   2.323
    4470   2.321
    4480   2.319
    4490   2.315
    4500   2.311
    4510   2.229
    4520   2.142
    4530   2.146
    4540   2.169
    4550   2.232
    4560   2.310
    4570   2.346
    4580   2.354
    4590   2.357
    4600   2.355
    4610   2.325
    4620   2.246
    4630   2.204
    4640   2.275
    4650   2.337
    4660   2.339
    4670   2.340
    4680   2.334
    4690   2.327
    4700   2.327
    4710   2.327
    4720   2.327
    4730   2.326
    4740   2.323
    4750   2.319
    4760   2.310
    4770   2.297
    4780   2.284
    4790   2.273
    4800   2.271
    4810   2.289
    4820   2.305
    4830   2.312
    4840   2.317
    4850   2.310
    4860   2.304
    4870   2.307
    4880   2.310
    4890   2.311
    4900   2.313
    4910   2.311
    4920   2.309
    4930   2.310
    4940   2.313
    4950   2.323
    4960   2.339
    4970   2.350
    4980   2.356
    4990   2.363
    5000   2.374
    5010   2.383
    5020   2.385
    5030   2.386
    5040   2.370
    5050   2.355
    5060   2.354
    5070   2.354
    5080   2.352
    5090   2.350
    5100   2.342
    5110   2.332
    5120   2.311
    5130   2.283
    5140   2.288
    5150   2.329
    5160   2.358
    5170   2.367
    5180   2.371
    5190   2.360
    5200   2.353
    5210   2.365
    5220   2.377
    5230   2.388
    5240   2.398
    5250   2.400
    5260   2.400
    5270   2.399
    5280   2.398
    5290   2.381
    5300   2.356
    5310   2.340
    5320   2.331
    5330   2.325
    5340   2.322
    5350   2.322
    5360   2.326
    5370   2.329
    5380   2.325
    5390   2.323
    5400   2.336
    5410   2.349
    5420   2.347
    5430   2.344
    5440   2.351
    5450   2.360
    5460   2.360
    5470   2.357
    5480   2.355
    5490   2.355
    5500   2.354
    5510   2.354
    5520   2.355
    5530   2.359
    5540   2.361
    5550   2.360
    5560   2.357
    5570   2.347
    5580   2.337
    5590   2.332
    5600   2.328
    5610   2.317
    5620   2.306
    5630   2.305
    5640   2.305
    5650   2.335
    5660   2.375
    5670   2.389
    5680   2.384
    5690   2.386
    5700   2.398
    5710   2.391
    5720   2.352
    5730   2.321
    5740   2.315
    5750   2.310
    5760   2.317
    5770   2.324
    5780   2.340
    5790   2.356
    5800   2.353
    5810   2.348
    5820   2.342
    5830   2.335
    5840   2.338
    5850   2.345
    5860   2.329
    5870   2.423
    5880   2.424
    5890   2.426
    5900   2.427
    5910   2.422
    5920   2.416
    5930   2.409
    5940   2.409
    5950   2.414
    5960   2.419
    5970   2.423
    5980   2.426
    5990   2.429
    6000   2.432
    6010   2.382
    6020   2.332
    6030   2.281
    6040   2.266
    6050   2.267
    6060   2.267
    6070   2.287
    6080   2.333
    6090   2.378
    6100   2.418
    6110   2.420
    6120   2.423
    6130   2.425
    6140   2.429
    6150   2.433
    6160   2.437
    6170   2.437
    6180   2.434
    6190   2.431
    6200   2.429
    6210   2.428
    6220   2.428
    6230   2.427
    6240   2.420
    6250   2.413
    6260   2.406
    6270   2.408
    6280   2.414
    6290   2.419
    6300   2.421
    6310   2.419
    6320   2.417
    6330   2.415
    6340   2.413
    6350   2.411
    6360   2.410
    6370   2.408
    6380   2.406
    6390   2.404
    6400   2.405
    6410   2.408
    6420   2.411
    6430   2.411
    6440   2.407
    6450   2.403
    6460   2.398
    6470   2.395
    6480   2.392
    6490   2.388
    6500   2.398
    6510   2.410
    6520   2.423
    6530   2.430
    6540   2.432
    6550   2.434
    6560   2.436
    6570   2.441
    6580   2.446
    6590   2.451
    6600   2.451
    6610   2.450
    6620   2.450
    6630   2.443
    6640   2.433
    6650   2.423
    6660   2.422
    6670   2.431
    6680   2.441
    6690   2.450
    6700   2.455
    6710   2.460
    6720   2.465
    6730   2.467
    6740   2.468
    6750   2.468
    6760   2.468
    6770   2.466
    6780   2.464
    6790   2.463
    6800   2.464
    6810   2.465
    6820   2.466
    6830   2.470
    6840   2.475
    6850   2.479
    6860   2.476
    6870   2.470
    6880   2.464
    6890   2.462
    6900   2.464
    6910   2.467
    6920   2.468
    6930   2.465
    6940   2.462
    6950   2.460
    6960   2.458
    6970   2.457
    6980   2.456
    6990   2.461
    7000   2.469
    7010   2.478
    7020   2.481
    7030   2.476
    7040   2.471
    7050   2.466
    7060   2.464
    7070   2.462
    7080   2.460
    7090   2.453
    7100   2.444
    7110   2.435
    7120   2.431
    7130   2.431
    7140   2.430
    7150   2.428
    7160   2.421
    7170   2.415
    7180   2.408
    7190   2.412
    7200   2.415
    7210   2.419
    7220   2.420
    7230   2.421
    7240   2.421
    7250   2.420
    7260   2.418
    7270   2.416
    7280   2.412
    7290   2.395
    7300   2.377
    7310   2.360
    7320   2.354
    7330   2.351
    7340   2.347
    7350   2.342
    7360   2.335
    7370   2.329
    7380   2.510
    7390   2.506
    7400   2.504
    7410   2.502
    7420   2.502
    7430   2.501
    7440   2.499
    7450   2.491
    7460   2.486
    7470   2.482
    7480   2.481
    7490   2.480
    7500   2.479
    7510   2.475
    7520   2.470
    7530   2.462
    7540   2.464
    7550   2.459
    7560   2.443
    7570   2.440
    7580   2.434
    7590   2.420
    7600   2.432
    7610   2.443
    7620   2.436
    7630   2.445
    7640   2.457
    7650   2.463
    7660   2.469
    7670   2.472
    7680   2.464
    7690   2.465
    7700   2.470
    7710   2.478
    7720   2.482
    7730   2.483
    7740   2.465
    7750   2.461
    7760   2.477
    7770   2.468
    7780   2.463
    7790   2.468
    7800   2.477
    7810   2.486
    7820   2.492
    7830   2.501
    7840   2.505
    7850   2.492
    7860   2.476
    7870   2.465
    7880   2.489
    7890   2.495
    7900   2.488
    7910   2.473
    7920   2.465
    7930   2.462
    7940   2.411
    7950   2.382
    7960   2.376
    7970   2.377
    7980   2.381
    7990   2.387
    8000   2.437
    8010   2.477
    8020   2.479
    8030   2.431
    8040   2.386
    8050   2.389
    8060   2.389
    8070   2.388
    8080   2.387
    8090   2.430
    8100   2.489
    8110   2.474
    8120   2.448
    8130   2.416
    8140   2.408
    8150   2.404
    8160   2.407
    8170   2.408
    8180   2.412
    8190   2.420
    8200   2.442
    8210   2.456
    8220   2.450
    8230   2.451
    8240   2.451
    8250   2.443
    8260   2.442
    8270   2.444
    8280   2.451
    8290   2.463
    8300   2.476
    8310   2.475
    8320   2.471
    8330   2.466
    8340   2.469
    8350   2.480
    8360   2.498
    8370   2.498
    8380   2.491
    8390   2.475
    8400   2.488
    8410   2.502
    8420   2.516
    8430   2.524
    8440   2.526
    8450   2.515
    8460   2.502
    8470   2.492
    8480   2.490
    8490   2.492
    8500   2.496
    8510   2.495
    8520   2.496
    8530   2.497
    8540   2.497
    8550   2.496
    8560   2.496
    8570   2.491
    8580   2.490
    8590   2.493
    8600   2.494
    8610   2.487
    8620   2.467
    8630   2.466
    8640   2.468
    8650   2.469
    8660   2.484
    8670   2.499
    8680   2.502
    8690   2.503
    8700   2.502
    8710   2.501
    8720   2.500
    8730   2.497
    8740   2.488
    8750   2.479
    8760   2.470
    8770   2.468
    8780   2.468
    8790   2.469
    8800   2.490
    8810   2.502
    8820   2.501
    8830   2.504
    8840   2.505
    8850   2.505
    8860   2.505
    8870   2.505
    8880   2.504
    8890   2.501
    8900   2.499
    8910   2.504
    8920   2.506
    8930   2.506
    8940   2.503
    8950   2.489
    8960   2.471
    8970   2.476
    8980   2.443
    8990   2.377
    9000   2.417
    9010   2.454
    9020   2.488
    9030   2.498
    9040   2.492
    9050   2.461
    9060   2.460
    9070   2.470
    9080   2.491
    9090   2.504
    9100   2.512
    9110   2.511
    9120   2.500
    9130   2.483
    9140   2.459
    9150   2.461
    9160   2.472
    9170   2.439
    9180   2.423
    9190   2.420
    9200   2.391
    9210   2.510
    9220   2.521
    9230   2.527
    9240   2.517
    9250   2.506
    9260   2.506
    9270   2.512
    9280   2.508
    9290   2.496
    9300   2.503
    9310   2.504
    9320   2.505
    9330   2.513
    9340   2.516
    9350   2.512
    9360   2.502
    9370   2.504
    9380   2.494
    9390   2.484
    9400   2.496
    9410   2.493
    9420   2.499
    9430   2.521
    9440   2.531
    9450   2.524
    9460   2.509
    9470   2.498
    9480   2.501
    9490   2.505
    9500   2.503
    9510   2.514
    9520   2.525
    9530   2.532
    9540   2.524
    9550   2.465
    9560   2.413
    9570   2.409
    9580   2.410
    9590   2.412
    9600   2.421
    9610   2.514
    9620   2.539
    9630   2.513
    9640   2.434
    9650   2.446
    9660   2.453
    9670   2.433
    9680   2.434
    9690   2.469
    9700   2.513
    9710   2.513
    9720   2.507
    9730   2.505
    9740   2.510
    9750   2.505
    9760   2.512
    9770   2.526
    9780   2.535
    9790   2.536
    9800   2.533
    9810   2.528
    9820   2.529
    9830   2.530
    9840   2.531
    9850   2.533
    9860   2.526
    9870   2.518
    9880   2.525
    9890   2.514
    9900   2.503
    9910   2.496
    9920   2.493
    9930   2.497
    9940   2.504
    9950   2.502
    9960   2.513
    9970   2.519
    9980   2.508
    9990   2.512
   10000   2.512
   10010   2.507
   10020   2.478
   10030   2.487
   10040   2.505
   10050   2.498
   10060   2.485
   10070   2.488
   10080   2.510
   10090   2.511
   10100   2.504
   10110   2.498
   10120   2.520
   10130   2.490
   10140   2.469
   10150   2.488
   10160   2.501
   10170   2.516
   10180   2.533
   10190   2.545
   10200   2.551
   10210   2.556
   10220   2.567
   10230   2.554
   10240   2.543
   10250   2.540
   10260   2.530
   10270   2.521
   10280   2.515
   10290   2.520
   10300   2.527
   10310   2.533
   10320   2.537
   10330   2.536
   10340   2.536
   10350   2.538
   10360   2.542
   10370   2.542
   10380   2.539
   10390   2.534
   10400   2.518
   10410   2.505
   10420   2.499
   10430   2.514
   10440   2.516
   10450   2.511
   10460   2.515
   10470   2.495
   10480   2.477
   10490   2.485
   10500   2.505
   10510   2.510
   10520   2.500
   10530   2.534
   10540   2.552
   10550   2.559
   10560   2.560
   10570   2.556
   10580   2.548
   10590   2.537
   10600   2.545
   10610   2.551
   10620   2.553
   10630   2.533
   10640   2.533
   10650   2.541
   10660   2.546
   10670   2.540
   10680   2.539
   10690   2.548
   10700   2.554
   10710   2.553
   10720   2.548
   10730   2.539
   10740   2.536
   10750   2.537
   10760   2.545
   10770   2.547
   10780   2.547
   10790   2.548
   10800   2.535
   10810   2.532
   10820   2.537
   10830   2.539
   10840   2.501
   10850   2.456
   10860   2.433
   10870   2.425
   10880   2.428
   10890   2.439
   10900   2.539
   10910   2.535
   10920   2.540
   10930   2.536
   10940   2.527
   10950   2.525
   10960   2.538
   10970   2.546
   10980   2.546
   10990   2.544
   11000   2.536
   11010   2.528
   11020   2.532
   11030   2.542
   11040   2.546
   11050   2.543
   11060   2.547
   11070   2.532
   11080   2.533
   11090   2.550
   11100   2.552
   11110   2.553
   11120   2.553
   11130   2.550
   11140   2.541
   11150   2.537
   11160   2.538
   11170   2.544
   11180   2.551
   11190   2.553
   11200   2.524
   11210   2.466
   11220   2.519
   11230   2.513
   11240   2.486
   11250   2.520
   11260   2.519
   11270   2.500
   11280   2.495
   11290   2.506
   11300   2.481
   11310   2.475
   11320   2.471
   11330   2.476
   11340   2.483
   11350   2.494
   11360   2.519
   11370   2.507
   11380   2.482
   11390   2.525
   11400   2.525
   11410   2.525
   11420   2.525
   11430   2.524
   11440   2.524
   11450   2.512
   11460   2.514
   11470   2.523
   11480   2.525
   11490   2.525
   11500   2.527
   11510   2.528
   11520   2.527
   11530   2.527
   11540   2.523
   11550   2.486
   11560   2.526
   11570   2.528
   11580   2.514
   11590   2.505
   11600   2.485
   11610   2.474
   11620   2.494
   11630   2.521
   11640   2.529
   11650   2.529
   11660   2.530
   11670   2.529
   11680   2.526
   11690   2.530
   11700   2.530
   11710   2.531
   11720   2.531
   11730   2.532
   11740   2.523
   11750   2.521
   11760   2.522
   11770   2.526
   11780   2.533
   11790   2.528
   11800   2.517
   11810   2.509
   11820   2.503
   11830   2.532
   11840   2.525
   11850   2.531
   11860   2.521
   11870   2.530
   11880   2.536
   11890   2.534
   11900   2.533
   11910   2.554
   11920   2.554
   11930   2.553
   11940   2.548
   11950   2.519
   11960   2.498
   11970   2.484
   11980   2.486
   11990   2.523
   12000   2.548
   12010   2.551
   12020   2.550
   12030   2.552
   12040   2.555
   12050   2.555
   12060   2.555
   12070   2.556
   12080   2.556
   12090   2.556
   12100   2.556
   12110   2.556
   12120   2.556
   12130   2.555
   12140   2.552
   12150   2.549
   12160   2.551
   12170   2.539
   12180   2.509
   12190   2.521
   12200   2.514
   12210   2.485
   12220   2.495
   12230   2.532
   12240   2.539
   12250   2.537
   12260   2.539
   12270   2.547
   12280   2.554
   12290   2.554
   12300   2.553
   12310   2.553
   12320   2.555
   12330   2.557
   12340   2.552
   12350   2.538
   12360   2.547
   12370   2.539
   12380   2.531
   12390   2.549
   12400   2.549
   12410   2.554
   12420   2.557
   12430   2.559
   12440   2.559
   12450   2.559
   12460   2.559
   12470   2.559
   12480   2.556
   12490   2.556
   12500   2.558
   12510   2.554
   12520   2.549
   12530   2.555
   12540   2.558
   12550   2.550
   12560   2.537
   12570   2.551
   12580   2.540
   12590   2.526
   12600   2.531
   12610   2.531
   12620   2.506
   12630   2.528
   12640   2.553
   12650   2.558
   12660   2.550
   12670   2.546
   12680   2.556
   12690   2.549
   12700   2.543
   12710   2.519
   12720   2.499
   12730   2.499
   12740   2.510
   12750   2.500
   12760   2.506
   12770   2.513
   12780   2.525
   12790   2.547
   12800   2.562
   12810   2.561
   12820   2.557
   12830   2.558
   12840   2.562
   12850   2.562
   12860   2.562
   12870   2.562
   12880   2.563
   12890   2.562
   12900   2.551
   12910   2.519
   12920   2.501
   12930   2.523
   12940   2.525
   12950   2.530
   12960   2.544
   12970   2.551
   12980   2.558
   12990   2.561
   13000   2.543
   13010   2.537
   13020   2.554
   13030   2.559
   13040   2.551
   13050   2.551
   13060   2.553
   13070   2.549
   13080   2.536
   13090   2.541
   13100   2.560
   13110   2.551
   13120   2.548
   13130   2.555
   13140   2.562
   13150   2.560
   13160   2.550
   13170   2.523
   13180   2.519
   13190   2.539
   13200   2.549
   13210   2.554
   13220   2.554
   13230   2.549
   13240   2.543
   13250   2.543
   13260   2.553
   13270   2.525
   13280   2.537
   13290   2.551
   13300   2.560
   13310   2.564
   13320   2.564
   13330   2.565
   13340   2.567
   13350   2.165
   13360   2.165
   13370   2.165
   13380   2.165
   13390   2.165
   13400   2.165
   13410   2.165
   13420   2.165
   13430   2.165
   13440   2.165
   13450   2.165
   13460   2.165
   13470   2.165
   13480   2.165
   13490   2.165
   13500   2.165
   13510   2.165
   13520   2.165
   13530   2.165
   13540   2.165
   13550   2.165
   13560   2.165
   13570   2.165
   13580   2.165
   13590   2.165
   13600   2.165
   13610   2.165
   13620   2.165
   13630   2.165
   13640   2.165
   13650   2.165
   13660   2.165
   13670   2.165
   13680   2.165
   13690   2.165
   13700   2.165
   13710   2.165
   13720   2.165
   13730   2.165
   13740   2.165
   13750   2.165
   13760   2.165
   13770   2.165
   13780   2.165
   13790   2.165
   13800   2.165
   13810   2.165
   13820   2.165
   13830   2.165
   13840   2.165
   13850   2.165
   13860   2.165
   13870   2.165
   13880   2.165
   13890   2.165
   13900   2.165
   13910   2.165
   13920   2.165
   13930   2.165
   13940   2.165
   13950   2.165
   13960   2.165
   13970   2.165
   13980   2.165
   13990   2.165
   14000   2.165
   14010   2.165
   14020   2.165
   14030   2.165
   14040   2.165
   14050   2.165
   14060   2.165
   14070   2.165
   14080   2.165
   14090   2.165
   14100   2.165
   14110   2.165
   14120   2.165
   14130   2.165
   14140   2.165
   14150   2.165
   14160   2.165
   14170   2.165
   14180   2.165
   14190   2.165
   14200   2.165
   14210   2.165
   14220   2.165
   14230   2.165
   14240   2.165
   14250   2.165
   14260   2.165
   14270   2.165
   14280   2.165
   14290   2.165
   14300   2.165
   14310   2.165
   14320   2.165
   14330   2.165
   14340   2.165
   14350   2.165
   14360   2.165
   14370   2.165
   14380   2.165
   14390   2.165
   14400   2.165
   14410   2.165
   14420   2.165
   14430   2.165
   14440   2.165
   14450   2.165
   14460   2.165
   14470   2.165
   14480   2.165
   14490   2.165
   14500   2.165
   14510   2.165
   14520   2.165
   14530   2.165
   14540   2.165
   14550   2.165
   14560   2.165
   14570   2.165
   14580   2.165
   14590   2.165
   14600   2.165
   14610   2.165
   14620   2.165
   14630   2.165
   14640   2.165
   14650   2.165
   14660   2.165
   14670   2.165
   14680   2.165
   14690   2.165
   14700   2.165
   14710   2.165
   14720   2.165
   14730   2.165
   14740   2.165
   14750   2.165
   14760   2.165
   14770   2.165
   14780   2.165
   14790   2.165
   14800   2.165
   14810   2.165
   14820   2.165
   14830   2.165
   14840   2.165
   14850   2.165
   14860   2.700
   14870   2.700
   14880   2.700
   14890   2.700
   14900   2.700
   14910   2.700
   14920   2.700
   14930   2.700
   14940   2.700
   14950   2.700
   14960   2.700
   14970   2.700
   14980   2.700
   14990   2.700
   15000   2.700
