       0   1.030
      10   1.030
      20   1.030
      30   1.030
      40   1.030
      50   1.030
      60   1.030
      70   1.030
      80   1.030
      90   1.030
     100   1.030
     110   1.030
     120   1.030
     130   1.030
     140   1.030
     150   1.030
     160   1.030
     170   1.030
     180   1.030
     190   1.030
     200   1.030
     210   1.030
     220   1.030
     230   1.030
     240   1.030
     250   1.030
     260   1.030
     270   1.030
     280   1.030
     290   1.030
     300   1.030
     310   1.030
     320   1.030
     330   1.030
     340   1.030
     350   1.030
     360   1.030
     370   1.030
     380   1.030
     390   1.030
     400   1.030
     410   1.030
     420   1.030
     430   1.030
     440   1.030
     450   1.030
     460   1.030
     470   1.030
     480   1.030
     490   1.030
     500   1.030
     510   1.030
     520   1.030
     530   1.030
     540   1.030
     550   1.030
     560   1.030
     570   1.030
     580   1.030
     590   1.030
     600   1.030
     610   1.030
     620   1.030
     630   1.030
     640   1.030
     650   1.030
     660   1.030
     670   1.030
     680   1.030
     690   1.030
     700   1.030
     710   1.030
     720   1.030
     730   1.030
     740   1.030
     750   1.030
     760   1.030
     770   1.030
     780   1.030
     790   1.030
     800   1.030
     810   1.030
     820   1.030
     830   1.030
     840   1.030
     850   1.030
     860   1.030
     870   1.030
     880   1.030
     890   1.030
     900   1.030
     910   1.030
     920   1.030
     930   1.030
     940   1.030
     950   1.030
     960   1.030
     970   1.030
     980   1.030
     990   1.030
    1000   1.030
    1010   1.030
    1020   1.030
    1030   1.030
    1040   1.030
    1050   1.030
    1060   1.030
    1070   1.030
    1080   1.030
    1090   1.030
    1100   1.030
    1110   1.030
    1120   1.030
    1130   1.030
    1140   1.030
    1150   1.030
    1160   1.030
    1170   1.030
    1180   1.030
    1190   1.030
    1200   1.030
    1210   1.030
    1220   1.030
    1230   1.030
    1240   1.030
    1250   1.030
    1260   1.030
    1270   1.030
    1280   1.030
    1290   1.030
    1300   1.030
    1310   1.030
    1320   1.030
    1330   1.030
    1340   1.030
    1350   1.030
    1360   1.030
    1370   1.030
    1380   1.030
    1390   1.030
    1400   1.030
    1410   1.030
    1420   1.987
    1430   1.988
    1440   1.989
    1450   1.990
    1460   1.995
    1470   1.999
    1480   2.004
    1490   2.006
    1500   2.008
    1510   2.010
    1520   2.011
    1530   2.005
    1540   2.000
    1550   1.994
    1560   1.994
    1570   1.998
    1580   2.002
    1590   2.006
    1600   2.010
    1610   2.014
    1620   2.019
    1630   2.020
    1640   2.017
    1650   2.014
    1660   2.010
    1670   2.012
    1680   2.015
    1690   2.018
    1700   2.020
    1710   2.020
    1720   2.019
    1730   2.018
    1740   2.023
    1750   2.031
    1760   2.039
    1770   2.046
    1780   2.046
    1790   2.046
    1800   2.046
    1810   2.048
    1820   2.052
    1830   2.055
    1840   2.059
    1850   2.061
    1860   2.063
    1870   2.065
    1880   2.067
    1890   2.070
    1900   2.073
    1910   2.076
    1920   2.082
    1930   2.088
    1940   2.095
    1950   2.101
    1960   2.105
    1970   2.109
    1980   2.112
    1990   2.110
    2000   2.104
    2010   2.098
    2020   2.093
    2030   2.093
    2040   2.093
    2050   2.093
    2060   2.094
    2070   2.095
    2080   2.097
    2090   2.099
    2100   2.101
    2110   2.102
    2120   2.104
    2130   2.106
    2140   2.109
    2150   2.111
    2160   2.114
    2170   2.115
    2180   2.115
    2190   2.115
    2200   2.116
    2210   2.117
    2220   2.118
    2230   2.120
    2240   2.120
    2250   2.121
    2260   2.121
    2270   2.121
    2280   2.120
    2290   2.118
    2300   2.116
    2310   2.116
    2320   2.116
    2330   2.117
    2340   2.118
    2350   2.122
    2360   2.126
    2370   2.131
    2380   2.135
    2390   2.137
    2400   2.139
    2410   2.141
    2420   2.140
    2430   2.139
    2440   2.138
    2450   2.138
    2460   2.141
    2470   2.144
    2480   2.148
    2490   2.150
    2500   2.151
    2510   2.153
    2520   2.154
    2530   2.155
    2540   2.155
    2550   2.156
    2560   2.156
    2570   2.157
    2580   2.158
    2590   2.159
    2600   2.160
    2610   2.161
    2620   2.162
    2630   2.162
    2640   2.159
    2650   2.156
    2660   2.153
    2670   2.150
    2680   2.148
    2690   2.145
    2700   2.143
    2710   2.142
    2720   2.142
    2730   2.142
    2740   2.145
    2750   2.150
    2760   2.155
    2770   2.160
    2780   2.163
    2790   2.165
    2800   2.168
    2810   2.162
    2820   2.144
    2830   2.126
    2840   2.107
    2850   2.105
    2860   2.104
    2870   2.103
    2880   2.109
    2890   2.131
    2900   2.152
    2910   2.174
    2920   2.180
    2930   2.182
    2940   2.183
    2950   2.185
    2960   2.188
    2970   2.191
    2980   2.194
    2990   2.196
    3000   2.197
    3010   2.198
    3020   2.200
    3030   2.201
    3040   2.202
    3050   2.203
    3060   2.203
    3070   2.201
    3080   2.200
    3090   2.199
    3100   2.202
    3110   2.205
    3120   2.209
    3130   2.211
    3140   2.209
    3150   2.208
    3160   2.207
    3170   2.212
    3180   2.219
    3190   2.226
    3200   2.232
    3210   2.233
    3220   2.235
    3230   2.236
    3240   2.235
    3250   2.232
    3260   2.229
    3270   2.227
    3280   2.232
    3290   2.236
    3300   2.241
    3310   2.244
    3320   2.245
    3330   2.245
    3340   2.246
    3350   2.247
    3360   2.248
    3370   2.249
    3380   2.248
    3390   2.244
    3400   2.240
    3410   2.236
    3420   2.237
    3430   2.239
    3440   2.241
    3450   2.242
    3460   2.242
    3470   2.242
    3480   2.242
    3490   2.242
    3500   2.243
    3510   2.243
    3520   2.244
    3530   2.244
    3540   2.244
    3550   2.244
    3560   2.244
    3570   2.244
    3580   2.245
    3590   2.246
    3600   2.244
    3610   2.242
    3620   2.241
    3630   2.240
    3640   2.242
    3650   2.244
    3660   2.246
    3670   2.248
    3680   2.250
    3690   2.252
    3700   2.254
    3710   2.254
    3720   2.254
    3730   2.254
    3740   2.255
    3750   2.256
    3760   2.257
    3770   2.258
    3780   2.259
    3790   2.259
    3800   2.260
    3810   2.262
    3820   2.264
    3830   2.266
    3840   2.268
    3850   2.270
    3860   2.272
    3870   2.273
    3880   2.274
    3890   2.275
    3900   2.275
    3910   2.276
    3920   2.275
    3930   2.273
    3940   2.272
    3950   2.271
    3960   2.271
    3970   2.271
    3980   2.271
    3990   2.268
    4000   2.265
    4010   2.262
    4020   2.256
    4030   2.229
    4040   2.203
    4050   2.177
    4060   2.168
    4070   2.173
    4080   2.179
    4090   2.184
    4100   2.182
    4110   2.181
    4120   2.180
    4130   2.180
    4140   2.182
    4150   2.184
    4160   2.186
    4170   2.189
    4180   2.192
    4190   2.196
    4200   2.206
    4210   2.234
    4220   2.261
    4230   2.289
    4240   2.297
    4250   2.297
    4260   2.298
    4270   2.298
    4280   2.300
    4290   2.301
    4300   2.302
    4310   2.302
    4320   2.300
    4330   2.298
    4340   2.296
    4350   2.300
    4360   2.304
    4370   2.308
    4380   2.310
    4390   2.307
    4400   2.305
    4410   2.303
    4420   2.300
    4430   2.298
    4440   2.296
    4450   2.296
    4460   2.301
    4470   2.307
    4480   2.312
    4490   2.314
    4500   2.314
    4510   2.315
    4520   2.316
    4530   2.315
    4540   2.314
    4550   2.314
    4560   2.313
    4570   2.313
    4580   2.312
    4590   2.312
    4600   2.313
    4610   2.315
    4620   2.316
    4630   2.318
    4640   2.319
    4650   2.320
    4660   2.321
    4670   2.320
    4680   2.319
    4690   2.317
    4700   2.316
    4710   2.316
    4720   2.316
    4730   2.316
    4740   2.316
    4750   2.316
    4760   2.316
    4770   2.316
    4780   2.318
    4790   2.320
    4800   2.322
    4810   2.324
    4820   2.325
    4830   2.327
    4840   2.328
    4850   2.329
    4860   2.330
    4870   2.331
    4880   2.332
    4890   2.332
    4900   2.333
    4910   2.334
    4920   2.335
    4930   2.336
    4940   2.337
    4950   2.335
    4960   2.329
    4970   2.323
    4980   2.318
    4990   2.316
    5000   2.315
    5010   2.314
    5020   2.315
    5030   2.322
    5040   2.329
    5050   2.336
    5060   2.339
    5070   2.339
    5080   2.340
    5090   2.341
    5100   2.340
    5110   2.339
    5120   2.338
    5130   2.336
    5140   2.334
    5150   2.331
    5160   2.329
    5170   2.328
    5180   2.327
    5190   2.326
    5200   2.330
    5210   2.338
    5220   2.346
    5230   2.354
    5240   2.356
    5250   2.358
    5260   2.360
    5270   2.361
    5280   2.361
    5290   2.360
    5300   2.360
    5310   2.356
    5320   2.352
    5330   2.347
    5340   2.345
    5350   2.351
    5360   2.357
    5370   2.363
    5380   2.365
    5390   2.366
    5400   2.366
    5410   2.366
    5420   2.366
    5430   2.365
    5440   2.365
    5450   2.364
    5460   2.364
    5470   2.364
    5480   2.363
    5490   2.344
    5500   2.326
    5510   2.307
    5520   2.299
    5530   2.306
    5540   2.314
    5550   2.321
    5560   2.326
    5570   2.330
    5580   2.335
    5590   2.337
    5600   2.335
    5610   2.333
    5620   2.330
    5630   2.332
    5640   2.335
    5650   2.339
    5660   2.340
    5670   2.345
    5680   2.349
    5690   2.345
    5700   2.337
    5710   2.332
    5720   2.352
    5730   2.372
    5740   2.382
    5750   2.387
    5760   2.389
    5770   2.369
    5780   2.350
    5790   2.347
    5800   2.356
    5810   2.364
    5820   2.358
    5830   2.352
    5840   2.347
    5850   2.341
    5860   2.337
    5870   2.345
    5880   2.353
    5890   2.356
    5900   2.355
    5910   2.353
    5920   2.345
    5930   2.337
    5940   2.338
    5950   2.348
    5960   2.358
    5970   2.363
    5980   2.368
    5990   2.368
    6000   2.364
    6010   2.360
    6020   2.368
    6030   2.376
    6040   2.379
    6050   2.374
    6060   2.370
    6070   2.373
    6080   2.376
    6090   2.375
    6100   2.369
    6110   2.363
    6120   2.352
    6130   2.340
    6140   2.339
    6150   2.351
    6160   2.363
    6170   2.352
    6180   2.339
    6190   2.347
    6200   2.383
    6210   2.419
    6220   2.418
    6230   2.414
    6240   2.409
    6250   2.402
    6260   2.395
    6270   2.386
    6280   2.378
    6290   2.372
    6300   2.370
    6310   2.369
    6320   2.363
    6330   2.357
    6340   2.355
    6350   2.357
    6360   2.360
    6370   2.362
    6380   2.363
    6390   2.365
    6400   2.367
    6410   2.369
    6420   2.364
    6430   2.357
    6440   2.357
    6450   2.369
    6460   2.381
    6470   2.387
    6480   2.391
    6490   2.393
    6500   2.391
    6510   2.388
    6520   2.392
    6530   2.398
    6540   2.402
    6550   2.403
    6560   2.404
    6570   2.396
    6580   2.386
    6590   2.382
    6600   2.394
    6610   2.405
    6620   2.406
    6630   2.404
    6640   2.404
    6650   2.412
    6660   2.420
    6670   2.412
    6680   2.398
    6690   2.391
    6700   2.405
    6710   2.418
    6720   2.417
    6730   2.410
    6740   2.403
    6750   2.392
    6760   2.380
    6770   2.364
    6780   2.346
    6790   2.334
    6800   2.340
    6810   2.347
    6820   2.347
    6830   2.345
    6840   2.348
    6850   2.377
    6860   2.406
    6870   2.417
    6880   2.419
    6890   2.419
    6900   2.411
    6910   2.402
    6920   2.404
    6930   2.410
    6940   2.416
    6950   2.419
    6960   2.423
    6970   2.425
    6980   2.427
    6990   2.428
    7000   2.423
    7010   2.419
    7020   2.415
    7030   2.413
    7040   2.411
    7050   2.418
    7060   2.426
    7070   2.431
    7080   2.435
    7090   2.439
    7100   2.439
    7110   2.438
    7120   2.440
    7130   2.444
    7140   2.448
    7150   2.453
    7160   2.458
    7170   2.457
    7180   2.451
    7190   2.446
    7200   2.442
    7210   2.439
    7220   2.439
    7230   2.442
    7240   2.445
    7250   2.444
    7260   2.443
    7270   2.443
    7280   2.443
    7290   2.444
    7300   2.440
    7310   2.437
    7320   2.431
    7330   2.423
    7340   2.416
    7350   2.399
    7360   2.383
    7370   2.370
    7380   2.360
    7390   2.351
    7400   2.352
    7410   2.353
    7420   2.367
    7430   2.394
    7440   2.422
    7450   2.409
    7460   2.394
    7470   2.380
    7480   2.368
    7490   2.355
    7500   2.383
    7510   2.413
    7520   2.430
    7530   2.430
    7540   2.430
    7550   2.433
    7560   2.437
    7570   2.440
    7580   2.442
    7590   2.444
    7600   2.444
    7610   2.444
    7620   2.441
    7630   2.433
    7640   2.426
    7650   2.444
    7660   2.465
    7670   2.475
    7680   2.466
    7690   2.457
    7700   2.456
    7710   2.456
    7720   2.455
    7730   2.455
    7740   2.455
    7750   2.447
    7760   2.438
    7770   2.430
    7780   2.422
    7790   2.415
    7800   2.413
    7810   2.412
    7820   2.417
    7830   2.436
    7840   2.165
    7850   2.165
    7860   2.165
    7870   2.165
    7880   2.165
    7890   2.165
    7900   2.165
    7910   2.165
    7920   2.165
    7930   2.165
    7940   2.165
    7950   2.165
    7960   2.165
    7970   2.165
    7980   2.165
    7990   2.165
    8000   2.165
    8010   2.165
    8020   2.165
    8030   2.165
    8040   2.165
    8050   2.165
    8060   2.165
    8070   2.165
    8080   2.165
    8090   2.165
    8100   2.165
    8110   2.165
    8120   2.165
    8130   2.165
    8140   2.165
    8150   2.165
    8160   2.165
    8170   2.165
    8180   2.165
    8190   2.165
    8200   2.165
    8210   2.165
    8220   2.165
    8230   2.165
    8240   2.165
    8250   2.165
    8260   2.165
    8270   2.165
    8280   2.165
    8290   2.165
    8300   2.165
    8310   2.165
    8320   2.165
    8330   2.165
    8340   2.165
    8350   2.165
    8360   2.165
    8370   2.165
    8380   2.165
    8390   2.165
    8400   2.165
    8410   2.165
    8420   2.165
    8430   2.165
    8440   2.165
    8450   2.165
    8460   2.165
    8470   2.165
    8480   2.165
    8490   2.165
    8500   2.165
    8510   2.165
    8520   2.165
    8530   2.165
    8540   2.165
    8550   2.165
    8560   2.165
    8570   2.165
    8580   2.165
    8590   2.165
    8600   2.165
    8610   2.165
    8620   2.165
    8630   2.165
    8640   2.165
    8650   2.165
    8660   2.165
    8670   2.165
    8680   2.165
    8690   2.165
    8700   2.165
    8710   2.165
    8720   2.165
    8730   2.165
    8740   2.165
    8750   2.165
    8760   2.165
    8770   2.165
    8780   2.165
    8790   2.165
    8800   2.165
    8810   2.165
    8820   2.165
    8830   2.165
    8840   2.165
    8850   2.165
    8860   2.165
    8870   2.165
    8880   2.165
    8890   2.165
    8900   2.165
    8910   2.165
    8920   2.165
    8930   2.165
    8940   2.165
    8950   2.165
    8960   2.165
    8970   2.165
    8980   2.165
    8990   2.165
    9000   2.165
    9010   2.165
    9020   2.165
    9030   2.165
    9040   2.165
    9050   2.165
    9060   2.165
    9070   2.165
    9080   2.165
    9090   2.165
    9100   2.165
    9110   2.165
    9120   2.165
    9130   2.165
    9140   2.165
    9150   2.165
    9160   2.165
    9170   2.165
    9180   2.165
    9190   2.165
    9200   2.165
    9210   2.165
    9220   2.165
    9230   2.165
    9240   2.165
    9250   2.165
    9260   2.165
    9270   2.165
    9280   2.165
    9290   2.165
    9300   2.165
    9310   2.165
    9320   2.165
    9330   2.165
    9340   2.165
    9350   2.165
    9360   2.165
    9370   2.165
    9380   2.165
    9390   2.165
    9400   2.165
    9410   2.165
    9420   2.165
    9430   2.165
    9440   2.165
    9450   2.165
    9460   2.165
    9470   2.165
    9480   2.165
    9490   2.165
    9500   2.165
    9510   2.165
    9520   2.165
    9530   2.165
    9540   2.165
    9550   2.165
    9560   2.165
    9570   2.165
    9580   2.508
    9590   2.548
    9600   2.546
    9610   2.545
    9620   2.548
    9630   2.547
    9640   2.547
    9650   2.549
    9660   2.549
    9670   2.548
    9680   2.545
    9690   2.547
    9700   2.533
    9710   2.541
    9720   2.547
    9730   2.549
    9740   2.545
    9750   2.546
    9760   2.549
    9770   2.551
    9780   2.551
    9790   2.552
    9800   2.546
    9810   2.511
    9820   2.546
    9830   2.549
    9840   2.542
    9850   2.545
    9860   2.541
    9870   2.529
    9880   2.503
    9890   2.519
    9900   2.549
    9910   2.549
    9920   2.547
    9930   2.548
    9940   2.546
    9950   2.545
    9960   2.549
    9970   2.496
    9980   2.488
    9990   2.490
   10000   2.508
   10010   2.504
   10020   2.513
   10030   2.542
   10040   2.547
   10050   2.552
   10060   2.546
   10070   2.541
   10080   2.533
   10090   2.538
   10100   2.551
   10110   2.539
   10120   2.518
   10130   2.495
   10140   2.495
   10150   2.503
   10160   2.531
   10170   2.552
   10180   2.554
   10190   2.513
   10200   2.522
   10210   2.539
   10220   2.518
   10230   2.518
   10240   2.538
   10250   2.536
   10260   2.545
   10270   2.547
   10280   2.547
   10290   2.542
   10300   2.556
   10310   2.546
   10320   2.543
   10330   2.546
   10340   2.538
   10350   2.542
   10360   2.553
   10370   2.545
   10380   2.527
   10390   2.524
   10400   2.536
   10410   2.509
   10420   2.538
   10430   2.555
   10440   2.558
   10450   2.558
   10460   2.165
   10470   2.165
   10480   2.165
   10490   2.165
   10500   2.165
   10510   2.165
   10520   2.165
   10530   2.165
   10540   2.165
   10550   2.165
   10560   2.165
   10570   2.165
   10580   2.165
   10590   2.165
   10600   2.165
   10610   2.165
   10620   2.165
   10630   2.165
   10640   2.165
   10650   2.165
   10660   2.165
   10670   2.165
   10680   2.165
   10690   2.165
   10700   2.165
   10710   2.165
   10720   2.165
   10730   2.165
   10740   2.165
   10750   2.165
   10760   2.165
   10770   2.165
   10780   2.165
   10790   2.165
   10800   2.165
   10810   2.165
   10820   2.165
   10830   2.165
   10840   2.165
   10850   2.165
   10860   2.165
   10870   2.165
   10880   2.165
   10890   2.165
   10900   2.165
   10910   2.165
   10920   2.165
   10930   2.165
   10940   2.165
   10950   2.165
   10960   2.165
   10970   2.165
   10980   2.165
   10990   2.165
   11000   2.165
   11010   2.165
   11020   2.165
   11030   2.165
   11040   2.165
   11050   2.165
   11060   2.165
   11070   2.165
   11080   2.165
   11090   2.165
   11100   2.165
   11110   2.165
   11120   2.165
   11130   2.165
   11140   2.165
   11150   2.165
   11160   2.165
   11170   2.165
   11180   2.165
   11190   2.165
   11200   2.165
   11210   2.165
   11220   2.165
   11230   2.165
   11240   2.165
   11250   2.165
   11260   2.165
   11270   2.165
   11280   2.165
   11290   2.165
   11300   2.165
   11310   2.165
   11320   2.165
   11330   2.165
   11340   2.165
   11350   2.165
   11360   2.165
   11370   2.165
   11380   2.165
   11390   2.165
   11400   2.165
   11410   2.165
   11420   2.165
   11430   2.165
   11440   2.165
   11450   2.165
   11460   2.165
   11470   2.165
   11480   2.165
   11490   2.165
   11500   2.165
   11510   2.165
   11520   2.165
   11530   2.165
   11540   2.165
   11550   2.165
   11560   2.165
   11570   2.165
   11580   2.165
   11590   2.165
   11600   2.165
   11610   2.165
   11620   2.165
   11630   2.165
   11640   2.165
   11650   2.165
   11660   2.165
   11670   2.165
   11680   2.165
   11690   2.165
   11700   2.165
   11710   2.165
   11720   2.165
   11730   2.165
   11740   2.165
   11750   2.165
   11760   2.165
   11770   2.165
   11780   2.165
   11790   2.165
   11800   2.165
   11810   2.165
   11820   2.165
   11830   2.165
   11840   2.165
   11850   2.165
   11860   2.165
   11870   2.165
   11880   2.165
   11890   2.165
   11900   2.165
   11910   2.165
   11920   2.165
   11930   2.165
   11940   2.165
   11950   2.165
   11960   2.165
   11970   2.165
   11980   2.165
   11990   2.165
   12000   2.165
   12010   2.165
   12020   2.165
   12030   2.165
   12040   2.165
   12050   2.165
   12060   2.165
   12070   2.165
   12080   2.165
   12090   2.165
   12100   2.165
   12110   2.165
   12120   2.165
   12130   2.165
   12140   2.165
   12150   2.165
   12160   2.165
   12170   2.165
   12180   2.165
   12190   2.165
   12200   2.165
   12210   2.165
   12220   2.165
   12230   2.165
   12240   2.165
   12250   2.165
   12260   2.165
   12270   2.165
   12280   2.165
   12290   2.165
   12300   2.165
   12310   2.165
   12320   2.165
   12330   2.165
   12340   2.165
   12350   2.165
   12360   2.165
   12370   2.165
   12380   2.165
   12390   2.165
   12400   2.165
   12410   2.165
   12420   2.165
   12430   2.165
   12440   2.165
   12450   2.165
   12460   2.165
   12470   2.165
   12480   2.165
   12490   2.165
   12500   2.165
   12510   2.165
   12520   2.165
   12530   2.165
   12540   2.165
   12550   2.165
   12560   2.165
   12570   2.165
   12580   2.165
   12590   2.165
   12600   2.165
   12610   2.165
   12620   2.165
   12630   2.165
   12640   2.165
   12650   2.165
   12660   2.165
   12670   2.165
   12680   2.165
   12690   2.165
   12700   2.165
   12710   2.165
   12720   2.165
   12730   2.165
   12740   2.165
   12750   2.165
   12760   2.165
   12770   2.165
   12780   2.165
   12790   2.165
   12800   2.165
   12810   2.165
   12820   2.165
   12830   2.165
   12840   2.165
   12850   2.165
   12860   2.165
   12870   2.165
   12880   2.165
   12890   2.165
   12900   2.165
   12910   2.165
   12920   2.165
   12930   2.165
   12940   2.165
   12950   2.165
   12960   2.165
   12970   2.165
   12980   2.165
   12990   2.165
   13000   2.165
   13010   2.165
   13020   2.165
   13030   2.165
   13040   2.165
   13050   2.165
   13060   2.165
   13070   2.165
   13080   2.165
   13090   2.165
   13100   2.165
   13110   2.165
   13120   2.165
   13130   2.165
   13140   2.165
   13150   2.165
   13160   2.165
   13170   2.165
   13180   2.165
   13190   2.165
   13200   2.165
   13210   2.165
   13220   2.165
   13230   2.165
   13240   2.165
   13250   2.165
   13260   2.165
   13270   2.165
   13280   2.165
   13290   2.165
   13300   2.165
   13310   2.165
   13320   2.165
   13330   2.165
   13340   2.165
   13350   2.165
   13360   2.165
   13370   2.165
   13380   2.165
   13390   2.165
   13400   2.165
   13410   2.165
   13420   2.165
   13430   2.165
   13440   2.165
   13450   2.165
   13460   2.165
   13470   2.165
   13480   2.165
   13490   2.165
   13500   2.165
   13510   2.165
   13520   2.165
   13530   2.165
   13540   2.165
   13550   2.165
   13560   2.165
   13570   2.165
   13580   2.165
   13590   2.165
   13600   2.165
   13610   2.165
   13620   2.165
   13630   2.165
   13640   2.165
   13650   2.165
   13660   2.165
   13670   2.165
   13680   2.165
   13690   2.165
   13700   2.165
   13710   2.165
   13720   2.165
   13730   2.165
   13740   2.165
   13750   2.165
   13760   2.165
   13770   2.165
   13780   2.165
   13790   2.165
   13800   2.165
   13810   2.165
   13820   2.165
   13830   2.165
   13840   2.165
   13850   2.165
   13860   2.165
   13870   2.165
   13880   2.165
   13890   2.165
   13900   2.165
   13910   2.165
   13920   2.165
   13930   2.165
   13940   2.165
   13950   2.165
   13960   2.165
   13970   2.165
   13980   2.165
   13990   2.165
   14000   2.165
   14010   2.165
   14020   2.165
   14030   2.165
   14040   2.165
   14050   2.165
   14060   2.165
   14070   2.165
   14080   2.165
   14090   2.165
   14100   2.165
   14110   2.165
   14120   2.165
   14130   2.165
   14140   2.165
   14150   2.165
   14160   2.165
   14170   2.165
   14180   2.165
   14190   2.165
   14200   2.165
   14210   2.165
   14220   2.165
   14230   2.165
   14240   2.165
   14250   2.165
   14260   2.165
   14270   2.165
   14280   2.165
   14290   2.165
   14300   2.505
   14310   2.505
   14320   2.505
   14330   2.505
   14340   2.505
   14350   2.505
   14360   2.505
   14370   2.505
   14380   2.505
   14390   2.505
   14400   2.505
   14410   2.165
   14420   2.165
   14430   2.165
   14440   2.165
   14450   2.165
   14460   2.165
   14470   2.165
   14480   2.165
   14490   2.165
   14500   2.165
   14510   2.165
   14520   2.165
   14530   2.165
   14540   2.165
   14550   2.165
   14560   2.165
   14570   2.165
   14580   2.165
   14590   2.165
   14600   2.165
   14610   2.165
   14620   2.165
   14630   2.165
   14640   2.165
   14650   2.165
   14660   2.165
   14670   2.165
   14680   2.165
   14690   2.165
   14700   2.165
   14710   2.165
   14720   2.165
   14730   2.165
   14740   2.165
   14750   2.165
   14760   2.165
   14770   2.165
   14780   2.165
   14790   2.165
   14800   2.165
   14810   2.165
   14820   2.165
   14830   2.165
   14840   2.165
   14850   2.165
   14860   2.700
   14870   2.700
   14880   2.700
   14890   2.700
   14900   2.700
   14910   2.700
   14920   2.700
   14930   2.700
   14940   2.700
   14950   2.700
   14960   2.700
   14970   2.700
   14980   2.700
   14990   2.700
   15000   2.700
