       0  0.0000
      10  0.0000
      20  0.0000
      30  0.0000
      40  0.0000
      50  0.0000
      60  0.0000
      70  0.0000
      80  0.0000
      90  0.0000
     100  0.0000
     110  0.0000
     120  0.0000
     130  0.0000
     140  0.0000
     150  0.0000
     160  0.0000
     170  0.0000
     180  0.0000
     190  0.0000
     200  0.0000
     210  0.0000
     220  0.0000
     230  0.0000
     240  0.0000
     250  0.0000
     260  0.0000
     270  0.0000
     280  0.0000
     290  0.0000
     300  0.0000
     310  0.0000
     320  0.0000
     330  0.0000
     340  0.0000
     350  0.0000
     360  0.0000
     370  0.0000
     380  0.0000
     390  0.0000
     400  0.0000
     410  0.0000
     420  0.0000
     430  0.0000
     440  0.0000
     450  0.0000
     460  0.0000
     470  0.0000
     480  0.0000
     490  0.0000
     500  0.0000
     510  0.0000
     520  0.0000
     530  0.0000
     540  0.0000
     550  0.0000
     560  0.0000
     570  0.0000
     580  0.0000
     590  0.0000
     600  0.0000
     610  0.0000
     620  0.0000
     630  0.0000
     640  0.0000
     650  0.0000
     660  0.0000
     670  0.0000
     680  0.0000
     690  0.0000
     700  0.0000
     710  0.0000
     720  0.0000
     730  0.0000
     740  0.0000
     750  0.0000
     760  0.0000
     770  0.0000
     780  0.0000
     790  0.0000
     800  0.0000
     810  0.0000
     820  0.0000
     830  0.0000
     840  0.0000
     850  0.0000
     860  0.0000
     870  0.0000
     880  0.0000
     890  0.0000
     900  0.0000
     910  0.0000
     920  0.0000
     930  0.0000
     940  0.0712
     950  0.0727
     960  0.0741
     970  0.0749
     980  0.0755
     990  0.0764
    1000  0.0777
    1010  0.0789
    1020  0.0764
    1030  0.0740
    1040  0.0749
    1050  0.0775
    1060  0.0789
    1070  0.0767
    1080  0.0746
    1090  0.0740
    1100  0.0737
    1110  0.0742
    1120  0.0757
    1130  0.0772
    1140  0.0781
    1150  0.0790
    1160  0.0792
    1170  0.0791
    1180  0.0789
    1190  0.0784
    1200  0.0779
    1210  0.0752
    1220  0.0723
    1230  0.0637
    1240  0.0489
    1250  0.0345
    1260  0.0250
    1270  0.0155
    1280  0.0247
    1290  0.0426
    1300  0.0582
    1310  0.0682
    1320  0.0783
    1330  0.0795
    1340  0.0797
    1350  0.0796
    1360  0.0793
    1370  0.0788
    1380  0.0772
    1390  0.0000
    1400  0.0000
    1410  0.0000
    1420  0.0000
    1430  0.0000
    1440  0.0000
    1450  0.0000
    1460  0.0000
    1470  0.0000
    1480  0.0000
    1490  0.0000
    1500  0.0000
    1510  0.0000
    1520  0.0000
    1530  0.0000
    1540  0.0000
    1550  0.0000
    1560  0.0000
    1570  0.0000
    1580  0.0000
    1590  0.0000
    1600  0.0000
    1610  0.0000
    1620  0.0000
    1630  0.0000
    1640  0.0000
    1650  0.0000
    1660  0.0000
    1670  0.0000
    1680  0.0000
    1690  0.0000
    1700  0.0000
    1710  0.0000
    1720  0.0000
    1730  0.0000
    1740  0.0000
    1750  0.0000
    1760  0.0000
    1770  0.0000
    1780  0.0000
    1790  0.0000
    1800  0.0000
    1810  0.0000
    1820  0.0000
    1830  0.0000
    1840  0.0000
    1850  0.0000
    1860  0.0000
    1870  0.0000
    1880  0.0000
    1890  0.0000
    1900  0.0000
    1910  0.0000
    1920  0.0000
    1930  0.0000
    1940  0.0000
    1950  0.0000
    1960  0.0000
    1970  0.0000
    1980  0.0000
    1990  0.0000
    2000  0.0000
    2010  0.0000
    2020  0.0000
    2030  0.0000
    2040  0.0000
    2050  0.0000
    2060  0.0000
    2070  0.0000
    2080  0.0000
    2090  0.0000
    2100  0.0000
    2110  0.0000
    2120  0.0000
    2130  0.0000
    2140  0.0000
    2150  0.0000
    2160  0.0000
    2170  0.0000
    2180  0.0000
    2190  0.0000
    2200  0.0000
    2210  0.0000
    2220  0.0000
    2230  0.0000
    2240  0.0000
    2250  0.0000
    2260  0.0000
    2270  0.0000
    2280  0.0000
    2290  0.0000
    2300  0.0000
    2310  0.0000
    2320  0.0000
    2330  0.0000
    2340  0.0000
    2350  0.0000
    2360  0.0000
    2370  0.0000
    2380  0.0000
    2390  0.0000
    2400  0.0000
    2410  0.0000
    2420  0.0000
    2430  0.0000
    2440  0.0000
    2450  0.0000
    2460  0.0000
    2470  0.0000
    2480  0.0000
    2490  0.0000
    2500  0.0000
    2510  0.0000
    2520  0.0000
    2530  0.0000
    2540  0.0000
    2550  0.0000
    2560  0.0000
    2570  0.0000
    2580  0.0000
    2590  0.0000
    2600  0.0000
    2610  0.0000
    2620  0.0000
    2630  0.0000
    2640  0.0000
    2650  0.0000
    2660  0.0000
    2670  0.0000
    2680  0.0000
    2690  0.0000
    2700  0.0000
    2710  0.0000
    2720  0.0000
    2730  0.0000
    2740  0.0000
    2750  0.0000
    2760  0.0000
    2770  0.0000
    2780  0.0000
    2790  0.0000
    2800  0.0000
    2810  0.0000
    2820  0.0000
    2830  0.0000
    2840  0.0000
    2850  0.0000
    2860  0.0000
    2870  0.0000
    2880  0.0000
    2890  0.0000
    2900  0.0000
    2910  0.0000
    2920  0.0000
    2930  0.0000
    2940  0.0000
    2950  0.0000
    2960  0.0000
    2970  0.0000
    2980  0.0000
    2990  0.0689
    3000  0.0733
    3010  0.0758
    3020  0.0773
    3030  0.0772
    3040  0.0772
    3050  0.0731
    3060  0.0691
    3070  0.0695
    3080  0.0727
    3090  0.0744
    3100  0.0715
    3110  0.0685
    3120  0.0720
    3130  0.0764
    3140  0.0788
    3150  0.0790
    3160  0.0790
    3170  0.0787
    3180  0.0784
    3190  0.0779
    3200  0.0772
    3210  0.0768
    3220  0.0772
    3230  0.0775
    3240  0.0658
    3250  0.0536
    3260  0.0437
    3270  0.0354
    3280  0.0281
    3290  0.0247
    3300  0.0213
    3310  0.0397
    3320  0.0627
    3330  0.0759
    3340  0.0776
    3350  0.0792
    3360  0.0794
    3370  0.0796
    3380  0.0769
    3390  0.0731
    3400  0.0668
    3410  0.0555
    3420  0.0442
    3430  0.0412
    3440  0.0386
    3450  0.0421
    3460  0.0502
    3470  0.0583
    3480  0.0662
    3490  0.0741
    3500  0.0720
    3510  0.0676
    3520  0.0618
    3530  0.0541
    3540  0.0462
    3550  0.0363
    3560  0.0264
    3570  0.0398
    3580  0.0635
    3590  0.0779
    3600  0.0726
    3610  0.0672
    3620  0.0667
    3630  0.0665
    3640  0.0662
    3650  0.0658
    3660  0.0609
    3670  0.0381
    3680  0.0152
    3690  0.0101
    3700  0.0088
    3710  0.0080
    3720  0.0078
    3730  0.0076
    3740  0.0071
    3750  0.0066
    3760  0.0072
    3770  0.0083
    3780  0.0885
    3790  0.0877
    3800  0.0868
    3810  0.0800
    3820  0.0728
    3830  0.0769
    3840  0.0891
    3850  0.0981
    3860  0.0952
    3870  0.0924
    3880  0.0801
    3890  0.0658
    3900  0.0629
    3910  0.0735
    3920  0.0816
    3930  0.0629
    3940  0.0441
    3950  0.0525
    3960  0.0722
    3970  0.0861
    3980  0.0880
    3990  0.0899
    4000  0.0866
    4010  0.0831
    4020  0.0782
    4030  0.0721
    4040  0.0663
    4050  0.0616
    4060  0.0570
    4070  0.0683
    4080  0.0829
    4090  0.0824
    4100  0.0637
    4110  0.0477
    4120  0.0653
    4130  0.0829
    4140  0.0912
    4150  0.0956
    4160  0.0985
    4170  0.0986
    4180  0.0987
    4190  0.0841
    4200  0.0688
    4210  0.0576
    4220  0.0494
    4230  0.0448
    4240  0.0548
    4250  0.0648
    4260  0.0753
    4270  0.0859
    4280  0.0931
    4290  0.0962
    4300  0.0991
    4310  0.0994
    4320  0.0996
    4330  0.0995
    4340  0.0992
    4350  0.0987
    4360  0.0978
    4370  0.0970
    4380  0.0865
    4390  0.0754
    4400  0.0773
    4410  0.0893
    4420  0.0989
    4430  0.0986
    4440  0.0984
    4450  0.0977
    4460  0.0968
    4470  0.0963
    4480  0.0962
    4490  0.0953
    4500  0.0843
    4510  0.0734
    4520  0.0754
    4530  0.0832
    4540  0.0893
    4550  0.0912
    4560  0.0931
    4570  0.0940
    4580  0.0948
    4590  0.0951
    4600  0.0948
    4610  0.0949
    4620  0.0968
    4630  0.0987
    4640  0.0880
    4650  0.0743
    4660  0.0726
    4670  0.0863
    4680  0.0991
    4690  0.0982
    4700  0.0973
    4710  0.0938
    4720  0.0892
    4730  0.0863
    4740  0.0872
    4750  0.0881
    4760  0.0914
    4770  0.0949
    4780  0.0960
    4790  0.0950
    4800  0.0930
    4810  0.0862
    4820  0.0795
    4830  0.0594
    4840  0.0360
    4850  0.0263
    4860  0.0349
    4870  0.0437
    4880  0.0546
    4890  0.0655
    4900  0.0567
    4910  0.0384
    4920  0.0349
    4930  0.0655
    4940  0.0961
    4950  0.0962
    4960  0.0939
    4970  0.0926
    4980  0.0921
    4990  0.0918
    5000  0.0926
    5010  0.0934
    5020  0.0921
    5030  0.0903
    5040  0.0879
    5050  0.0846
    5060  0.0813
    5070  0.0763
    5080  0.0714
    5090  0.0673
    5100  0.0635
    5110  0.0650
    5120  0.0787
    5130  0.0925
    5140  0.0927
    5150  0.0918
    5160  0.0910
    5170  0.0902
    5180  0.0902
    5190  0.0946
    5200  0.0989
    5210  0.0998
    5220  0.0998
    5230  0.0996
    5240  0.0992
    5250  0.0988
    5260  0.0989
    5270  0.0990
    5280  0.0911
    5290  0.0791
    5300  0.0740
    5310  0.0861
    5320  0.0982
    5330  0.0994
    5340  0.0995
    5350  0.0947
    5360  0.0854
    5370  0.0762
    5380  0.0668
    5390  0.0574
    5400  0.0483
    5410  0.0393
    5420  0.0315
    5430  0.0254
    5440  0.0206
    5450  0.0541
    5460  0.0875
    5470  0.0748
    5480  0.0383
    5490  0.0182
    5500  0.0398
    5510  0.0614
    5520  0.0711
    5530  0.0796
    5540  0.0869
    5550  0.0931
    5560  0.0983
    5570  0.0982
    5580  0.0981
    5590  0.0978
    5600  0.0973
    5610  0.0875
    5620  0.0639
    5630  0.0414
    5640  0.0548
    5650  0.0682
    5660  0.0803
    5670  0.0917
    5680  0.0993
    5690  0.0970
    5700  0.0947
    5710  0.0964
    5720  0.0986
    5730  0.0988
    5740  0.0973
    5750  0.0947
    5760  0.0860
    5770  0.0773
    5780  0.0732
    5790  0.0704
    5800  0.0694
    5810  0.0000
    5820  0.0000
    5830  0.0000
    5840  0.0000
    5850  0.0000
    5860  0.0000
    5870  0.0000
    5880  0.0000
    5890  0.0000
    5900  0.0000
    5910  0.0000
    5920  0.0000
    5930  0.0000
    5940  0.0000
    5950  0.0000
    5960  0.0000
    5970  0.0000
    5980  0.0000
    5990  0.0000
    6000  0.0000
    6010  0.0000
    6020  0.0000
    6030  0.0000
    6040  0.0000
    6050  0.0000
    6060  0.0000
    6070  0.0000
    6080  0.0000
    6090  0.0000
    6100  0.0000
    6110  0.0000
    6120  0.0000
    6130  0.0000
    6140  0.0000
    6150  0.0000
    6160  0.0000
    6170  0.0000
    6180  0.0000
    6190  0.0000
    6200  0.0000
    6210  0.0000
    6220  0.0000
    6230  0.0000
    6240  0.0000
    6250  0.0000
    6260  0.0000
    6270  0.0000
    6280  0.0000
    6290  0.0000
    6300  0.0000
    6310  0.0000
    6320  0.0000
    6330  0.0000
    6340  0.0000
    6350  0.0000
    6360  0.0000
    6370  0.0000
    6380  0.0000
    6390  0.0000
    6400  0.0000
    6410  0.0000
    6420  0.0000
    6430  0.0000
    6440  0.0000
    6450  0.0000
    6460  0.0000
    6470  0.0000
    6480  0.0000
    6490  0.0000
    6500  0.0000
    6510  0.0000
    6520  0.0000
    6530  0.0000
    6540  0.0000
    6550  0.0000
    6560  0.0000
    6570  0.0000
    6580  0.0000
    6590  0.0000
    6600  0.0000
    6610  0.0000
    6620  0.0000
    6630  0.0000
    6640  0.0000
    6650  0.0000
    6660  0.0000
    6670  0.0000
    6680  0.0000
    6690  0.0000
    6700  0.0000
    6710  0.0000
    6720  0.0000
    6730  0.0000
    6740  0.0000
    6750  0.0000
    6760  0.0000
    6770  0.0000
    6780  0.0000
    6790  0.0000
    6800  0.0000
    6810  0.0000
    6820  0.0000
    6830  0.0000
    6840  0.0000
    6850  0.0000
    6860  0.0000
    6870  0.0000
    6880  0.0000
    6890  0.0000
    6900  0.0000
    6910  0.0000
    6920  0.0000
    6930  0.0000
    6940  0.0000
    6950  0.0000
    6960  0.0000
    6970  0.0000
    6980  0.0000
    6990  0.0000
    7000  0.0000
    7010  0.0000
    7020  0.0000
    7030  0.0000
    7040  0.0000
    7050  0.0000
    7060  0.0000
    7070  0.0000
    7080  0.0000
    7090  0.0000
    7100  0.0000
    7110  0.0000
    7120  0.0000
    7130  0.0000
    7140  0.0000
    7150  0.0000
    7160  0.0000
    7170  0.0000
    7180  0.0000
    7190  0.0000
    7200  0.0000
    7210  0.0000
    7220  0.0000
    7230  0.0000
    7240  0.0000
    7250  0.0000
    7260  0.0000
    7270  0.0000
    7280  0.0000
    7290  0.0000
    7300  0.0000
    7310  0.0000
    7320  0.0000
    7330  0.0000
    7340  0.0000
    7350  0.0000
    7360  0.0000
    7370  0.0000
    7380  0.0000
    7390  0.0000
    7400  0.0000
    7410  0.0000
    7420  0.0000
    7430  0.0000
    7440  0.0000
    7450  0.0000
    7460  0.0000
    7470  0.0000
    7480  0.0000
    7490  0.0000
    7500  0.0000
    7510  0.0000
    7520  0.0000
    7530  0.0000
    7540  0.0000
    7550  0.0000
    7560  0.0000
    7570  0.0000
    7580  0.0000
    7590  0.0000
    7600  0.0000
    7610  0.0000
    7620  0.0000
    7630  0.0000
    7640  0.0000
    7650  0.0000
    7660  0.0000
    7670  0.0000
    7680  0.0000
    7690  0.0000
    7700  0.0000
    7710  0.0000
    7720  0.0000
    7730  0.0000
    7740  0.0000
    7750  0.0000
    7760  0.0000
    7770  0.0000
    7780  0.0000
    7790  0.0000
    7800  0.0000
    7810  0.0000
    7820  0.0000
    7830  0.0000
    7840  0.0000
    7850  0.0000
    7860  0.0000
    7870  0.0000
    7880  0.0000
    7890  0.0000
    7900  0.0000
    7910  0.0000
    7920  0.0000
    7930  0.0000
    7940  0.0000
    7950  0.0000
    7960  0.0000
    7970  0.0000
    7980  0.1248
    7990  0.0971
    8000  0.1286
    8010  0.1495
    8020  0.1494
    8030  0.1411
    8040  0.1027
    8050  0.0428
    8060  0.0086
    8070  0.0184
    8080  0.0763
    8090  0.0900
    8100  0.1097
    8110  0.1376
    8120  0.1468
    8130  0.1485
    8140  0.1480
    8150  0.1492
    8160  0.1498
    8170  0.1497
    8180  0.1474
    8190  0.1438
    8200  0.1449
    8210  0.1444
    8220  0.1399
    8230  0.1081
    8240  0.0319
    8250  0.0547
    8260  0.1224
    8270  0.0735
    8280  0.0723
    8290  0.1257
    8300  0.1449
    8310  0.1370
    8320  0.1292
    8330  0.1397
    8340  0.1372
    8350  0.1420
    8360  0.1481
    8370  0.1474
    8380  0.1460
    8390  0.1419
    8400  0.1372
    8410  0.1403
    8420  0.1333
    8430  0.1188
    8440  0.1379
    8450  0.1428
    8460  0.1401
    8470  0.1224
    8480  0.1382
    8490  0.1451
    8500  0.1481
    8510  0.1465
    8520  0.1479
    8530  0.1466
    8540  0.1366
    8550  0.1356
    8560  0.1428
    8570  0.1401
    8580  0.1402
    8590  0.1425
    8600  0.1309
    8610  0.1136
    8620  0.0799
    8630  0.0407
    8640  0.1261
    8650  0.1360
    8660  0.1407
    8670  0.1397
    8680  0.1410
    8690  0.1307
    8700  0.1288
    8710  0.1164
    8720  0.0673
    8730  0.0209
    8740  0.0134
    8750  0.0299
    8760  0.0595
    8770  0.0499
    8780  0.1160
    8790  0.1349
    8800  0.1353
    8810  0.1469
    8820  0.1436
    8830  0.1269
    8840  0.1183
    8850  0.0693
    8860  0.1070
    8870  0.1419
    8880  0.1293
    8890  0.0824
    8900  0.0353
    8910  0.0404
    8920  0.0675
    8930  0.0731
    8940  0.1351
    8950  0.1483
    8960  0.1434
    8970  0.0895
    8980  0.0866
    8990  0.0889
    9000  0.0537
    9010  0.0305
    9020  0.0787
    9030  0.1111
    9040  0.1325
    9050  0.1300
    9060  0.1287
    9070  0.1386
    9080  0.1415
    9090  0.1440
    9100  0.1241
    9110  0.0937
    9120  0.1133
    9130  0.0566
    9140  0.1010
    9150  0.1177
    9160  0.1416
    9170  0.1031
    9180  0.0898
    9190  0.1112
    9200  0.1009
    9210  0.0649
    9220  0.0979
    9230  0.1388
    9240  0.1420
    9250  0.1459
    9260  0.1485
    9270  0.0000
    9280  0.0000
    9290  0.0000
    9300  0.0000
    9310  0.0000
    9320  0.0000
    9330  0.0000
    9340  0.0000
    9350  0.0000
    9360  0.0000
    9370  0.0000
    9380  0.0000
    9390  0.0000
    9400  0.0000
    9410  0.0000
    9420  0.0000
    9430  0.0000
    9440  0.0000
    9450  0.0000
    9460  0.0000
    9470  0.0000
    9480  0.0000
    9490  0.0000
    9500  0.0000
    9510  0.0000
    9520  0.0000
    9530  0.0000
    9540  0.0000
    9550  0.0000
    9560  0.0000
    9570  0.0000
    9580  0.0000
    9590  0.0000
    9600  0.0000
    9610  0.0000
    9620  0.0000
    9630  0.0000
    9640  0.0000
    9650  0.0000
    9660  0.0000
    9670  0.0000
    9680  0.0000
    9690  0.0000
    9700  0.0000
    9710  0.0000
    9720  0.0000
    9730  0.0000
    9740  0.0000
    9750  0.0000
    9760  0.0000
    9770  0.0000
    9780  0.0000
    9790  0.0000
    9800  0.0000
    9810  0.0000
    9820  0.0000
    9830  0.0000
    9840  0.0000
    9850  0.0000
    9860  0.0000
    9870  0.0000
    9880  0.0000
    9890  0.0000
    9900  0.0000
    9910  0.0000
    9920  0.0000
    9930  0.0000
    9940  0.0000
    9950  0.0000
    9960  0.0000
    9970  0.0000
    9980  0.0000
    9990  0.0000
   10000  0.0000
   10010  0.0000
   10020  0.0000
   10030  0.0000
   10040  0.0000
   10050  0.0000
   10060  0.0000
   10070  0.0000
   10080  0.0000
   10090  0.0000
   10100  0.0000
   10110  0.0000
   10120  0.0000
   10130  0.0000
   10140  0.0000
   10150  0.0000
   10160  0.0000
   10170  0.0000
   10180  0.0000
   10190  0.0000
   10200  0.0000
   10210  0.0000
   10220  0.0000
   10230  0.0000
   10240  0.0000
   10250  0.0000
   10260  0.0000
   10270  0.0000
   10280  0.0000
   10290  0.0000
   10300  0.0000
   10310  0.0000
   10320  0.0000
   10330  0.0000
   10340  0.0000
   10350  0.0000
   10360  0.0000
   10370  0.0000
   10380  0.0000
   10390  0.0000
   10400  0.0000
   10410  0.0000
   10420  0.0000
   10430  0.0000
   10440  0.0000
   10450  0.0000
   10460  0.0000
   10470  0.0000
   10480  0.0000
   10490  0.0000
   10500  0.0000
   10510  0.0000
   10520  0.0000
   10530  0.0000
   10540  0.0000
   10550  0.0000
   10560  0.0000
   10570  0.0000
   10580  0.0000
   10590  0.0000
   10600  0.0000
   10610  0.0000
   10620  0.0000
   10630  0.0000
   10640  0.0000
   10650  0.0000
   10660  0.0000
   10670  0.0000
   10680  0.0000
   10690  0.0000
   10700  0.0000
   10710  0.0000
   10720  0.0000
   10730  0.0000
   10740  0.0000
   10750  0.0000
   10760  0.0000
   10770  0.0000
   10780  0.0000
   10790  0.0000
   10800  0.0000
   10810  0.0000
   10820  0.0000
   10830  0.0000
   10840  0.0000
   10850  0.0000
   10860  0.0000
   10870  0.0000
   10880  0.0000
   10890  0.0000
   10900  0.0000
   10910  0.0000
   10920  0.0000
   10930  0.0000
   10940  0.0000
   10950  0.0000
   10960  0.0000
   10970  0.0000
   10980  0.0000
   10990  0.0000
   11000  0.0000
   11010  0.0000
   11020  0.0000
   11030  0.0000
   11040  0.0000
   11050  0.0000
   11060  0.0000
   11070  0.0000
   11080  0.0000
   11090  0.0000
   11100  0.0000
   11110  0.0000
   11120  0.0000
   11130  0.0000
   11140  0.0000
   11150  0.0000
   11160  0.0000
   11170  0.0000
   11180  0.0000
   11190  0.0000
   11200  0.0000
   11210  0.0000
   11220  0.0000
   11230  0.0000
   11240  0.0000
   11250  0.0000
   11260  0.0000
   11270  0.0000
   11280  0.0000
   11290  0.0000
   11300  0.0000
   11310  0.0000
   11320  0.0000
   11330  0.0000
   11340  0.0000
   11350  0.0000
   11360  0.0000
   11370  0.0000
   11380  0.0000
   11390  0.0000
   11400  0.0000
   11410  0.0000
   11420  0.0000
   11430  0.0000
   11440  0.0000
   11450  0.0000
   11460  0.0000
   11470  0.0000
   11480  0.0000
   11490  0.0000
   11500  0.0000
   11510  0.0000
   11520  0.0000
   11530  0.0000
   11540  0.0000
   11550  0.0000
   11560  0.0000
   11570  0.0000
   11580  0.0000
   11590  0.0000
   11600  0.0000
   11610  0.0000
   11620  0.0000
   11630  0.0000
   11640  0.0000
   11650  0.0000
   11660  0.0000
   11670  0.0000
   11680  0.0000
   11690  0.0000
   11700  0.0000
   11710  0.0000
   11720  0.0000
   11730  0.0000
   11740  0.0000
   11750  0.0000
   11760  0.0000
   11770  0.0000
   11780  0.0000
   11790  0.0000
   11800  0.0000
   11810  0.0000
   11820  0.0000
   11830  0.0000
   11840  0.0000
   11850  0.0000
   11860  0.0000
   11870  0.0000
   11880  0.0000
   11890  0.0000
   11900  0.0000
   11910  0.0000
   11920  0.0000
   11930  0.0000
   11940  0.0000
   11950  0.0000
   11960  0.0000
   11970  0.0000
   11980  0.0000
   11990  0.0000
   12000  0.0000
   12010  0.0000
   12020  0.0000
   12030  0.0000
   12040  0.0000
   12050  0.0000
   12060  0.0000
   12070  0.0000
   12080  0.0000
   12090  0.0000
   12100  0.0000
   12110  0.0000
   12120  0.0000
   12130  0.0000
   12140  0.0000
   12150  0.0000
   12160  0.0000
   12170  0.0000
   12180  0.0000
   12190  0.0000
   12200  0.0000
   12210  0.0000
   12220  0.0000
   12230  0.0000
   12240  0.0000
   12250  0.0000
   12260  0.0000
   12270  0.0000
   12280  0.0000
   12290  0.0000
   12300  0.0000
   12310  0.0000
   12320  0.0000
   12330  0.0000
   12340  0.0000
   12350  0.0000
   12360  0.0000
   12370  0.0000
   12380  0.0000
   12390  0.0000
   12400  0.0000
   12410  0.0000
   12420  0.0000
   12430  0.0000
   12440  0.0000
   12450  0.0000
   12460  0.0000
   12470  0.0000
   12480  0.0000
   12490  0.0000
   12500  0.0000
   12510  0.0000
   12520  0.0000
   12530  0.0000
   12540  0.0000
   12550  0.0000
   12560  0.0000
   12570  0.0000
   12580  0.0000
   12590  0.0000
   12600  0.0000
   12610  0.0000
   12620  0.0000
   12630  0.0000
   12640  0.0000
   12650  0.0000
   12660  0.0000
   12670  0.0000
   12680  0.0000
   12690  0.0000
   12700  0.0000
   12710  0.0000
   12720  0.0000
   12730  0.0000
   12740  0.0000
   12750  0.0000
   12760  0.0000
   12770  0.0000
   12780  0.0000
   12790  0.0000
   12800  0.0000
   12810  0.0000
   12820  0.0000
   12830  0.0000
   12840  0.0000
   12850  0.0000
   12860  0.0000
   12870  0.0000
   12880  0.0000
   12890  0.0000
   12900  0.0000
   12910  0.0000
   12920  0.0000
   12930  0.0000
   12940  0.0000
   12950  0.0000
   12960  0.0000
   12970  0.0000
   12980  0.0000
   12990  0.0000
   13000  0.0000
   13010  0.0000
   13020  0.0000
   13030  0.0000
   13040  0.0000
   13050  0.0000
   13060  0.0000
   13070  0.0000
   13080  0.0000
   13090  0.0000
   13100  0.0000
   13110  0.0000
   13120  0.0000
   13130  0.0000
   13140  0.0000
   13150  0.0000
   13160  0.0000
   13170  0.0000
   13180  0.0000
   13190  0.0000
   13200  0.0000
   13210  0.0000
   13220  0.0000
   13230  0.0000
   13240  0.0000
   13250  0.0000
   13260  0.0000
   13270  0.0000
   13280  0.0000
   13290  0.0000
   13300  0.0000
   13310  0.0000
   13320  0.0000
   13330  0.0000
   13340  0.0000
   13350  0.0000
   13360  0.0000
   13370  0.0000
   13380  0.0000
   13390  0.0000
   13400  0.0000
   13410  0.0000
   13420  0.0000
   13430  0.0000
   13440  0.0000
   13450  0.0000
   13460  0.0000
   13470  0.0000
   13480  0.0000
   13490  0.0000
   13500  0.0000
   13510  0.0000
   13520  0.0000
   13530  0.0000
   13540  0.0000
   13550  0.0000
   13560  0.0000
   13570  0.0000
   13580  0.0000
   13590  0.0000
   13600  0.0000
   13610  0.0000
   13620  0.0000
   13630  0.0000
   13640  0.0000
   13650  0.0000
   13660  0.0000
   13670  0.0000
   13680  0.0000
   13690  0.0000
   13700  0.0000
   13710  0.0000
   13720  0.0000
   13730  0.0000
   13740  0.0000
   13750  0.0000
   13760  0.0000
   13770  0.0000
   13780  0.0000
   13790  0.0000
   13800  0.0000
   13810  0.0000
   13820  0.0000
   13830  0.0000
   13840  0.0000
   13850  0.0000
   13860  0.0000
   13870  0.0000
   13880  0.0000
   13890  0.0000
   13900  0.0000
   13910  0.0000
   13920  0.0000
   13930  0.0000
   13940  0.0000
   13950  0.0000
   13960  0.0000
   13970  0.0000
   13980  0.0000
   13990  0.0000
   14000  0.0000
   14010  0.0000
   14020  0.0000
   14030  0.0000
   14040  0.0000
   14050  0.0000
   14060  0.0000
   14070  0.0000
   14080  0.0000
   14090  0.0000
   14100  0.0000
   14110  0.0000
   14120  0.0000
   14130  0.0000
   14140  0.0000
   14150  0.0000
   14160  0.0000
   14170  0.0000
   14180  0.0000
   14190  0.0000
   14200  0.0000
   14210  0.0000
   14220  0.0000
   14230  0.0000
   14240  0.0000
   14250  0.0000
   14260  0.0000
   14270  0.0000
   14280  0.0000
   14290  0.0000
   14300  0.0000
   14310  0.0000
   14320  0.0000
   14330  0.0000
   14340  0.0000
   14350  0.0000
   14360  0.0000
   14370  0.0000
   14380  0.0000
   14390  0.0000
   14400  0.0000
   14410  0.0000
   14420  0.0000
   14430  0.0000
   14440  0.0000
   14450  0.0000
   14460  0.0000
   14470  0.0000
   14480  0.0000
   14490  0.0000
   14500  0.0000
   14510  0.0000
   14520  0.0000
   14530  0.0000
   14540  0.0000
   14550  0.0000
   14560  0.0000
   14570  0.0000
   14580  0.0000
   14590  0.0000
   14600  0.0000
   14610  0.0000
   14620  0.0000
   14630  0.0000
   14640  0.0000
   14650  0.0000
   14660  0.0000
   14670  0.0000
   14680  0.0000
   14690  0.0000
   14700  0.0000
   14710  0.0000
   14720  0.0000
   14730  0.0000
   14740  0.0000
   14750  0.0000
   14760  0.0000
   14770  0.0000
   14780  0.0000
   14790  0.0000
   14800  0.0000
   14810  0.0000
   14820  0.0000
   14830  0.0000
   14840  0.0000
   14850  0.0000
   14860  0.0000
   14870  0.0000
   14880  0.0000
   14890  0.0000
   14900  0.0000
   14910  0.0000
   14920  0.0000
   14930  0.0000
   14940  0.0000
   14950  0.0000
   14960  0.0000
   14970  0.0000
   14980  0.0000
   14990  0.0000
   15000  0.0000
