       0  0.0000
      10  0.0000
      20  0.0000
      30  0.0000
      40  0.0000
      50  0.0000
      60  0.0000
      70  0.0000
      80  0.0000
      90  0.0000
     100  0.0000
     110  0.0000
     120  0.0000
     130  0.0000
     140  0.0000
     150  0.0000
     160  0.0000
     170  0.0000
     180  0.0000
     190  0.0000
     200  0.0000
     210  0.0000
     220  0.0000
     230  0.0000
     240  0.0000
     250  0.0000
     260  0.0000
     270  0.0000
     280  0.0000
     290  0.0000
     300  0.0000
     310  0.0000
     320  0.0000
     330  0.0000
     340  0.0000
     350  0.0000
     360  0.0000
     370  0.0000
     380  0.0000
     390  0.0000
     400  0.0000
     410  0.0000
     420  0.0000
     430  0.0000
     440  0.0000
     450  0.0000
     460  0.0000
     470  0.0000
     480  0.0000
     490  0.0000
     500  0.0000
     510  0.0000
     520  0.0000
     530  0.0000
     540  0.0000
     550  0.0000
     560  0.0000
     570  0.0000
     580  0.0000
     590  0.0000
     600  0.0000
     610  0.0000
     620  0.0000
     630  0.0000
     640  0.0000
     650  0.0000
     660  0.0000
     670  0.0000
     680  0.0000
     690  0.0000
     700  0.0000
     710  0.0000
     720  0.0000
     730  0.0000
     740  0.0000
     750  0.0000
     760  0.0000
     770  0.0000
     780  0.0000
     790  0.0000
     800  0.0000
     810  0.0000
     820  0.0000
     830  0.0000
     840  0.0000
     850  0.0000
     860  0.0000
     870  0.0000
     880  0.0000
     890  0.0000
     900  0.0000
     910  0.0000
     920  0.0000
     930  0.0000
     940  0.0000
     950  0.0000
     960  0.0000
     970  0.0000
     980  0.0000
     990  0.0000
    1000  0.0000
    1010  0.0000
    1020  0.0000
    1030  0.0000
    1040  0.0000
    1050  0.0000
    1060  0.0000
    1070  0.0000
    1080  0.0000
    1090  0.0000
    1100  0.0000
    1110  0.0000
    1120  0.0000
    1130  0.0000
    1140  0.0000
    1150  0.0000
    1160  0.0000
    1170  0.0000
    1180  0.0000
    1190  0.0000
    1200  0.0000
    1210  0.0000
    1220  0.0000
    1230  0.0000
    1240  0.0000
    1250  0.0000
    1260  0.0000
    1270  0.0000
    1280  0.0000
    1290  0.0000
    1300  0.0000
    1310  0.0000
    1320  0.0000
    1330  0.0000
    1340  0.0000
    1350  0.0000
    1360  0.0000
    1370  0.0000
    1380  0.0000
    1390  0.0000
    1400  0.0000
    1410  0.0000
    1420  0.0000
    1430  0.0000
    1440  0.0000
    1450  0.0000
    1460  0.0000
    1470  0.0000
    1480  0.0000
    1490  0.0000
    1500  0.0000
    1510  0.0000
    1520  0.0000
    1530  0.0000
    1540  0.0000
    1550  0.0000
    1560  0.0000
    1570  0.0652
    1580  0.0736
    1590  0.0776
    1600  0.0787
    1610  0.0787
    1620  0.0788
    1630  0.0790
    1640  0.0795
    1650  0.0797
    1660  0.0793
    1670  0.0771
    1680  0.0760
    1690  0.0758
    1700  0.0771
    1710  0.0768
    1720  0.0765
    1730  0.0777
    1740  0.0727
    1750  0.0668
    1760  0.0626
    1770  0.0620
    1780  0.0596
    1790  0.0513
    1800  0.0280
    1810  0.0155
    1820  0.0284
    1830  0.0527
    1840  0.0715
    1850  0.0785
    1860  0.0645
    1870  0.0486
    1880  0.0333
    1890  0.0436
    1900  0.0583
    1910  0.0756
    1920  0.0722
    1930  0.0728
    1940  0.0792
    1950  0.0712
    1960  0.0696
    1970  0.0749
    1980  0.0768
    1990  0.0778
    2000  0.0778
    2010  0.0777
    2020  0.0739
    2030  0.0676
    2040  0.0701
    2050  0.0742
    2060  0.0784
    2070  0.0719
    2080  0.0722
    2090  0.0765
    2100  0.0790
    2110  0.0799
    2120  0.0799
    2130  0.0798
    2140  0.0756
    2150  0.0698
    2160  0.0665
    2170  0.0686
    2180  0.0716
    2190  0.0683
    2200  0.0713
    2210  0.0751
    2220  0.0730
    2230  0.0763
    2240  0.0788
    2250  0.0748
    2260  0.0679
    2270  0.0639
    2280  0.0687
    2290  0.0464
    2300  0.0217
    2310  0.0052
    2320  0.0138
    2330  0.0325
    2340  0.0609
    2350  0.0712
    2360  0.0746
    2370  0.0713
    2380  0.0753
    2390  0.0785
    2400  0.0795
    2410  0.0760
    2420  0.0736
    2430  0.0732
    2440  0.0706
    2450  0.0620
    2460  0.0465
    2470  0.0605
    2480  0.0708
    2490  0.0767
    2500  0.0764
    2510  0.0755
    2520  0.0732
    2530  0.0475
    2540  0.0505
    2550  0.0751
    2560  0.0779
    2570  0.0782
    2580  0.0767
    2590  0.0762
    2600  0.0735
    2610  0.0689
    2620  0.0597
    2630  0.0537
    2640  0.0531
    2650  0.0726
    2660  0.0542
    2670  0.0230
    2680  0.0200
    2690  0.0467
    2700  0.0705
    2710  0.0326
    2720  0.0450
    2730  0.0704
    2740  0.0743
    2750  0.0702
    2760  0.0649
    2770  0.0635
    2780  0.0472
    2790  0.0307
    2800  0.0239
    2810  0.0477
    2820  0.0711
    2830  0.0776
    2840  0.0788
    2850  0.0788
    2860  0.0786
    2870  0.0742
    2880  0.0624
    2890  0.0390
    2900  0.0356
    2910  0.0289
    2920  0.0133
    2930  0.0169
    2940  0.0184
    2950  0.0147
    2960  0.0200
    2970  0.0210
    2980  0.0162
    2990  0.0212
    3000  0.0223
    3010  0.0189
    3020  0.0561
    3030  0.0697
    3040  0.0605
    3050  0.0694
    3060  0.0756
    3070  0.0791
    3080  0.0738
    3090  0.0674
    3100  0.0602
    3110  0.0551
    3120  0.0481
    3130  0.0407
    3140  0.0418
    3150  0.0321
    3160  0.0228
    3170  0.0606
    3180  0.0651
    3190  0.0494
    3200  0.0249
    3210  0.0397
    3220  0.0688
    3230  0.0762
    3240  0.0790
    3250  0.0781
    3260  0.0708
    3270  0.0388
    3280  0.0079
    3290  0.0106
    3300  0.0122
    3310  0.0132
    3320  0.0133
    3330  0.0096
    3340  0.0913
    3350  0.0913
    3360  0.0913
    3370  0.0911
    3380  0.0910
    3390  0.0923
    3400  0.0936
    3410  0.0953
    3420  0.0971
    3430  0.0794
    3440  0.0576
    3450  0.0587
    3460  0.0690
    3470  0.0735
    3480  0.0742
    3490  0.0798
    3500  0.0909
    3510  0.0953
    3520  0.0881
    3530  0.0835
    3540  0.0868
    3550  0.0881
    3560  0.0765
    3570  0.0654
    3580  0.0721
    3590  0.0788
    3600  0.0824
    3610  0.0856
    3620  0.0676
    3630  0.0438
    3640  0.0463
    3650  0.0614
    3660  0.0734
    3670  0.0829
    3680  0.0902
    3690  0.0949
    3700  0.0959
    3710  0.0896
    3720  0.0828
    3730  0.0746
    3740  0.0678
    3750  0.0757
    3760  0.0835
    3770  0.0768
    3780  0.0698
    3790  0.0807
    3800  0.0943
    3810  0.0983
    3820  0.0992
    3830  0.0993
    3840  0.0990
    3850  0.0947
    3860  0.0866
    3870  0.0851
    3880  0.0934
    3890  0.0924
    3900  0.0686
    3910  0.0518
    3920  0.0681
    3930  0.0834
    3940  0.0823
    3950  0.0812
    3960  0.0880
    3970  0.0952
    3980  0.0931
    3990  0.0890
    4000  0.0889
    4010  0.0903
    4020  0.0931
    4030  0.0968
    4040  0.0939
    4050  0.0838
    4060  0.0761
    4070  0.0725
    4080  0.0732
    4090  0.0869
    4100  0.0974
    4110  0.0869
    4120  0.0768
    4130  0.0811
    4140  0.0855
    4150  0.0903
    4160  0.0953
    4170  0.0959
    4180  0.0953
    4190  0.0926
    4200  0.0888
    4210  0.0904
    4220  0.0962
    4230  0.0979
    4240  0.0945
    4250  0.0897
    4260  0.0819
    4270  0.0722
    4280  0.0556
    4290  0.0425
    4300  0.0627
    4310  0.0828
    4320  0.0632
    4330  0.0428
    4340  0.0600
    4350  0.0830
    4360  0.0897
    4370  0.0908
    4380  0.0821
    4390  0.0677
    4400  0.0695
    4410  0.0862
    4420  0.0968
    4430  0.0982
    4440  0.0983
    4450  0.0954
    4460  0.0923
    4470  0.0884
    4480  0.0848
    4490  0.0852
    4500  0.0857
    4510  0.0535
    4520  0.0194
    4530  0.0202
    4540  0.0283
    4550  0.0508
    4560  0.0791
    4570  0.0924
    4580  0.0956
    4590  0.0979
    4600  0.0991
    4610  0.0882
    4620  0.0563
    4630  0.0397
    4640  0.0688
    4650  0.0943
    4660  0.0965
    4670  0.0986
    4680  0.0970
    4690  0.0954
    4700  0.0970
    4710  0.0990
    4720  0.0995
    4730  0.0997
    4740  0.0992
    4750  0.0984
    4760  0.0838
    4770  0.0583
    4780  0.0404
    4790  0.0322
    4800  0.0316
    4810  0.0466
    4820  0.0617
    4830  0.0777
    4840  0.0910
    4850  0.0806
    4860  0.0702
    4870  0.0645
    4880  0.0589
    4890  0.0670
    4900  0.0773
    4910  0.0826
    4920  0.0863
    4930  0.0877
    4940  0.0878
    4950  0.0897
    4960  0.0935
    4970  0.0951
    4980  0.0937
    4990  0.0934
    5000  0.0962
    5010  0.0986
    5020  0.0991
    5030  0.0995
    5040  0.0965
    5050  0.0934
    5060  0.0945
    5070  0.0958
    5080  0.0924
    5090  0.0879
    5100  0.0789
    5110  0.0679
    5120  0.0544
    5130  0.0391
    5140  0.0437
    5150  0.0696
    5160  0.0877
    5170  0.0922
    5180  0.0947
    5190  0.0914
    5200  0.0891
    5210  0.0938
    5220  0.0985
    5230  0.0986
    5240  0.0988
    5250  0.0981
    5260  0.0972
    5270  0.0972
    5280  0.0974
    5290  0.0841
    5300  0.0643
    5310  0.0449
    5320  0.0260
    5330  0.0146
    5340  0.0127
    5350  0.0174
    5360  0.0355
    5370  0.0509
    5380  0.0561
    5390  0.0618
    5400  0.0727
    5410  0.0836
    5420  0.0870
    5430  0.0902
    5440  0.0933
    5450  0.0964
    5460  0.0968
    5470  0.0964
    5480  0.0955
    5490  0.0944
    5500  0.0907
    5510  0.0846
    5520  0.0839
    5530  0.0912
    5540  0.0962
    5550  0.0951
    5560  0.0910
    5570  0.0721
    5580  0.0542
    5590  0.0523
    5600  0.0505
    5610  0.0346
    5620  0.0179
    5630  0.0180
    5640  0.0215
    5650  0.0473
    5660  0.0821
    5670  0.0970
    5680  0.0984
    5690  0.0989
    5700  0.0986
    5710  0.0861
    5720  0.0527
    5730  0.0244
    5740  0.0114
    5750  0.0018
    5760  0.0151
    5770  0.0286
    5780  0.0527
    5790  0.0767
    5800  0.0594
    5810  0.0377
    5820  0.0330
    5830  0.0330
    5840  0.0320
    5850  0.0306
    5860  0.0571
    5870  0.1015
    5880  0.1032
    5890  0.1049
    5900  0.1065
    5910  0.1075
    5920  0.1083
    5930  0.1091
    5940  0.1084
    5950  0.1063
    5960  0.1043
    5970  0.1025
    5980  0.1020
    5990  0.1014
    6000  0.1008
    6010  0.0783
    6020  0.0553
    6030  0.0322
    6040  0.0253
    6050  0.0255
    6060  0.0257
    6070  0.0340
    6080  0.0537
    6090  0.0734
    6100  0.0907
    6110  0.0941
    6120  0.0975
    6130  0.1010
    6140  0.1061
    6150  0.1115
    6160  0.1170
    6170  0.1183
    6180  0.1168
    6190  0.1152
    6200  0.1124
    6210  0.1069
    6220  0.1014
    6230  0.0960
    6240  0.0930
    6250  0.0900
    6260  0.0870
    6270  0.0926
    6280  0.1010
    6290  0.1094
    6300  0.1073
    6310  0.0936
    6320  0.0799
    6330  0.0700
    6340  0.0753
    6350  0.0806
    6360  0.0859
    6370  0.0877
    6380  0.0891
    6390  0.0906
    6400  0.0907
    6410  0.0901
    6420  0.0894
    6430  0.0846
    6440  0.0725
    6450  0.0604
    6460  0.0486
    6470  0.0405
    6480  0.0323
    6490  0.0242
    6500  0.0445
    6510  0.0712
    6520  0.0980
    6530  0.1091
    6540  0.1068
    6550  0.1045
    6560  0.1033
    6570  0.1052
    6580  0.1072
    6590  0.1091
    6600  0.1109
    6610  0.1127
    6620  0.1144
    6630  0.1102
    6640  0.1034
    6650  0.0967
    6660  0.0959
    6670  0.1031
    6680  0.1103
    6690  0.1165
    6700  0.1177
    6710  0.1188
    6720  0.1200
    6730  0.1201
    6740  0.1200
    6750  0.1199
    6760  0.1201
    6770  0.1203
    6780  0.1206
    6790  0.1206
    6800  0.1203
    6810  0.1200
    6820  0.1197
    6830  0.1197
    6840  0.1198
    6850  0.1199
    6860  0.1198
    6870  0.1196
    6880  0.1195
    6890  0.1195
    6900  0.1195
    6910  0.1196
    6920  0.1191
    6930  0.1167
    6940  0.1143
    6950  0.1119
    6960  0.1090
    6970  0.1061
    6980  0.1031
    6990  0.1039
    7000  0.1066
    7010  0.1092
    7020  0.1114
    7030  0.1127
    7040  0.1140
    7050  0.1145
    7060  0.1079
    7070  0.1012
    7080  0.0946
    7090  0.0877
    7100  0.0808
    7110  0.0739
    7120  0.0683
    7130  0.0638
    7140  0.0593
    7150  0.0561
    7160  0.0565
    7170  0.0570
    7180  0.0574
    7190  0.0626
    7200  0.0678
    7210  0.0730
    7220  0.0740
    7230  0.0734
    7240  0.0728
    7250  0.0715
    7260  0.0694
    7270  0.0673
    7280  0.0638
    7290  0.0529
    7300  0.0420
    7310  0.0311
    7320  0.0269
    7330  0.0235
    7340  0.0202
    7350  0.0161
    7360  0.0114
    7370  0.0068
    7380  0.1170
    7390  0.1170
    7400  0.1176
    7410  0.1184
    7420  0.1189
    7430  0.1192
    7440  0.1193
    7450  0.1194
    7460  0.1196
    7470  0.1199
    7480  0.1199
    7490  0.1194
    7500  0.1186
    7510  0.1185
    7520  0.1180
    7530  0.1171
    7540  0.1177
    7550  0.1063
    7560  0.0784
    7570  0.0582
    7580  0.0419
    7590  0.0310
    7600  0.0499
    7610  0.0694
    7620  0.0727
    7630  0.0939
    7640  0.1161
    7650  0.1176
    7660  0.1174
    7670  0.1139
    7680  0.0942
    7690  0.0975
    7700  0.1156
    7710  0.1167
    7720  0.1152
    7730  0.1114
    7740  0.1102
    7750  0.1123
    7760  0.1184
    7770  0.1186
    7780  0.1161
    7790  0.1099
    7800  0.1144
    7810  0.1187
    7820  0.1178
    7830  0.1177
    7840  0.1169
    7850  0.1133
    7860  0.1055
    7870  0.0992
    7880  0.1117
    7890  0.1174
    7900  0.1186
    7910  0.1167
    7920  0.1166
    7930  0.1176
    7940  0.0517
    7950  0.0154
    7960  0.0122
    7970  0.0156
    7980  0.0183
    7990  0.0192
    8000  0.0742
    8010  0.1161
    8020  0.1125
    8030  0.0639
    8040  0.0184
    8050  0.0184
    8060  0.0193
    8070  0.0208
    8080  0.0229
    8090  0.0564
    8100  0.1015
    8110  0.0948
    8120  0.0642
    8130  0.0169
    8140  0.0099
    8150  0.0078
    8160  0.0108
    8170  0.0135
    8180  0.0315
    8190  0.0704
    8200  0.0866
    8210  0.0974
    8220  0.1031
    8230  0.1120
    8240  0.1191
    8250  0.1192
    8260  0.1130
    8270  0.1076
    8280  0.1141
    8290  0.1129
    8300  0.1077
    8310  0.1025
    8320  0.1056
    8330  0.1141
    8340  0.1153
    8350  0.1148
    8360  0.1126
    8370  0.1132
    8380  0.1077
    8390  0.0944
    8400  0.1055
    8410  0.1149
    8420  0.1175
    8430  0.1167
    8440  0.1149
    8450  0.1123
    8460  0.1104
    8470  0.1090
    8480  0.1086
    8490  0.1130
    8500  0.1185
    8510  0.1189
    8520  0.1190
    8530  0.1187
    8540  0.1179
    8550  0.1173
    8560  0.1168
    8570  0.1106
    8580  0.1072
    8590  0.1070
    8600  0.0961
    8610  0.0855
    8620  0.0760
    8630  0.0688
    8640  0.0639
    8650  0.0629
    8660  0.0868
    8670  0.1108
    8680  0.1162
    8690  0.1180
    8700  0.1182
    8710  0.1182
    8720  0.1160
    8730  0.1102
    8740  0.0856
    8750  0.0725
    8760  0.0676
    8770  0.0576
    8780  0.0624
    8790  0.0818
    8800  0.1026
    8810  0.1140
    8820  0.1127
    8830  0.1163
    8840  0.1188
    8850  0.1183
    8860  0.1185
    8870  0.1186
    8880  0.1177
    8890  0.1149
    8900  0.1130
    8910  0.1175
    8920  0.1187
    8930  0.1176
    8940  0.1115
    8950  0.0998
    8960  0.0852
    8970  0.0787
    8980  0.0518
    8990  0.0070
    9000  0.0263
    9010  0.0519
    9020  0.0846
    9030  0.0948
    9040  0.0911
    9050  0.0683
    9060  0.0502
    9070  0.0496
    9080  0.0851
    9090  0.1055
    9100  0.1177
    9110  0.1174
    9120  0.1058
    9130  0.0878
    9140  0.0625
    9150  0.0660
    9160  0.0822
    9170  0.0617
    9180  0.0519
    9190  0.0501
    9200  0.0272
    9210  0.0976
    9220  0.0952
    9230  0.0961
    9240  0.0977
    9250  0.0992
    9260  0.0998
    9270  0.0996
    9280  0.0980
    9290  0.0954
    9300  0.0951
    9310  0.0883
    9320  0.0808
    9330  0.0791
    9340  0.0823
    9350  0.0847
    9360  0.0850
    9370  0.0803
    9380  0.0854
    9390  0.0943
    9400  0.0977
    9410  0.0981
    9420  0.0974
    9430  0.0962
    9440  0.0980
    9450  0.0917
    9460  0.0827
    9470  0.0854
    9480  0.0911
    9490  0.0961
    9500  0.0985
    9510  0.0994
    9520  0.0992
    9530  0.0984
    9540  0.0988
    9550  0.0522
    9560  0.0095
    9570  0.0094
    9580  0.0102
    9590  0.0106
    9600  0.0161
    9610  0.0762
    9620  0.0946
    9630  0.0784
    9640  0.0212
    9650  0.0319
    9660  0.0375
    9670  0.0164
    9680  0.0174
    9690  0.0513
    9700  0.0926
    9710  0.0900
    9720  0.0524
    9730  0.0439
    9740  0.0932
    9750  0.0976
    9760  0.0990
    9770  0.0985
    9780  0.0979
    9790  0.0980
    9800  0.0971
    9810  0.0936
    9820  0.0870
    9830  0.0825
    9840  0.0800
    9850  0.0760
    9860  0.0641
    9870  0.0600
    9880  0.0891
    9890  0.0939
    9900  0.0953
    9910  0.0980
    9920  0.0961
    9930  0.0921
    9940  0.0881
    9950  0.0896
    9960  0.0944
    9970  0.0974
    9980  0.0954
    9990  0.0956
   10000  0.0817
   10010  0.0556
   10020  0.0299
   10030  0.0300
   10040  0.0361
   10050  0.0283
   10060  0.0150
   10070  0.0259
   10080  0.0668
   10090  0.0708
   10100  0.0586
   10110  0.0466
   10120  0.0759
   10130  0.0466
   10140  0.0253
   10150  0.0474
   10160  0.0633
   10170  0.0808
   10180  0.0983
   10190  0.0991
   10200  0.0992
   10210  0.0989
   10220  0.0984
   10230  0.0989
   10240  0.0995
   10250  0.0999
   10260  0.0998
   10270  0.0997
   10280  0.0996
   10290  0.0995
   10300  0.0995
   10310  0.0991
   10320  0.0975
   10330  0.0954
   10340  0.0904
   10350  0.0835
   10360  0.0866
   10370  0.0925
   10380  0.0974
   10390  0.0949
   10400  0.0738
   10410  0.0595
   10420  0.0617
   10430  0.0778
   10440  0.0857
   10450  0.0847
   10460  0.0677
   10470  0.0420
   10480  0.0278
   10490  0.0462
   10500  0.0562
   10510  0.0495
   10520  0.0293
   10530  0.0660
   10540  0.0842
   10550  0.0909
   10560  0.0966
   10570  0.0989
   10580  0.0997
   10590  0.0999
   10600  0.0999
   10610  0.0988
   10620  0.0968
   10630  0.0951
   10640  0.0949
   10650  0.0941
   10660  0.0894
   10670  0.0747
   10680  0.0730
   10690  0.0946
   10700  0.0975
   10710  0.0986
   10720  0.0987
   10730  0.0986
   10740  0.0988
   10750  0.0990
   10760  0.0990
   10770  0.0874
   10780  0.0838
   10790  0.0945
   10800  0.0898
   10810  0.0902
   10820  0.0934
   10830  0.0909
   10840  0.0571
   10850  0.0204
   10860  0.0095
   10870  0.0043
   10880  0.0065
   10890  0.0223
   10900  0.1131
   10910  0.0837
   10920  0.1096
   10930  0.0856
   10940  0.0274
   10950  0.0105
   10960  0.0882
   10970  0.1294
   10980  0.1260
   10990  0.1118
   11000  0.0572
   11010  0.0027
   11020  0.0261
   11030  0.0839
   11040  0.1106
   11050  0.0886
   11060  0.1063
   11070  0.0077
   11080  0.0111
   11090  0.1193
   11100  0.1292
   11110  0.1298
   11120  0.1288
   11130  0.1038
   11140  0.0337
   11150  0.0051
   11160  0.0099
   11170  0.0429
   11180  0.0918
   11190  0.1058
   11200  0.0729
   11210  0.0282
   11220  0.1265
   11230  0.1156
   11240  0.0636
   11250  0.1276
   11260  0.1241
   11270  0.0875
   11280  0.0773
   11290  0.0982
   11300  0.0511
   11310  0.0386
   11320  0.0303
   11330  0.0390
   11340  0.0523
   11350  0.0721
   11360  0.1198
   11370  0.0960
   11380  0.0473
   11390  0.1296
   11400  0.1298
   11410  0.1297
   11420  0.1286
   11430  0.1262
   11440  0.1252
   11450  0.1026
   11460  0.1053
   11470  0.1224
   11480  0.1261
   11490  0.1248
   11500  0.1285
   11510  0.1292
   11520  0.1282
   11530  0.1278
   11540  0.1191
   11550  0.0456
   11560  0.1235
   11570  0.1281
   11580  0.0998
   11590  0.0805
   11600  0.0418
   11610  0.0187
   11620  0.0586
   11630  0.1104
   11640  0.1257
   11650  0.1266
   11660  0.1271
   11670  0.1245
   11680  0.1185
   11690  0.1268
   11700  0.1263
   11710  0.1275
   11720  0.1273
   11730  0.1282
   11740  0.1087
   11750  0.1053
   11760  0.1071
   11770  0.1146
   11780  0.1274
   11790  0.1181
   11800  0.0955
   11810  0.0783
   11820  0.0661
   11830  0.1242
   11840  0.1081
   11850  0.1210
   11860  0.0993
   11870  0.1174
   11880  0.1292
   11890  0.1240
   11900  0.1234
   11910  0.1490
   11920  0.1489
   11930  0.1473
   11940  0.1370
   11950  0.0833
   11960  0.0433
   11970  0.0167
   11980  0.0204
   11990  0.0890
   12000  0.1366
   12010  0.1413
   12020  0.1404
   12030  0.1435
   12040  0.1487
   12050  0.1490
   12060  0.1491
   12070  0.1495
   12080  0.1497
   12090  0.1497
   12100  0.1496
   12110  0.1489
   12120  0.1482
   12130  0.1473
   12140  0.1402
   12150  0.1347
   12160  0.1382
   12170  0.1150
   12180  0.0590
   12190  0.0809
   12200  0.0671
   12210  0.0118
   12220  0.0311
   12230  0.1015
   12240  0.1146
   12250  0.1109
   12260  0.1135
   12270  0.1287
   12280  0.1427
   12290  0.1414
   12300  0.1392
   12310  0.1398
   12320  0.1435
   12330  0.1462
   12340  0.1361
   12350  0.1092
   12360  0.1259
   12370  0.1116
   12380  0.0947
   12390  0.1300
   12400  0.1291
   12410  0.1393
   12420  0.1458
   12430  0.1481
   12440  0.1479
   12450  0.1474
   12460  0.1477
   12470  0.1484
   12480  0.1421
   12490  0.1411
   12500  0.1454
   12510  0.1365
   12520  0.1271
   12530  0.1393
   12540  0.1442
   12550  0.1276
   12560  0.1036
   12570  0.1300
   12580  0.1092
   12590  0.0802
   12600  0.0905
   12610  0.0908
   12620  0.0406
   12630  0.0841
   12640  0.1316
   12650  0.1413
   12660  0.1264
   12670  0.1177
   12680  0.1383
   12690  0.1231
   12700  0.1124
   12710  0.0637
   12720  0.0244
   12730  0.0236
   12740  0.0460
   12750  0.0262
   12760  0.0381
   12770  0.0498
   12780  0.0749
   12790  0.1178
   12800  0.1479
   12810  0.1457
   12820  0.1365
   12830  0.1395
   12840  0.1467
   12850  0.1458
   12860  0.1468
   12870  0.1463
   12880  0.1469
   12890  0.1462
   12900  0.1226
   12910  0.0598
   12920  0.0221
   12930  0.0667
   12940  0.0703
   12950  0.0799
   12960  0.1088
   12970  0.1217
   12980  0.1363
   12990  0.1409
   13000  0.1042
   13010  0.0921
   13020  0.1271
   13030  0.1366
   13040  0.1208
   13050  0.1195
   13060  0.1248
   13070  0.1151
   13080  0.0885
   13090  0.0983
   13100  0.1378
   13110  0.1198
   13120  0.1125
   13130  0.1271
   13140  0.1398
   13150  0.1372
   13160  0.1153
   13170  0.0609
   13180  0.0534
   13190  0.0933
   13200  0.1140
   13210  0.1224
   13220  0.1234
   13230  0.1114
   13240  0.0990
   13250  0.1003
   13260  0.1197
   13270  0.0626
   13280  0.0866
   13290  0.1154
   13300  0.1331
   13310  0.1417
   13320  0.1421
   13330  0.1425
   13340  0.1473
   13350  0.0000
   13360  0.0000
   13370  0.0000
   13380  0.0000
   13390  0.0000
   13400  0.0000
   13410  0.0000
   13420  0.0000
   13430  0.0000
   13440  0.0000
   13450  0.0000
   13460  0.0000
   13470  0.0000
   13480  0.0000
   13490  0.0000
   13500  0.0000
   13510  0.0000
   13520  0.0000
   13530  0.0000
   13540  0.0000
   13550  0.0000
   13560  0.0000
   13570  0.0000
   13580  0.0000
   13590  0.0000
   13600  0.0000
   13610  0.0000
   13620  0.0000
   13630  0.0000
   13640  0.0000
   13650  0.0000
   13660  0.0000
   13670  0.0000
   13680  0.0000
   13690  0.0000
   13700  0.0000
   13710  0.0000
   13720  0.0000
   13730  0.0000
   13740  0.0000
   13750  0.0000
   13760  0.0000
   13770  0.0000
   13780  0.0000
   13790  0.0000
   13800  0.0000
   13810  0.0000
   13820  0.0000
   13830  0.0000
   13840  0.0000
   13850  0.0000
   13860  0.0000
   13870  0.0000
   13880  0.0000
   13890  0.0000
   13900  0.0000
   13910  0.0000
   13920  0.0000
   13930  0.0000
   13940  0.0000
   13950  0.0000
   13960  0.0000
   13970  0.0000
   13980  0.0000
   13990  0.0000
   14000  0.0000
   14010  0.0000
   14020  0.0000
   14030  0.0000
   14040  0.0000
   14050  0.0000
   14060  0.0000
   14070  0.0000
   14080  0.0000
   14090  0.0000
   14100  0.0000
   14110  0.0000
   14120  0.0000
   14130  0.0000
   14140  0.0000
   14150  0.0000
   14160  0.0000
   14170  0.0000
   14180  0.0000
   14190  0.0000
   14200  0.0000
   14210  0.0000
   14220  0.0000
   14230  0.0000
   14240  0.0000
   14250  0.0000
   14260  0.0000
   14270  0.0000
   14280  0.0000
   14290  0.0000
   14300  0.0000
   14310  0.0000
   14320  0.0000
   14330  0.0000
   14340  0.0000
   14350  0.0000
   14360  0.0000
   14370  0.0000
   14380  0.0000
   14390  0.0000
   14400  0.0000
   14410  0.0000
   14420  0.0000
   14430  0.0000
   14440  0.0000
   14450  0.0000
   14460  0.0000
   14470  0.0000
   14480  0.0000
   14490  0.0000
   14500  0.0000
   14510  0.0000
   14520  0.0000
   14530  0.0000
   14540  0.0000
   14550  0.0000
   14560  0.0000
   14570  0.0000
   14580  0.0000
   14590  0.0000
   14600  0.0000
   14610  0.0000
   14620  0.0000
   14630  0.0000
   14640  0.0000
   14650  0.0000
   14660  0.0000
   14670  0.0000
   14680  0.0000
   14690  0.0000
   14700  0.0000
   14710  0.0000
   14720  0.0000
   14730  0.0000
   14740  0.0000
   14750  0.0000
   14760  0.0000
   14770  0.0000
   14780  0.0000
   14790  0.0000
   14800  0.0000
   14810  0.0000
   14820  0.0000
   14830  0.0000
   14840  0.0000
   14850  0.0000
   14860  0.0000
   14870  0.0000
   14880  0.0000
   14890  0.0000
   14900  0.0000
   14910  0.0000
   14920  0.0000
   14930  0.0000
   14940  0.0000
   14950  0.0000
   14960  0.0000
   14970  0.0000
   14980  0.0000
   14990  0.0000
   15000  0.0000
