       0      10
      10      10
      20      10
      30      10
      40      10
      50      10
      60      10
      70      10
      80      10
      90      10
     100      10
     110      10
     120      10
     130      10
     140      10
     150      10
     160      10
     170      10
     180      10
     190      10
     200      10
     210      10
     220      10
     230      10
     240      10
     250      10
     260      10
     270      10
     280      10
     290      10
     300      10
     310      10
     320      10
     330      10
     340      10
     350      10
     360      10
     370      10
     380      10
     390      10
     400      10
     410      10
     420      10
     430      10
     440      10
     450      10
     460      10
     470      10
     480      10
     490      10
     500      10
     510      10
     520      10
     530      10
     540      10
     550      10
     560      10
     570      10
     580      10
     590      10
     600      10
     610      10
     620      10
     630      10
     640      10
     650      10
     660      10
     670      10
     680      10
     690      10
     700      10
     710      10
     720      10
     730      10
     740      10
     750      10
     760      10
     770      10
     780      10
     790      10
     800      10
     810      10
     820      10
     830      10
     840      10
     850      10
     860      10
     870      10
     880      10
     890      10
     900      10
     910      10
     920      10
     930      10
     940      10
     950      10
     960      10
     970      10
     980      10
     990      10
    1000      10
    1010      10
    1020      10
    1030      10
    1040      10
    1050      10
    1060      10
    1070      10
    1080      10
    1090      10
    1100      10
    1110      10
    1120      10
    1130      10
    1140      10
    1150      10
    1160      10
    1170      10
    1180      10
    1190      10
    1200      10
    1210      10
    1220      10
    1230      10
    1240      10
    1250      10
    1260      10
    1270      10
    1280      10
    1290      10
    1300      10
    1310      10
    1320      10
    1330      10
    1340      10
    1350      10
    1360      10
    1370      10
    1380      10
    1390      10
    1400      10
    1410      10
    1420       9
    1430       9
    1440       9
    1450       9
    1460       9
    1470       9
    1480       9
    1490       9
    1500       9
    1510       9
    1520       9
    1530       9
    1540       9
    1550       9
    1560       9
    1570       9
    1580       9
    1590       9
    1600       9
    1610       9
    1620       9
    1630       9
    1640       9
    1650       9
    1660       9
    1670       9
    1680       9
    1690       9
    1700       9
    1710       9
    1720       9
    1730       9
    1740       9
    1750       9
    1760       9
    1770       9
    1780       9
    1790       9
    1800       9
    1810       9
    1820       9
    1830       9
    1840       9
    1850       9
    1860       9
    1870       9
    1880       9
    1890       9
    1900       9
    1910       9
    1920       9
    1930       9
    1940       9
    1950       9
    1960       9
    1970       9
    1980       9
    1990       9
    2000       9
    2010       9
    2020       9
    2030       9
    2040       9
    2050       9
    2060       9
    2070       9
    2080       9
    2090       9
    2100       9
    2110       9
    2120       9
    2130       9
    2140       9
    2150       9
    2160       9
    2170       9
    2180       9
    2190       9
    2200       9
    2210       9
    2220       9
    2230       9
    2240       9
    2250       9
    2260       9
    2270       9
    2280       9
    2290       9
    2300       9
    2310       9
    2320       9
    2330       9
    2340       9
    2350       9
    2360       9
    2370       9
    2380       9
    2390       9
    2400       9
    2410       9
    2420       9
    2430       9
    2440       9
    2450       9
    2460       9
    2470       9
    2480       9
    2490       9
    2500       9
    2510       9
    2520       9
    2530       9
    2540       9
    2550       9
    2560       9
    2570       9
    2580       9
    2590       9
    2600       9
    2610       9
    2620       9
    2630       9
    2640       9
    2650       9
    2660       9
    2670       9
    2680       9
    2690       9
    2700       9
    2710       9
    2720       9
    2730       9
    2740       9
    2750       9
    2760       9
    2770       9
    2780       9
    2790       9
    2800       9
    2810       9
    2820       9
    2830      91
    2840      91
    2850      91
    2860       9
    2870      91
    2880      91
    2890       9
    2900       9
    2910       9
    2920       9
    2930       9
    2940       9
    2950       9
    2960       9
    2970       9
    2980       9
    2990       9
    3000       9
    3010       9
    3020       9
    3030       9
    3040       9
    3050       9
    3060       9
    3070       9
    3080       9
    3090       9
    3100       9
    3110       9
    3120       9
    3130       9
    3140       9
    3150       9
    3160       9
    3170       9
    3180       9
    3190       9
    3200       9
    3210       9
    3220       9
    3230       9
    3240       9
    3250       9
    3260       9
    3270       9
    3280       9
    3290       9
    3300       9
    3310       9
    3320       9
    3330       9
    3340       9
    3350       9
    3360       9
    3370       9
    3380       9
    3390       9
    3400       9
    3410       9
    3420       9
    3430       9
    3440       9
    3450       9
    3460       9
    3470       9
    3480       9
    3490       9
    3500       9
    3510       9
    3520       9
    3530       9
    3540       9
    3550       9
    3560       9
    3570       9
    3580       9
    3590       9
    3600       9
    3610       9
    3620       9
    3630       9
    3640       9
    3650       9
    3660       9
    3670       9
    3680       9
    3690       9
    3700       9
    3710       9
    3720       9
    3730       9
    3740       9
    3750       9
    3760       9
    3770       9
    3780       9
    3790       9
    3800       9
    3810       9
    3820       9
    3830       9
    3840       9
    3850       9
    3860       9
    3870       9
    3880       9
    3890       9
    3900       9
    3910       9
    3920       9
    3930       9
    3940       9
    3950       9
    3960       9
    3970       9
    3980       9
    3990       9
    4000       9
    4010       9
    4020       9
    4030       9
    4040       9
    4050      95
    4060      95
    4070       9
    4080      95
    4090      95
    4100      95
    4110       9
    4120      95
    4130      95
    4140      95
    4150      95
    4160      95
    4170      95
    4180       9
    4190      95
    4200      95
    4210      95
    4220       9
    4230       9
    4240       9
    4250       9
    4260       9
    4270       9
    4280       9
    4290       9
    4300       9
    4310       9
    4320       9
    4330       9
    4340       9
    4350       9
    4360       9
    4370       9
    4380       9
    4390       9
    4400       9
    4410       9
    4420       9
    4430       9
    4440       9
    4450       9
    4460       9
    4470       9
    4480       9
    4490       9
    4500       9
    4510       9
    4520       9
    4530       9
    4540       9
    4550       9
    4560       9
    4570       9
    4580       9
    4590       9
    4600       9
    4610       9
    4620       9
    4630       9
    4640       9
    4650       9
    4660       9
    4670       9
    4680       9
    4690       9
    4700       9
    4710       9
    4720       9
    4730       9
    4740       9
    4750       9
    4760       9
    4770       9
    4780       9
    4790       9
    4800       9
    4810       9
    4820       9
    4830       9
    4840       9
    4850       9
    4860       9
    4870       9
    4880       9
    4890       9
    4900       9
    4910       9
    4920       9
    4930       9
    4940       9
    4950       9
    4960       9
    4970       9
    4980       9
    4990       9
    5000       9
    5010       9
    5020       9
    5030       9
    5040       9
    5050       9
    5060       9
    5070       9
    5080       9
    5090       9
    5100       9
    5110       9
    5120       9
    5130       9
    5140       9
    5150       9
    5160       9
    5170       9
    5180       9
    5190       9
    5200       9
    5210       9
    5220       9
    5230       9
    5240       9
    5250       9
    5260       9
    5270       9
    5280       9
    5290       9
    5300       9
    5310       9
    5320       9
    5330       9
    5340       9
    5350       9
    5360       9
    5370       9
    5380       9
    5390       9
    5400       9
    5410       9
    5420       9
    5430       9
    5440       9
    5450       9
    5460       9
    5470       9
    5480       9
    5490       9
    5500       9
    5510       9
    5520       9
    5530       9
    5540       9
    5550       9
    5560       9
    5570       9
    5580       9
    5590       9
    5600       9
    5610       9
    5620       9
    5630       9
    5640       9
    5650       9
    5660       8
    5670       8
    5680       8
    5690       8
    5700       8
    5710       8
    5720       8
    5730       8
    5740       8
    5750       8
    5760       8
    5770       8
    5780       8
    5790       8
    5800       8
    5810       8
    5820       8
    5830       8
    5840       8
    5850       8
    5860       8
    5870       8
    5880       8
    5890       8
    5900       8
    5910       8
    5920       8
    5930       8
    5940       8
    5950       8
    5960       8
    5970       8
    5980       8
    5990       8
    6000       8
    6010       8
    6020       8
    6030       8
    6040       8
    6050       8
    6060       8
    6070       8
    6080       8
    6090       8
    6100       8
    6110       8
    6120       8
    6130       8
    6140       8
    6150       8
    6160       8
    6170       8
    6180       8
    6190       8
    6200       8
    6210       8
    6220       8
    6230       8
    6240       8
    6250       8
    6260       8
    6270       8
    6280       8
    6290       8
    6300       8
    6310       8
    6320       8
    6330       8
    6340       8
    6350       8
    6360       8
    6370       8
    6380       8
    6390       8
    6400       8
    6410       8
    6420       8
    6430       8
    6440       8
    6450       8
    6460       8
    6470       8
    6480       8
    6490       8
    6500       8
    6510       8
    6520       8
    6530       8
    6540       8
    6550       8
    6560       8
    6570       8
    6580       8
    6590       8
    6600       8
    6610       8
    6620       8
    6630       8
    6640       8
    6650       8
    6660       8
    6670       8
    6680       8
    6690       8
    6700       8
    6710       8
    6720       8
    6730       8
    6740       8
    6750       8
    6760       8
    6770       8
    6780       8
    6790       8
    6800       8
    6810       8
    6820       8
    6830       8
    6840       8
    6850       8
    6860       8
    6870       8
    6880       8
    6890       8
    6900       8
    6910       8
    6920       8
    6930       8
    6940       8
    6950       8
    6960       8
    6970       8
    6980       8
    6990       8
    7000       8
    7010       8
    7020       8
    7030       8
    7040       8
    7050       8
    7060       8
    7070       8
    7080       8
    7090       8
    7100       8
    7110       8
    7120       8
    7130       8
    7140       8
    7150       8
    7160       8
    7170       8
    7180       8
    7190       8
    7200       8
    7210       8
    7220       8
    7230       8
    7240       8
    7250      81
    7260      81
    7270      81
    7280       8
    7290       8
    7300       8
    7310       8
    7320       8
    7330       8
    7340       8
    7350       8
    7360       8
    7370       8
    7380       8
    7390       8
    7400       8
    7410       8
    7420       8
    7430       8
    7440       8
    7450       8
    7460       8
    7470       8
    7480       8
    7490       8
    7500       8
    7510       8
    7520       8
    7530       8
    7540       8
    7550       8
    7560       8
    7570       8
    7580       8
    7590       8
    7600       8
    7610       8
    7620       8
    7630       8
    7640       8
    7650       8
    7660       8
    7670       8
    7680       8
    7690       8
    7700       8
    7710       8
    7720       8
    7730       8
    7740       8
    7750       8
    7760       8
    7770       8
    7780       8
    7790       8
    7800       8
    7810       8
    7820       8
    7830       8
    7840      15
    7850      15
    7860      15
    7870      15
    7880      15
    7890      15
    7900      15
    7910      15
    7920      15
    7930      15
    7940      15
    7950      15
    7960      15
    7970      15
    7980      15
    7990      15
    8000      15
    8010      15
    8020      15
    8030      15
    8040      15
    8050      15
    8060      15
    8070      15
    8080      15
    8090      15
    8100      15
    8110      15
    8120      15
    8130      15
    8140      15
    8150      15
    8160      15
    8170      15
    8180      15
    8190      15
    8200      15
    8210      15
    8220      15
    8230      15
    8240      15
    8250      15
    8260      15
    8270      15
    8280      15
    8290      15
    8300      15
    8310      15
    8320      15
    8330      15
    8340      15
    8350      15
    8360      15
    8370      15
    8380      15
    8390      15
    8400      15
    8410      15
    8420      15
    8430      15
    8440      15
    8450      15
    8460      15
    8470      15
    8480      15
    8490      15
    8500      15
    8510      15
    8520      15
    8530      15
    8540      15
    8550      15
    8560      15
    8570      15
    8580      15
    8590      15
    8600      15
    8610      15
    8620      15
    8630      15
    8640      15
    8650      15
    8660      15
    8670      15
    8680      15
    8690      15
    8700      15
    8710      15
    8720      15
    8730      15
    8740      15
    8750      15
    8760      15
    8770      15
    8780      15
    8790      15
    8800      15
    8810      15
    8820      15
    8830      15
    8840      15
    8850      15
    8860      15
    8870      15
    8880      15
    8890      15
    8900      15
    8910      15
    8920      15
    8930      15
    8940      15
    8950      15
    8960      15
    8970      15
    8980      15
    8990      15
    9000      15
    9010      15
    9020      15
    9030      15
    9040      15
    9050      15
    9060      15
    9070      15
    9080      15
    9090      15
    9100      15
    9110      15
    9120      15
    9130      15
    9140      15
    9150      15
    9160      15
    9170      15
    9180      15
    9190      15
    9200      15
    9210      15
    9220      15
    9230      15
    9240      15
    9250      15
    9260      15
    9270      15
    9280      15
    9290      15
    9300      15
    9310      15
    9320      15
    9330      15
    9340      15
    9350      15
    9360      15
    9370      15
    9380      15
    9390      15
    9400      15
    9410      15
    9420      15
    9430      15
    9440      15
    9450      15
    9460      15
    9470      15
    9480      15
    9490      15
    9500      15
    9510      15
    9520      15
    9530      15
    9540      15
    9550      15
    9560      15
    9570      15
    9580       3
    9590       3
    9600       3
    9610       3
    9620       3
    9630       3
    9640       3
    9650       3
    9660       3
    9670       3
    9680       3
    9690       3
    9700       3
    9710       3
    9720       3
    9730       3
    9740       3
    9750       3
    9760       3
    9770       3
    9780       3
    9790       3
    9800       3
    9810       3
    9820       3
    9830       3
    9840       3
    9850       3
    9860       3
    9870       3
    9880       3
    9890       3
    9900       3
    9910       3
    9920       3
    9930       3
    9940       3
    9950       3
    9960       3
    9970       3
    9980       3
    9990       3
   10000       3
   10010       3
   10020       3
   10030       3
   10040       3
   10050       3
   10060       3
   10070       3
   10080       3
   10090       3
   10100       3
   10110       3
   10120       3
   10130       3
   10140       3
   10150       3
   10160       3
   10170       3
   10180       3
   10190       3
   10200       3
   10210       3
   10220       3
   10230       3
   10240       3
   10250       3
   10260       3
   10270       3
   10280       3
   10290       3
   10300       3
   10310       3
   10320       3
   10330       3
   10340       3
   10350       3
   10360       3
   10370       3
   10380       3
   10390       3
   10400       3
   10410       3
   10420       3
   10430       3
   10440       3
   10450       3
   10460       2
   10470       2
   10480       2
   10490       2
   10500       2
   10510       2
   10520       2
   10530       2
   10540       2
   10550       2
   10560       2
   10570       2
   10580       2
   10590       2
   10600       2
   10610       2
   10620       2
   10630       2
   10640       2
   10650       2
   10660       2
   10670       2
   10680       2
   10690       2
   10700       2
   10710       2
   10720       2
   10730       2
   10740       2
   10750       2
   10760       2
   10770       2
   10780       2
   10790       2
   10800       2
   10810       2
   10820       2
   10830       2
   10840       2
   10850       2
   10860       2
   10870       2
   10880       2
   10890       2
   10900       2
   10910       2
   10920       2
   10930       2
   10940       2
   10950       2
   10960       2
   10970       2
   10980       2
   10990       2
   11000       2
   11010       2
   11020       2
   11030       2
   11040       2
   11050       2
   11060       2
   11070       2
   11080       2
   11090       2
   11100       2
   11110       2
   11120       2
   11130       2
   11140       2
   11150       2
   11160       2
   11170       2
   11180       2
   11190       2
   11200       2
   11210       2
   11220       2
   11230       2
   11240       2
   11250       2
   11260       2
   11270       2
   11280       2
   11290       2
   11300       2
   11310       2
   11320       2
   11330       2
   11340       2
   11350       2
   11360       2
   11370       2
   11380       2
   11390       2
   11400       2
   11410       2
   11420       2
   11430       2
   11440       2
   11450       2
   11460       2
   11470       2
   11480       2
   11490       2
   11500       2
   11510       2
   11520       2
   11530       2
   11540       2
   11550       2
   11560       2
   11570       2
   11580       2
   11590       2
   11600       2
   11610       2
   11620       2
   11630       2
   11640       2
   11650       2
   11660       2
   11670       2
   11680       2
   11690       2
   11700       2
   11710       2
   11720       2
   11730       2
   11740       2
   11750       2
   11760       2
   11770       2
   11780       2
   11790       2
   11800       2
   11810       2
   11820       2
   11830       2
   11840       2
   11850       2
   11860       2
   11870       2
   11880       2
   11890       2
   11900       2
   11910       2
   11920       2
   11930       2
   11940       2
   11950       2
   11960       2
   11970       2
   11980       2
   11990       2
   12000       2
   12010       2
   12020       2
   12030       2
   12040       2
   12050       2
   12060       2
   12070       2
   12080       2
   12090       2
   12100       2
   12110       2
   12120       2
   12130       2
   12140       2
   12150       2
   12160       2
   12170       2
   12180       2
   12190       2
   12200       2
   12210       2
   12220       2
   12230       2
   12240       2
   12250       2
   12260       2
   12270       2
   12280       2
   12290       2
   12300       2
   12310       2
   12320       2
   12330       2
   12340       2
   12350       2
   12360       2
   12370       2
   12380       2
   12390       2
   12400       2
   12410       2
   12420       2
   12430       2
   12440       2
   12450       2
   12460       2
   12470       2
   12480       2
   12490       2
   12500       2
   12510       2
   12520       2
   12530       2
   12540       2
   12550       2
   12560       2
   12570       2
   12580       2
   12590       2
   12600       2
   12610       2
   12620       2
   12630       2
   12640       2
   12650       2
   12660       2
   12670       2
   12680       2
   12690       2
   12700       2
   12710       2
   12720       2
   12730       2
   12740       2
   12750       2
   12760       2
   12770       2
   12780       2
   12790       2
   12800       2
   12810       2
   12820       2
   12830       2
   12840       2
   12850       2
   12860       2
   12870       2
   12880       2
   12890       2
   12900       2
   12910       2
   12920       2
   12930       2
   12940       2
   12950       2
   12960       2
   12970       2
   12980       2
   12990       2
   13000       2
   13010       2
   13020       2
   13030       2
   13040       2
   13050       2
   13060       2
   13070       2
   13080       2
   13090       2
   13100       2
   13110       2
   13120       2
   13130       2
   13140       2
   13150       2
   13160       2
   13170       2
   13180       2
   13190       2
   13200       2
   13210       2
   13220       2
   13230       2
   13240       2
   13250       2
   13260       2
   13270       2
   13280       2
   13290       2
   13300       2
   13310       2
   13320       2
   13330       2
   13340       2
   13350       2
   13360       2
   13370       2
   13380       2
   13390       2
   13400       2
   13410       2
   13420       2
   13430       2
   13440       2
   13450       2
   13460       2
   13470       2
   13480       2
   13490       2
   13500       2
   13510       2
   13520       2
   13530       2
   13540       2
   13550       2
   13560       2
   13570       2
   13580       2
   13590       2
   13600       2
   13610       2
   13620       2
   13630       2
   13640       2
   13650       2
   13660       2
   13670       2
   13680       2
   13690       2
   13700       2
   13710       2
   13720       2
   13730       2
   13740       2
   13750       2
   13760       2
   13770       2
   13780       2
   13790       2
   13800       2
   13810       2
   13820       2
   13830       2
   13840       2
   13850       2
   13860       2
   13870       2
   13880       2
   13890       2
   13900       2
   13910       2
   13920       2
   13930       2
   13940       2
   13950       2
   13960       2
   13970       2
   13980       2
   13990       2
   14000       2
   14010       2
   14020       2
   14030       2
   14040       2
   14050       2
   14060       2
   14070       2
   14080       2
   14090       2
   14100       2
   14110       2
   14120       2
   14130       2
   14140       2
   14150       2
   14160       2
   14170       2
   14180       2
   14190       2
   14200       2
   14210       2
   14220       2
   14230       2
   14240       2
   14250       2
   14260       2
   14270       2
   14280       2
   14290       2
   14300       2
   14310       2
   14320       2
   14330       2
   14340       2
   14350       2
   14360       2
   14370       2
   14380       2
   14390       2
   14400       2
   14410       2
   14420       2
   14430       2
   14440       2
   14450       2
   14460       2
   14470       2
   14480       2
   14490       2
   14500       2
   14510       2
   14520       2
   14530       2
   14540       2
   14550       2
   14560       2
   14570       2
   14580       2
   14590       2
   14600       2
   14610       2
   14620       2
   14630       2
   14640       2
   14650       2
   14660       2
   14670       2
   14680       2
   14690       2
   14700       2
   14710       2
   14720       2
   14730       2
   14740       2
   14750       2
   14760       2
   14770       2
   14780       2
   14790       2
   14800       2
   14810       2
   14820       2
   14830       2
   14840       2
   14850       2
   14860       1
   14870       1
   14880       1
   14890       1
   14900       1
   14910       1
   14920       1
   14930       1
   14940       1
   14950       1
   14960       1
   14970       1
   14980       1
   14990       1
   15000       1
