       0      10
      10      10
      20      10
      30      10
      40      10
      50      10
      60      10
      70      10
      80      10
      90      10
     100      10
     110      10
     120      10
     130      10
     140      10
     150      10
     160      10
     170      10
     180      10
     190      10
     200      10
     210      10
     220      10
     230      10
     240      10
     250      10
     260      10
     270      10
     280      10
     290      10
     300      10
     310      10
     320      10
     330      10
     340      10
     350      10
     360      10
     370      10
     380      10
     390      10
     400      10
     410      10
     420      10
     430      10
     440      10
     450      10
     460      10
     470      10
     480      10
     490      10
     500      10
     510      10
     520      10
     530      10
     540      10
     550      10
     560      10
     570      10
     580      10
     590      10
     600      10
     610      10
     620      10
     630      10
     640      10
     650      10
     660      10
     670      10
     680      10
     690      10
     700      10
     710      10
     720      10
     730      10
     740      10
     750      10
     760      10
     770      10
     780      10
     790      10
     800      10
     810      10
     820      10
     830      10
     840      10
     850      10
     860      10
     870      10
     880      10
     890      10
     900      10
     910      10
     920      10
     930      10
     940      10
     950      10
     960      10
     970      10
     980      10
     990      10
    1000      10
    1010      10
    1020      10
    1030      10
    1040      10
    1050      10
    1060      10
    1070      10
    1080      10
    1090      10
    1100      10
    1110      10
    1120      10
    1130      10
    1140      10
    1150      10
    1160      10
    1170      10
    1180      10
    1190      10
    1200      10
    1210      10
    1220      10
    1230      10
    1240      10
    1250      10
    1260      10
    1270      10
    1280      10
    1290      10
    1300      10
    1310      10
    1320      10
    1330      10
    1340      10
    1350      10
    1360      10
    1370      10
    1380      10
    1390      10
    1400      10
    1410      10
    1420      10
    1430      10
    1440      10
    1450      10
    1460      10
    1470      10
    1480      10
    1490      10
    1500      10
    1510      10
    1520      10
    1530      10
    1540      10
    1550      10
    1560      10
    1570       9
    1580       9
    1590       9
    1600       9
    1610       9
    1620       9
    1630       9
    1640       9
    1650       9
    1660       9
    1670       9
    1680       9
    1690       9
    1700       9
    1710       9
    1720       9
    1730       9
    1740       9
    1750       9
    1760       9
    1770       9
    1780       9
    1790       9
    1800       9
    1810       9
    1820       9
    1830       9
    1840       9
    1850       9
    1860       9
    1870       9
    1880       9
    1890       9
    1900       9
    1910       9
    1920       9
    1930       9
    1940       9
    1950       9
    1960       9
    1970       9
    1980       9
    1990       9
    2000       9
    2010       9
    2020       9
    2030       9
    2040       9
    2050       9
    2060       9
    2070       9
    2080       9
    2090       9
    2100       9
    2110       9
    2120       9
    2130       9
    2140       9
    2150       9
    2160       9
    2170       9
    2180       9
    2190       9
    2200       9
    2210       9
    2220       9
    2230       9
    2240       9
    2250       9
    2260       9
    2270       9
    2280       9
    2290       9
    2300       9
    2310       9
    2320       9
    2330       9
    2340       9
    2350       9
    2360       9
    2370       9
    2380       9
    2390       9
    2400       9
    2410       9
    2420       9
    2430       9
    2440       9
    2450       9
    2460       9
    2470       9
    2480       9
    2490       9
    2500       9
    2510       9
    2520       9
    2530       9
    2540       9
    2550       9
    2560       9
    2570       9
    2580       9
    2590       9
    2600       9
    2610       9
    2620       9
    2630       9
    2640       9
    2650       9
    2660       9
    2670       9
    2680       9
    2690       9
    2700       9
    2710       9
    2720       9
    2730       9
    2740       9
    2750       9
    2760       9
    2770       9
    2780       9
    2790       9
    2800       9
    2810       9
    2820       9
    2830       9
    2840       9
    2850       9
    2860       9
    2870       9
    2880       9
    2890       9
    2900       9
    2910       9
    2920       9
    2930       9
    2940       9
    2950       9
    2960       9
    2970       9
    2980       9
    2990       9
    3000       9
    3010       9
    3020       9
    3030       9
    3040       9
    3050       9
    3060       9
    3070       9
    3080       9
    3090       9
    3100       9
    3110       9
    3120       9
    3130       9
    3140       9
    3150       9
    3160       9
    3170       9
    3180       9
    3190       9
    3200       9
    3210       9
    3220       9
    3230       9
    3240       9
    3250       9
    3260       9
    3270       9
    3280       9
    3290       9
    3300       9
    3310       9
    3320       9
    3330       9
    3340       8
    3350       8
    3360       8
    3370       8
    3380       8
    3390       8
    3400       8
    3410       8
    3420       8
    3430       8
    3440       8
    3450       8
    3460       8
    3470       8
    3480       8
    3490       8
    3500       8
    3510       8
    3520       8
    3530       8
    3540       8
    3550       8
    3560       8
    3570       8
    3580       8
    3590       8
    3600       8
    3610       8
    3620       8
    3630       8
    3640       8
    3650       8
    3660       8
    3670       8
    3680       8
    3690       8
    3700       8
    3710       8
    3720       8
    3730       8
    3740       8
    3750       8
    3760       8
    3770       8
    3780       8
    3790       8
    3800       8
    3810       8
    3820       8
    3830       8
    3840       8
    3850       8
    3860       8
    3870       8
    3880       8
    3890       8
    3900       8
    3910       8
    3920       8
    3930       8
    3940       8
    3950       8
    3960       8
    3970       8
    3980       8
    3990       8
    4000       8
    4010       8
    4020       8
    4030       8
    4040       8
    4050       8
    4060       8
    4070       8
    4080       8
    4090       8
    4100       8
    4110       8
    4120       8
    4130       8
    4140       8
    4150       8
    4160       8
    4170       8
    4180       8
    4190       8
    4200       8
    4210       8
    4220       8
    4230       8
    4240       8
    4250       8
    4260       8
    4270       8
    4280       8
    4290       8
    4300       8
    4310       8
    4320       8
    4330       8
    4340       8
    4350       8
    4360       8
    4370       8
    4380       8
    4390       8
    4400       8
    4410       8
    4420       8
    4430       8
    4440       8
    4450       8
    4460       8
    4470       8
    4480       8
    4490       8
    4500       8
    4510       8
    4520       8
    4530       8
    4540       8
    4550       8
    4560       8
    4570       8
    4580       8
    4590       8
    4600       8
    4610       8
    4620       8
    4630       8
    4640       8
    4650       8
    4660       8
    4670       8
    4680       8
    4690       8
    4700       8
    4710       8
    4720       8
    4730       8
    4740       8
    4750       8
    4760       8
    4770       8
    4780       8
    4790       8
    4800       8
    4810       8
    4820       8
    4830       8
    4840       8
    4850       8
    4860       8
    4870       8
    4880       8
    4890       8
    4900       8
    4910       8
    4920       8
    4930       8
    4940       8
    4950       8
    4960       8
    4970       8
    4980       8
    4990       8
    5000       8
    5010       8
    5020       8
    5030       8
    5040       8
    5050       8
    5060       8
    5070       8
    5080       8
    5090       8
    5100       8
    5110       8
    5120       8
    5130       8
    5140       8
    5150       8
    5160       8
    5170       8
    5180       8
    5190       8
    5200       8
    5210       8
    5220       8
    5230       8
    5240       8
    5250       8
    5260       8
    5270       8
    5280       8
    5290       8
    5300       8
    5310       8
    5320       8
    5330       8
    5340       8
    5350       8
    5360       8
    5370       8
    5380       8
    5390       8
    5400       8
    5410       8
    5420       8
    5430       8
    5440       8
    5450       8
    5460       8
    5470       8
    5480       8
    5490       8
    5500       8
    5510       8
    5520       8
    5530       8
    5540       8
    5550       8
    5560       8
    5570       8
    5580       8
    5590       8
    5600       8
    5610       8
    5620       8
    5630       8
    5640       8
    5650       8
    5660       8
    5670       8
    5680       8
    5690       8
    5700       8
    5710       8
    5720       8
    5730       8
    5740       8
    5750       8
    5760       8
    5770       8
    5780       8
    5790       8
    5800       8
    5810       8
    5820       8
    5830       8
    5840       8
    5850       8
    5860       7
    5870       7
    5880       7
    5890       7
    5900       7
    5910       7
    5920       7
    5930       7
    5940       7
    5950       7
    5960       7
    5970       7
    5980       7
    5990       7
    6000       7
    6010       7
    6020       7
    6030       7
    6040       7
    6050       7
    6060       7
    6070       7
    6080       7
    6090       7
    6100       7
    6110       7
    6120       7
    6130       7
    6140       7
    6150       7
    6160       7
    6170       7
    6180       7
    6190       7
    6200       7
    6210       7
    6220       7
    6230       7
    6240       7
    6250       7
    6260       7
    6270       7
    6280       7
    6290       7
    6300       7
    6310       7
    6320       7
    6330       7
    6340       7
    6350       7
    6360       7
    6370       7
    6380       7
    6390       7
    6400       7
    6410       7
    6420       7
    6430       7
    6440       7
    6450       7
    6460       7
    6470       7
    6480       7
    6490       7
    6500       7
    6510       7
    6520       7
    6530       7
    6540       7
    6550       7
    6560       7
    6570       7
    6580       7
    6590       7
    6600       7
    6610       7
    6620       7
    6630       7
    6640       7
    6650       7
    6660       7
    6670       7
    6680       7
    6690       7
    6700       7
    6710       7
    6720       7
    6730       7
    6740       7
    6750       7
    6760       7
    6770       7
    6780       7
    6790       7
    6800       7
    6810       7
    6820       7
    6830       7
    6840       7
    6850       7
    6860       7
    6870       7
    6880       7
    6890       7
    6900       7
    6910       7
    6920       7
    6930       7
    6940       7
    6950       7
    6960       7
    6970       7
    6980       7
    6990       7
    7000       7
    7010       7
    7020       7
    7030       7
    7040       7
    7050       7
    7060       7
    7070       7
    7080       7
    7090       7
    7100       7
    7110       7
    7120       7
    7130       7
    7140       7
    7150       7
    7160       7
    7170       7
    7180       7
    7190       7
    7200       7
    7210       7
    7220       7
    7230       7
    7240       7
    7250       7
    7260       7
    7270       7
    7280       7
    7290       7
    7300       7
    7310       7
    7320       7
    7330       7
    7340       7
    7350       7
    7360       7
    7370       7
    7380       6
    7390       6
    7400       6
    7410       6
    7420       6
    7430       6
    7440       6
    7450       6
    7460       6
    7470       6
    7480       6
    7490       6
    7500       6
    7510       6
    7520       6
    7530       6
    7540       6
    7550       6
    7560       6
    7570       6
    7580       6
    7590       6
    7600       6
    7610       6
    7620       6
    7630       6
    7640       6
    7650       6
    7660       6
    7670       6
    7680       6
    7690       6
    7700       6
    7710       6
    7720       6
    7730       6
    7740       6
    7750       6
    7760       6
    7770       6
    7780       6
    7790       6
    7800       6
    7810       6
    7820       6
    7830       6
    7840       6
    7850       6
    7860       6
    7870       6
    7880       6
    7890       6
    7900       6
    7910       6
    7920       6
    7930       6
    7940       6
    7950       6
    7960       6
    7970       6
    7980       6
    7990       6
    8000       6
    8010       6
    8020       6
    8030       6
    8040       6
    8050       6
    8060       6
    8070       6
    8080       6
    8090       6
    8100       6
    8110       6
    8120       6
    8130       6
    8140       6
    8150       6
    8160       6
    8170       6
    8180       6
    8190       6
    8200       6
    8210       6
    8220       6
    8230       6
    8240       6
    8250       6
    8260       6
    8270       6
    8280       6
    8290       6
    8300       6
    8310       6
    8320       6
    8330       6
    8340       6
    8350       6
    8360       6
    8370       6
    8380       6
    8390       6
    8400       6
    8410       6
    8420       6
    8430       6
    8440       6
    8450       6
    8460       6
    8470       6
    8480       6
    8490       6
    8500       6
    8510       6
    8520       6
    8530       6
    8540       6
    8550       6
    8560       6
    8570       6
    8580       6
    8590       6
    8600       6
    8610       6
    8620       6
    8630       6
    8640       6
    8650       6
    8660       6
    8670       6
    8680       6
    8690       6
    8700       6
    8710       6
    8720       6
    8730       6
    8740       6
    8750       6
    8760       6
    8770       6
    8780       6
    8790       6
    8800       6
    8810       6
    8820       6
    8830       6
    8840       6
    8850       6
    8860       6
    8870       6
    8880       6
    8890       6
    8900       6
    8910       6
    8920       6
    8930       6
    8940       6
    8950       6
    8960       6
    8970       6
    8980       6
    8990       6
    9000       6
    9010       6
    9020       6
    9030       6
    9040       6
    9050       6
    9060       6
    9070       6
    9080       6
    9090       6
    9100       6
    9110       6
    9120       6
    9130       6
    9140       6
    9150       6
    9160       6
    9170       6
    9180       6
    9190       6
    9200       6
    9210       5
    9220       5
    9230       5
    9240       5
    9250       5
    9260       5
    9270       5
    9280       5
    9290       5
    9300       5
    9310       5
    9320       5
    9330       5
    9340       5
    9350       5
    9360       5
    9370       5
    9380       5
    9390       5
    9400       5
    9410       5
    9420       5
    9430       5
    9440       5
    9450       5
    9460       5
    9470       5
    9480       5
    9490       5
    9500       5
    9510       5
    9520       5
    9530       5
    9540       5
    9550       5
    9560       5
    9570       5
    9580       5
    9590       5
    9600       5
    9610       5
    9620       5
    9630       5
    9640       5
    9650       5
    9660       5
    9670       5
    9680       5
    9690       5
    9700       5
    9710       5
    9720       5
    9730       5
    9740       5
    9750       5
    9760       5
    9770       5
    9780       5
    9790       5
    9800       5
    9810       5
    9820       5
    9830       5
    9840       5
    9850       5
    9860       5
    9870       5
    9880       5
    9890       5
    9900       5
    9910       5
    9920       5
    9930       5
    9940       5
    9950       5
    9960       5
    9970       5
    9980       5
    9990       5
   10000       5
   10010       5
   10020       5
   10030       5
   10040       5
   10050       5
   10060       5
   10070       5
   10080       5
   10090       5
   10100       5
   10110       5
   10120       5
   10130       5
   10140       5
   10150       5
   10160       5
   10170       5
   10180       5
   10190       5
   10200       5
   10210       5
   10220       5
   10230       5
   10240       5
   10250       5
   10260       5
   10270       5
   10280       5
   10290       5
   10300       5
   10310       5
   10320       5
   10330       5
   10340       5
   10350       5
   10360       5
   10370       5
   10380       5
   10390       5
   10400       5
   10410       5
   10420       5
   10430       5
   10440       5
   10450       5
   10460       5
   10470       5
   10480       5
   10490       5
   10500       5
   10510       5
   10520       5
   10530       5
   10540       5
   10550       5
   10560       5
   10570       5
   10580       5
   10590       5
   10600       5
   10610       5
   10620       5
   10630       5
   10640       5
   10650       5
   10660       5
   10670       5
   10680       5
   10690       5
   10700       5
   10710       5
   10720       5
   10730       5
   10740       5
   10750       5
   10760       5
   10770       5
   10780       5
   10790       5
   10800       5
   10810       5
   10820       5
   10830       5
   10840       5
   10850       5
   10860       5
   10870       5
   10880       5
   10890       4
   10900       4
   10910       4
   10920       4
   10930       4
   10940       4
   10950       4
   10960       4
   10970       4
   10980       4
   10990       4
   11000       4
   11010       4
   11020       4
   11030       4
   11040       4
   11050       4
   11060       4
   11070       4
   11080       4
   11090       4
   11100       4
   11110       4
   11120       4
   11130       4
   11140       4
   11150       4
   11160       4
   11170       4
   11180       4
   11190       4
   11200       4
   11210       4
   11220       4
   11230       4
   11240       4
   11250       4
   11260       4
   11270       4
   11280       4
   11290       4
   11300       4
   11310       4
   11320       4
   11330       4
   11340       4
   11350       4
   11360       4
   11370       4
   11380       4
   11390       4
   11400       4
   11410       4
   11420       4
   11430       4
   11440       4
   11450       4
   11460       4
   11470       4
   11480       4
   11490       4
   11500       4
   11510       4
   11520       4
   11530       4
   11540       4
   11550       4
   11560       4
   11570       4
   11580       4
   11590       4
   11600       4
   11610       4
   11620       4
   11630       4
   11640       4
   11650       4
   11660       4
   11670       4
   11680       4
   11690       4
   11700       4
   11710       4
   11720       4
   11730       4
   11740       4
   11750       4
   11760       4
   11770       4
   11780       4
   11790       4
   11800       4
   11810       4
   11820       4
   11830       4
   11840       4
   11850       4
   11860       4
   11870       4
   11880       4
   11890       4
   11900       4
   11910       3
   11920       3
   11930       3
   11940       3
   11950       3
   11960       3
   11970       3
   11980       3
   11990       3
   12000       3
   12010       3
   12020       3
   12030       3
   12040       3
   12050       3
   12060       3
   12070       3
   12080       3
   12090       3
   12100       3
   12110       3
   12120       3
   12130       3
   12140       3
   12150       3
   12160       3
   12170       3
   12180       3
   12190       3
   12200       3
   12210       3
   12220       3
   12230       3
   12240       3
   12250       3
   12260       3
   12270       3
   12280       3
   12290       3
   12300       3
   12310       3
   12320       3
   12330       3
   12340       3
   12350       3
   12360       3
   12370       3
   12380       3
   12390       3
   12400       3
   12410       3
   12420       3
   12430       3
   12440       3
   12450       3
   12460       3
   12470       3
   12480       3
   12490       3
   12500       3
   12510       3
   12520       3
   12530       3
   12540       3
   12550       3
   12560       3
   12570       3
   12580       3
   12590       3
   12600       3
   12610       3
   12620       3
   12630       3
   12640       3
   12650       3
   12660       3
   12670       3
   12680       3
   12690       3
   12700       3
   12710       3
   12720       3
   12730       3
   12740       3
   12750       3
   12760       3
   12770       3
   12780       3
   12790       3
   12800       3
   12810       3
   12820       3
   12830       3
   12840       3
   12850       3
   12860       3
   12870       3
   12880       3
   12890       3
   12900       3
   12910       3
   12920       3
   12930       3
   12940       3
   12950       3
   12960       3
   12970       3
   12980       3
   12990       3
   13000       3
   13010       3
   13020       3
   13030       3
   13040       3
   13050       3
   13060       3
   13070       3
   13080       3
   13090       3
   13100       3
   13110       3
   13120       3
   13130       3
   13140       3
   13150       3
   13160       3
   13170       3
   13180       3
   13190       3
   13200       3
   13210       3
   13220       3
   13230       3
   13240       3
   13250       3
   13260       3
   13270       3
   13280       3
   13290       3
   13300       3
   13310       3
   13320       3
   13330       3
   13340       3
   13350       2
   13360       2
   13370       2
   13380       2
   13390       2
   13400       2
   13410       2
   13420       2
   13430       2
   13440       2
   13450       2
   13460       2
   13470       2
   13480       2
   13490       2
   13500       2
   13510       2
   13520       2
   13530       2
   13540       2
   13550       2
   13560       2
   13570       2
   13580       2
   13590       2
   13600       2
   13610       2
   13620       2
   13630       2
   13640       2
   13650       2
   13660       2
   13670       2
   13680       2
   13690       2
   13700       2
   13710       2
   13720       2
   13730       2
   13740       2
   13750       2
   13760       2
   13770       2
   13780       2
   13790       2
   13800       2
   13810       2
   13820       2
   13830       2
   13840       2
   13850       2
   13860       2
   13870       2
   13880       2
   13890       2
   13900       2
   13910       2
   13920       2
   13930       2
   13940       2
   13950       2
   13960       2
   13970       2
   13980       2
   13990       2
   14000       2
   14010       2
   14020       2
   14030       2
   14040       2
   14050       2
   14060       2
   14070       2
   14080       2
   14090       2
   14100       2
   14110       2
   14120       2
   14130       2
   14140       2
   14150       2
   14160       2
   14170       2
   14180       2
   14190       2
   14200       2
   14210       2
   14220       2
   14230       2
   14240       2
   14250       2
   14260       2
   14270       2
   14280       2
   14290       2
   14300       2
   14310       2
   14320       2
   14330       2
   14340       2
   14350       2
   14360       2
   14370       2
   14380       2
   14390       2
   14400       2
   14410       2
   14420       2
   14430       2
   14440       2
   14450       2
   14460       2
   14470       2
   14480       2
   14490       2
   14500       2
   14510       2
   14520       2
   14530       2
   14540       2
   14550       2
   14560       2
   14570       2
   14580       2
   14590       2
   14600       2
   14610       2
   14620       2
   14630       2
   14640       2
   14650       2
   14660       2
   14670       2
   14680       2
   14690       2
   14700       2
   14710       2
   14720       2
   14730       2
   14740       2
   14750       2
   14760       2
   14770       2
   14780       2
   14790       2
   14800       2
   14810       2
   14820       2
   14830       2
   14840       2
   14850       2
   14860       1
   14870       1
   14880       1
   14890       1
   14900       1
   14910       1
   14920       1
   14930       1
   14940       1
   14950       1
   14960       1
   14970       1
   14980       1
   14990       1
   15000       1
