       0      10
      10      10
      20      10
      30      10
      40      10
      50      10
      60      10
      70      10
      80      10
      90      10
     100      10
     110      10
     120      10
     130      10
     140      10
     150      10
     160      10
     170      10
     180      10
     190      10
     200      10
     210      10
     220      10
     230      10
     240      10
     250      10
     260      10
     270      10
     280      10
     290      10
     300      10
     310      10
     320      10
     330      10
     340      10
     350      10
     360      10
     370      10
     380      10
     390      10
     400      10
     410      10
     420      10
     430      10
     440      10
     450      10
     460      10
     470      10
     480      10
     490      10
     500      10
     510      10
     520      10
     530      10
     540      10
     550      10
     560      10
     570      10
     580      10
     590      10
     600      10
     610      10
     620      10
     630      10
     640      10
     650      10
     660      10
     670      10
     680      10
     690      10
     700      10
     710      10
     720      10
     730      10
     740      10
     750      10
     760      10
     770      10
     780      10
     790      10
     800      10
     810      10
     820      10
     830      10
     840      10
     850      10
     860      10
     870      10
     880      10
     890      10
     900      10
     910      10
     920      10
     930      10
     940      10
     950      10
     960      10
     970       9
     980       9
     990       9
    1000       9
    1010       9
    1020       9
    1030       9
    1040       9
    1050       9
    1060       9
    1070       9
    1080       9
    1090       9
    1100       9
    1110       9
    1120       9
    1130       9
    1140       9
    1150       9
    1160       9
    1170       9
    1180       9
    1190       9
    1200       9
    1210       9
    1220       9
    1230       9
    1240       9
    1250       9
    1260       9
    1270       9
    1280      17
    1290      17
    1300      17
    1310      17
    1320      17
    1330      17
    1340      17
    1350      17
    1360      17
    1370      17
    1380      17
    1390      17
    1400      17
    1410      17
    1420      17
    1430      17
    1440      17
    1450      17
    1460      17
    1470      17
    1480      17
    1490      17
    1500      17
    1510      17
    1520      17
    1530      17
    1540      17
    1550      17
    1560      17
    1570      17
    1580      17
    1590      17
    1600      17
    1610      17
    1620      17
    1630      17
    1640      17
    1650      17
    1660      17
    1670      17
    1680      17
    1690      17
    1700      17
    1710      17
    1720      17
    1730      17
    1740      17
    1750      17
    1760      17
    1770      17
    1780      17
    1790      17
    1800      17
    1810      17
    1820      17
    1830      17
    1840      17
    1850      17
    1860      15
    1870      15
    1880      15
    1890      15
    1900      15
    1910      15
    1920      15
    1930      15
    1940      15
    1950      15
    1960      15
    1970      15
    1980      15
    1990      15
    2000      15
    2010      15
    2020      15
    2030      15
    2040      15
    2050      15
    2060      15
    2070      15
    2080      15
    2090      15
    2100      15
    2110      15
    2120      15
    2130      15
    2140      15
    2150      15
    2160      15
    2170      15
    2180      15
    2190      15
    2200      15
    2210      15
    2220      15
    2230      15
    2240      15
    2250      15
    2260      15
    2270      15
    2280      15
    2290      15
    2300      15
    2310      15
    2320      15
    2330      15
    2340      15
    2350      15
    2360      15
    2370      15
    2380      15
    2390      15
    2400      15
    2410      15
    2420      15
    2430      15
    2440      15
    2450      15
    2460      15
    2470      15
    2480      15
    2490      15
    2500      15
    2510      15
    2520      15
    2530      15
    2540      15
    2550      15
    2560      15
    2570      15
    2580      15
    2590      15
    2600      15
    2610      15
    2620      15
    2630      15
    2640      15
    2650      15
    2660      15
    2670      15
    2680      15
    2690      15
    2700      15
    2710      15
    2720      15
    2730      15
    2740      15
    2750      15
    2760      15
    2770      15
    2780      15
    2790      15
    2800      15
    2810      15
    2820      15
    2830      15
    2840      15
    2850      15
    2860      15
    2870       9
    2880       9
    2890       9
    2900       9
    2910       9
    2920       9
    2930       9
    2940       9
    2950       9
    2960       9
    2970       9
    2980       9
    2990       9
    3000       9
    3010       9
    3020       9
    3030       9
    3040       9
    3050       9
    3060       9
    3070       9
    3080       9
    3090       9
    3100       9
    3110       9
    3120       9
    3130       9
    3140       9
    3150       9
    3160       9
    3170       9
    3180       9
    3190       9
    3200       9
    3210       9
    3220       9
    3230       9
    3240       9
    3250       9
    3260       9
    3270       9
    3280       9
    3290       9
    3300       9
    3310       9
    3320       9
    3330       9
    3340       9
    3350       9
    3360       9
    3370       9
    3380       9
    3390       9
    3400       9
    3410       9
    3420       9
    3430       9
    3440       9
    3450       9
    3460       9
    3470       9
    3480       9
    3490       9
    3500       9
    3510       9
    3520       9
    3530       9
    3540       9
    3550       9
    3560       9
    3570       9
    3580       9
    3590       9
    3600       9
    3610       9
    3620       9
    3630       9
    3640       9
    3650       9
    3660       9
    3670       9
    3680       9
    3690       9
    3700       9
    3710       9
    3720       9
    3730       9
    3740       9
    3750       8
    3760       8
    3770       8
    3780       8
    3790       8
    3800       8
    3810       8
    3820       8
    3830       8
    3840       8
    3850       8
    3860       8
    3870       8
    3880       8
    3890       8
    3900       8
    3910       8
    3920       8
    3930       8
    3940       8
    3950       8
    3960       8
    3970       8
    3980       8
    3990       8
    4000       8
    4010       8
    4020       8
    4030       8
    4040       8
    4050       8
    4060       8
    4070       8
    4080       8
    4090       8
    4100       8
    4110       8
    4120       8
    4130       8
    4140       8
    4150       8
    4160       8
    4170       8
    4180       8
    4190       8
    4200       8
    4210       8
    4220       8
    4230       8
    4240       8
    4250       8
    4260       8
    4270       8
    4280       8
    4290       8
    4300       8
    4310       8
    4320       8
    4330       8
    4340       8
    4350       8
    4360       8
    4370       8
    4380       8
    4390       8
    4400       8
    4410       8
    4420       8
    4430       8
    4440       8
    4450       8
    4460       8
    4470       8
    4480       8
    4490       8
    4500       8
    4510       8
    4520       8
    4530       8
    4540       8
    4550       8
    4560       8
    4570       8
    4580       8
    4590       8
    4600       8
    4610       8
    4620       8
    4630       8
    4640       8
    4650       8
    4660       8
    4670       8
    4680       8
    4690       8
    4700       8
    4710       8
    4720       8
    4730       8
    4740       8
    4750       8
    4760       8
    4770       8
    4780       8
    4790       8
    4800       8
    4810       8
    4820       8
    4830       8
    4840       8
    4850       8
    4860       8
    4870       8
    4880       8
    4890       8
    4900       8
    4910       8
    4920       8
    4930       8
    4940       8
    4950       8
    4960       8
    4970       8
    4980       8
    4990       8
    5000       8
    5010       8
    5020       8
    5030       8
    5040       8
    5050       8
    5060       8
    5070       8
    5080       8
    5090       8
    5100       8
    5110       8
    5120       8
    5130       8
    5140       8
    5150       8
    5160       8
    5170       8
    5180       8
    5190       8
    5200       8
    5210       8
    5220       8
    5230       8
    5240       8
    5250       8
    5260       8
    5270       8
    5280       8
    5290       8
    5300       8
    5310       8
    5320       8
    5330       8
    5340       8
    5350       8
    5360       8
    5370       8
    5380       8
    5390       8
    5400       8
    5410       8
    5420       8
    5430       8
    5440       8
    5450       8
    5460       8
    5470       8
    5480       8
    5490      15
    5500      15
    5510      15
    5520      15
    5530      15
    5540      15
    5550      15
    5560      15
    5570      15
    5580      15
    5590      15
    5600      15
    5610      15
    5620      15
    5630      15
    5640      15
    5650      15
    5660      15
    5670      15
    5680      15
    5690      15
    5700      15
    5710      15
    5720      15
    5730      15
    5740      15
    5750      15
    5760      15
    5770      15
    5780      15
    5790      15
    5800      15
    5810      15
    5820      15
    5830      15
    5840      15
    5850      15
    5860      15
    5870      15
    5880      15
    5890      15
    5900      15
    5910      15
    5920      15
    5930      15
    5940      15
    5950      15
    5960      15
    5970      15
    5980      15
    5990      15
    6000      15
    6010      15
    6020      15
    6030      15
    6040      15
    6050      15
    6060      15
    6070      15
    6080      15
    6090      15
    6100      15
    6110      15
    6120      15
    6130      15
    6140      15
    6150      15
    6160      15
    6170      15
    6180      15
    6190      15
    6200      15
    6210      15
    6220      15
    6230      15
    6240      15
    6250      15
    6260      15
    6270      15
    6280      15
    6290      15
    6300      15
    6310      15
    6320      15
    6330      15
    6340      15
    6350      15
    6360      15
    6370      15
    6380      15
    6390      15
    6400      15
    6410      15
    6420      15
    6430      15
    6440      15
    6450      15
    6460      15
    6470      15
    6480      15
    6490      15
    6500      15
    6510      15
    6520      15
    6530      15
    6540      15
    6550      15
    6560      15
    6570      15
    6580      15
    6590      15
    6600      15
    6610      15
    6620      15
    6630      15
    6640      15
    6650      15
    6660      15
    6670      15
    6680      15
    6690      15
    6700      15
    6710      15
    6720      15
    6730      15
    6740      15
    6750      15
    6760      15
    6770      15
    6780      15
    6790      15
    6800      15
    6810      15
    6820      15
    6830      15
    6840      15
    6850      15
    6860      15
    6870      15
    6880      15
    6890      15
    6900      15
    6910      15
    6920      15
    6930      15
    6940      15
    6950      15
    6960      15
    6970      15
    6980      15
    6990      15
    7000      15
    7010      15
    7020      15
    7030      15
    7040      15
    7050      15
    7060      15
    7070      15
    7080      15
    7090      15
    7100      15
    7110      15
    7120      15
    7130      15
    7140      15
    7150      15
    7160      15
    7170      15
    7180      15
    7190      15
    7200      15
    7210      15
    7220      15
    7230      15
    7240      15
    7250      15
    7260      15
    7270      15
    7280      15
    7290      15
    7300      15
    7310      15
    7320      15
    7330      15
    7340      15
    7350      15
    7360      15
    7370      15
    7380      15
    7390      15
    7400      15
    7410      15
    7420      15
    7430      15
    7440      15
    7450      15
    7460      15
    7470      15
    7480      15
    7490      15
    7500      15
    7510      15
    7520      15
    7530      15
    7540      15
    7550      15
    7560      15
    7570      15
    7580      15
    7590      15
    7600      15
    7610      15
    7620      15
    7630      15
    7640      15
    7650      15
    7660      15
    7670      15
    7680      15
    7690      15
    7700      15
    7710      15
    7720      15
    7730      15
    7740      15
    7750      15
    7760      15
    7770      15
    7780      15
    7790      15
    7800      15
    7810      15
    7820      15
    7830      15
    7840      15
    7850      15
    7860      15
    7870      15
    7880      15
    7890      15
    7900      15
    7910      15
    7920      15
    7930      15
    7940      15
    7950      15
    7960       3
    7970       3
    7980       3
    7990       3
    8000       3
    8010       3
    8020       3
    8030       3
    8040       3
    8050       3
    8060       3
    8070       3
    8080       3
    8090       3
    8100       3
    8110       3
    8120       3
    8130       3
    8140       3
    8150       3
    8160       3
    8170       3
    8180       3
    8190       3
    8200       3
    8210       3
    8220       3
    8230       3
    8240       3
    8250       3
    8260       3
    8270       3
    8280       3
    8290       3
    8300       3
    8310       3
    8320       3
    8330       3
    8340       3
    8350       3
    8360       3
    8370       3
    8380       3
    8390       3
    8400       3
    8410       3
    8420       3
    8430       3
    8440       3
    8450       3
    8460       3
    8470       3
    8480       3
    8490       3
    8500       3
    8510       3
    8520       3
    8530       3
    8540       3
    8550       3
    8560       3
    8570       3
    8580       3
    8590       3
    8600       3
    8610       3
    8620       3
    8630       3
    8640       3
    8650       3
    8660       3
    8670       3
    8680       3
    8690       3
    8700       3
    8710       3
    8720       3
    8730       3
    8740       3
    8750       3
    8760       3
    8770       3
    8780       3
    8790       3
    8800       3
    8810       3
    8820       3
    8830       3
    8840       3
    8850       3
    8860       3
    8870       3
    8880       3
    8890       3
    8900       3
    8910       3
    8920       3
    8930       3
    8940       3
    8950       3
    8960       3
    8970       3
    8980       3
    8990       3
    9000       3
    9010       3
    9020       3
    9030       3
    9040       3
    9050       3
    9060       3
    9070       3
    9080       3
    9090       3
    9100       3
    9110       3
    9120       3
    9130       3
    9140       3
    9150       3
    9160       3
    9170       2
    9180       2
    9190       2
    9200       2
    9210       2
    9220       2
    9230       2
    9240       2
    9250       2
    9260       2
    9270       2
    9280       2
    9290       2
    9300       2
    9310       2
    9320       2
    9330       2
    9340       2
    9350       2
    9360       2
    9370       2
    9380       2
    9390       2
    9400       2
    9410       2
    9420       2
    9430       2
    9440       2
    9450       2
    9460       2
    9470       2
    9480       2
    9490       2
    9500       2
    9510       2
    9520       2
    9530       2
    9540       2
    9550       2
    9560       2
    9570       2
    9580       2
    9590       2
    9600       2
    9610       2
    9620       2
    9630       2
    9640       2
    9650       2
    9660       2
    9670       2
    9680       2
    9690       2
    9700       2
    9710       2
    9720       2
    9730       2
    9740       2
    9750       2
    9760       2
    9770       2
    9780       2
    9790       2
    9800       2
    9810       2
    9820       2
    9830       2
    9840       2
    9850       2
    9860       2
    9870       2
    9880       2
    9890       2
    9900       2
    9910       2
    9920       2
    9930       2
    9940       2
    9950       2
    9960       2
    9970       2
    9980       2
    9990       2
   10000       2
   10010       2
   10020       2
   10030       2
   10040       2
   10050       2
   10060       2
   10070       2
   10080       2
   10090       2
   10100       2
   10110       2
   10120       2
   10130       2
   10140       2
   10150       2
   10160       2
   10170       2
   10180       2
   10190       2
   10200       2
   10210       2
   10220       2
   10230       2
   10240       2
   10250       2
   10260       2
   10270       2
   10280       2
   10290       2
   10300       2
   10310       2
   10320       2
   10330       2
   10340       2
   10350       2
   10360       2
   10370       2
   10380       2
   10390       2
   10400       2
   10410       2
   10420       2
   10430       2
   10440       2
   10450       2
   10460       2
   10470       2
   10480       2
   10490       2
   10500       2
   10510       2
   10520       2
   10530       2
   10540       2
   10550       2
   10560       2
   10570       2
   10580       2
   10590       2
   10600       2
   10610       2
   10620       2
   10630       2
   10640       2
   10650       2
   10660       2
   10670       2
   10680       2
   10690       2
   10700       2
   10710       2
   10720       2
   10730       2
   10740       2
   10750       2
   10760       2
   10770       2
   10780       2
   10790       2
   10800       2
   10810       2
   10820       2
   10830       2
   10840       2
   10850       2
   10860       2
   10870       2
   10880       2
   10890       2
   10900       2
   10910       2
   10920       2
   10930       2
   10940       2
   10950       2
   10960       2
   10970       2
   10980       2
   10990       2
   11000       2
   11010       2
   11020       2
   11030       2
   11040       2
   11050       2
   11060       2
   11070       2
   11080       2
   11090       2
   11100       2
   11110       2
   11120       2
   11130       2
   11140       2
   11150       2
   11160       2
   11170       2
   11180       2
   11190       2
   11200       2
   11210       2
   11220       2
   11230       2
   11240       2
   11250       2
   11260       2
   11270       2
   11280       2
   11290       2
   11300       2
   11310       2
   11320       2
   11330       2
   11340       2
   11350       2
   11360       2
   11370       2
   11380       2
   11390       2
   11400       2
   11410       2
   11420       2
   11430       2
   11440       2
   11450       2
   11460       2
   11470       2
   11480       2
   11490       2
   11500       2
   11510       2
   11520       2
   11530       2
   11540       2
   11550       2
   11560       2
   11570       2
   11580       2
   11590       2
   11600       2
   11610       2
   11620       2
   11630       2
   11640       2
   11650       2
   11660       2
   11670       2
   11680       2
   11690       2
   11700       2
   11710       2
   11720       2
   11730       2
   11740       2
   11750       2
   11760       2
   11770       2
   11780       2
   11790       2
   11800       2
   11810       2
   11820       2
   11830       2
   11840       2
   11850       2
   11860       2
   11870       2
   11880       2
   11890       2
   11900       2
   11910       2
   11920       2
   11930       2
   11940       2
   11950       2
   11960       2
   11970       2
   11980       2
   11990       2
   12000       2
   12010       2
   12020       2
   12030       2
   12040       2
   12050       2
   12060       2
   12070       2
   12080       2
   12090       2
   12100       2
   12110       2
   12120       2
   12130       2
   12140       2
   12150       2
   12160       2
   12170       2
   12180       2
   12190       2
   12200       2
   12210       2
   12220       2
   12230       2
   12240       2
   12250       2
   12260       2
   12270       2
   12280       2
   12290       2
   12300       2
   12310       2
   12320       2
   12330       2
   12340       2
   12350       2
   12360       2
   12370       2
   12380       2
   12390       2
   12400       2
   12410       2
   12420       2
   12430       2
   12440       2
   12450       2
   12460       2
   12470       2
   12480       2
   12490       2
   12500       2
   12510       2
   12520       2
   12530       2
   12540       2
   12550       2
   12560       2
   12570       2
   12580       2
   12590       2
   12600       2
   12610       2
   12620       2
   12630       2
   12640       2
   12650       2
   12660       2
   12670       2
   12680       2
   12690       2
   12700       2
   12710       2
   12720       2
   12730       2
   12740       2
   12750       2
   12760       2
   12770       2
   12780       2
   12790       2
   12800       2
   12810       2
   12820       2
   12830       2
   12840       2
   12850       2
   12860       2
   12870       2
   12880       2
   12890       2
   12900       2
   12910       2
   12920       2
   12930       2
   12940       2
   12950       2
   12960       2
   12970       2
   12980       2
   12990       2
   13000       2
   13010       2
   13020       2
   13030       2
   13040       2
   13050       2
   13060       2
   13070       2
   13080       2
   13090       2
   13100       2
   13110       2
   13120       2
   13130       2
   13140       2
   13150       2
   13160       2
   13170       2
   13180       2
   13190       2
   13200       2
   13210       2
   13220       2
   13230       2
   13240       2
   13250       2
   13260       2
   13270       2
   13280       2
   13290       2
   13300       2
   13310       2
   13320       2
   13330       2
   13340       2
   13350       2
   13360       2
   13370       2
   13380       2
   13390       2
   13400       2
   13410       2
   13420       2
   13430       2
   13440       2
   13450       2
   13460       2
   13470       2
   13480       2
   13490       2
   13500       2
   13510       2
   13520       2
   13530       2
   13540       2
   13550       2
   13560       2
   13570       2
   13580       2
   13590       2
   13600       2
   13610       2
   13620       2
   13630       2
   13640       2
   13650       2
   13660       2
   13670       2
   13680       2
   13690       2
   13700       2
   13710       2
   13720       2
   13730       2
   13740       2
   13750       2
   13760       2
   13770       2
   13780       2
   13790       2
   13800       2
   13810       2
   13820       2
   13830       2
   13840       2
   13850       2
   13860       2
   13870       2
   13880       2
   13890       2
   13900       2
   13910       2
   13920       2
   13930       2
   13940       2
   13950       2
   13960       2
   13970       2
   13980       2
   13990       2
   14000       2
   14010       2
   14020       2
   14030       2
   14040       2
   14050       2
   14060       2
   14070       2
   14080       2
   14090       2
   14100       2
   14110       2
   14120       2
   14130       2
   14140       2
   14150       2
   14160       2
   14170       2
   14180       2
   14190       2
   14200       2
   14210       2
   14220       2
   14230       2
   14240       2
   14250       2
   14260       2
   14270       2
   14280       2
   14290       2
   14300       2
   14310       2
   14320       2
   14330       2
   14340       2
   14350       2
   14360       2
   14370       2
   14380       2
   14390       2
   14400       2
   14410       2
   14420       2
   14430       2
   14440       2
   14450       2
   14460       2
   14470       2
   14480       2
   14490       2
   14500       2
   14510       2
   14520       2
   14530       2
   14540       2
   14550       2
   14560       2
   14570       2
   14580       2
   14590       2
   14600       2
   14610       2
   14620       2
   14630       2
   14640       2
   14650       2
   14660       2
   14670       2
   14680       2
   14690       2
   14700       2
   14710       2
   14720       2
   14730       2
   14740       2
   14750       2
   14760       2
   14770       2
   14780       2
   14790       2
   14800       2
   14810       2
   14820       2
   14830       2
   14840       2
   14850       2
   14860       1
   14870       1
   14880       1
   14890       1
   14900       1
   14910       1
   14920       1
   14930       1
   14940       1
   14950       1
   14960       1
   14970       1
   14980       1
   14990       1
   15000       1
