       0      10
      10      10
      20      10
      30      10
      40      10
      50      10
      60      10
      70      10
      80      10
      90      10
     100      10
     110      10
     120      10
     130      10
     140      10
     150      10
     160      10
     170      10
     180      10
     190      10
     200      10
     210      10
     220      10
     230      10
     240      10
     250      10
     260      10
     270      10
     280      10
     290      10
     300      10
     310      10
     320      10
     330      10
     340      10
     350      10
     360      10
     370      10
     380      10
     390      10
     400      10
     410      10
     420      10
     430      10
     440      10
     450      10
     460      10
     470      10
     480      10
     490      10
     500      10
     510      10
     520      10
     530      10
     540      10
     550      10
     560      10
     570      10
     580      10
     590      10
     600      10
     610      10
     620      10
     630      10
     640      10
     650      10
     660      10
     670      10
     680      10
     690      10
     700      10
     710      10
     720      10
     730      10
     740      10
     750      10
     760      10
     770      10
     780      10
     790      10
     800      10
     810      10
     820      10
     830      10
     840      10
     850      10
     860      10
     870      10
     880      10
     890      10
     900      10
     910      10
     920      10
     930      10
     940       9
     950       9
     960       9
     970       9
     980       9
     990       9
    1000       9
    1010       9
    1020       9
    1030       9
    1040       9
    1050       9
    1060       9
    1070       9
    1080       9
    1090       9
    1100       9
    1110       9
    1120       9
    1130       9
    1140       9
    1150       9
    1160       9
    1170       9
    1180       9
    1190       9
    1200       9
    1210       9
    1220       9
    1230       9
    1240       9
    1250       9
    1260       9
    1270       9
    1280       9
    1290       9
    1300       9
    1310       9
    1320       9
    1330       9
    1340       9
    1350       9
    1360       9
    1370       9
    1380       9
    1390       9
    1400       9
    1410       9
    1420       9
    1430       9
    1440       9
    1450       9
    1460       9
    1470       9
    1480       9
    1490       9
    1500       9
    1510       9
    1520       9
    1530       9
    1540       9
    1550       9
    1560       9
    1570       9
    1580       9
    1590       9
    1600       9
    1610       9
    1620       9
    1630       9
    1640       9
    1650       9
    1660       9
    1670       9
    1680       9
    1690       9
    1700       9
    1710       9
    1720       9
    1730       9
    1740       9
    1750       9
    1760       9
    1770       9
    1780       9
    1790       9
    1800       9
    1810       9
    1820       9
    1830       9
    1840       9
    1850       9
    1860       9
    1870       9
    1880       9
    1890       9
    1900       9
    1910       9
    1920       9
    1930       9
    1940       9
    1950       9
    1960       9
    1970       9
    1980       9
    1990       9
    2000       9
    2010       9
    2020       9
    2030       9
    2040       9
    2050       9
    2060       9
    2070       9
    2080       9
    2090       9
    2100       9
    2110       9
    2120       9
    2130       9
    2140       9
    2150       9
    2160       9
    2170       9
    2180       9
    2190       9
    2200       9
    2210       9
    2220       9
    2230       9
    2240       9
    2250       9
    2260       9
    2270       9
    2280       9
    2290       9
    2300       9
    2310       9
    2320       9
    2330       9
    2340       9
    2350       9
    2360       9
    2370       9
    2380       9
    2390       9
    2400       9
    2410       9
    2420       9
    2430       9
    2440       9
    2450       9
    2460       9
    2470       9
    2480       9
    2490       9
    2500       9
    2510       9
    2520       9
    2530       9
    2540       9
    2550       9
    2560       9
    2570       9
    2580       9
    2590       9
    2600       9
    2610       9
    2620       9
    2630       9
    2640       9
    2650       9
    2660       9
    2670       9
    2680       9
    2690       9
    2700       9
    2710       9
    2720       9
    2730       9
    2740       9
    2750       9
    2760       9
    2770       9
    2780       9
    2790       9
    2800       9
    2810       9
    2820       9
    2830       9
    2840       9
    2850       9
    2860       9
    2870       9
    2880       9
    2890       9
    2900       9
    2910       9
    2920       9
    2930       9
    2940       9
    2950       9
    2960       9
    2970       9
    2980       9
    2990       9
    3000       9
    3010       9
    3020       9
    3030       9
    3040       9
    3050       9
    3060       9
    3070       9
    3080       9
    3090       9
    3100       9
    3110       9
    3120       9
    3130       9
    3140       9
    3150       9
    3160       9
    3170       9
    3180       9
    3190       9
    3200       9
    3210       9
    3220       9
    3230       9
    3240       9
    3250       9
    3260       9
    3270       9
    3280       9
    3290       9
    3300       9
    3310       9
    3320       9
    3330       9
    3340       9
    3350       9
    3360       9
    3370       9
    3380       9
    3390       9
    3400       9
    3410       9
    3420       9
    3430       9
    3440       9
    3450       9
    3460       9
    3470       9
    3480       9
    3490       9
    3500       9
    3510       9
    3520       9
    3530       9
    3540       9
    3550       9
    3560       9
    3570       9
    3580       9
    3590       9
    3600       9
    3610       9
    3620       9
    3630       9
    3640       9
    3650       9
    3660       9
    3670       9
    3680       9
    3690       9
    3700       9
    3710       9
    3720       9
    3730       9
    3740       9
    3750       9
    3760       9
    3770       9
    3780       8
    3790       8
    3800       8
    3810       8
    3820       8
    3830       8
    3840       8
    3850       8
    3860       8
    3870       8
    3880       8
    3890       8
    3900       8
    3910       8
    3920       8
    3930       8
    3940       8
    3950       8
    3960       8
    3970       8
    3980       8
    3990       8
    4000       8
    4010       8
    4020       8
    4030       8
    4040       8
    4050       8
    4060       8
    4070       8
    4080       8
    4090       8
    4100       8
    4110       8
    4120       8
    4130       8
    4140       8
    4150       8
    4160       8
    4170       8
    4180       8
    4190       8
    4200       8
    4210       8
    4220       8
    4230       8
    4240       8
    4250       8
    4260       8
    4270       8
    4280       8
    4290       8
    4300       8
    4310       8
    4320       8
    4330       8
    4340       8
    4350       8
    4360       8
    4370       8
    4380       8
    4390       8
    4400       8
    4410       8
    4420       8
    4430       8
    4440       8
    4450       8
    4460       8
    4470       8
    4480       8
    4490       8
    4500       8
    4510       8
    4520       8
    4530       8
    4540       8
    4550       8
    4560       8
    4570       8
    4580       8
    4590       8
    4600       8
    4610       8
    4620       8
    4630       8
    4640       8
    4650       8
    4660       8
    4670       8
    4680       8
    4690       8
    4700       8
    4710       8
    4720       8
    4730       8
    4740       8
    4750       8
    4760       8
    4770       8
    4780       8
    4790       8
    4800       8
    4810       8
    4820       8
    4830       8
    4840       8
    4850       8
    4860       8
    4870       8
    4880       8
    4890       8
    4900       8
    4910       8
    4920       8
    4930       8
    4940       8
    4950       8
    4960       8
    4970       8
    4980       8
    4990       8
    5000       8
    5010       8
    5020       8
    5030       8
    5040       8
    5050       8
    5060       8
    5070       8
    5080       8
    5090       8
    5100       8
    5110       8
    5120       8
    5130       8
    5140       8
    5150       8
    5160       8
    5170       8
    5180       8
    5190       8
    5200       8
    5210       8
    5220       8
    5230       8
    5240       8
    5250       8
    5260       8
    5270       8
    5280       8
    5290       8
    5300       8
    5310       8
    5320       8
    5330       8
    5340       8
    5350       8
    5360       8
    5370       8
    5380       8
    5390       8
    5400       8
    5410       8
    5420       8
    5430       8
    5440       8
    5450       8
    5460       8
    5470       8
    5480       8
    5490       8
    5500       8
    5510       8
    5520       8
    5530       8
    5540       8
    5550       8
    5560       8
    5570       8
    5580       8
    5590       8
    5600       8
    5610       8
    5620       8
    5630       8
    5640       8
    5650       8
    5660       8
    5670       8
    5680       8
    5690       8
    5700       8
    5710       8
    5720       8
    5730       8
    5740       8
    5750       8
    5760       8
    5770       8
    5780       8
    5790       8
    5800       8
    5810       8
    5820       8
    5830       8
    5840       8
    5850       8
    5860       8
    5870       8
    5880       8
    5890       8
    5900       8
    5910       8
    5920       8
    5930       8
    5940       8
    5950       8
    5960       8
    5970       8
    5980       8
    5990       8
    6000       8
    6010       8
    6020       8
    6030       8
    6040       8
    6050       8
    6060       8
    6070       8
    6080       8
    6090       8
    6100       8
    6110       8
    6120       8
    6130       8
    6140       8
    6150       8
    6160       8
    6170       8
    6180       8
    6190       8
    6200       8
    6210       8
    6220       8
    6230       8
    6240       8
    6250       8
    6260       8
    6270       8
    6280       8
    6290       8
    6300       8
    6310       8
    6320       8
    6330       8
    6340       8
    6350       8
    6360       8
    6370       8
    6380       8
    6390       8
    6400       8
    6410       8
    6420       8
    6430       8
    6440       8
    6450       8
    6460       8
    6470       8
    6480       8
    6490       8
    6500       8
    6510       8
    6520       8
    6530       8
    6540       8
    6550       8
    6560       8
    6570       8
    6580       8
    6590       8
    6600       8
    6610       6
    6620       6
    6630       6
    6640       5
    6650       5
    6660       5
    6670       5
    6680       5
    6690       5
    6700       5
    6710       5
    6720       5
    6730       5
    6740       5
    6750       5
    6760       5
    6770       5
    6780       5
    6790       5
    6800       5
    6810       5
    6820       5
    6830       5
    6840       5
    6850       5
    6860       5
    6870       5
    6880       5
    6890       5
    6900       5
    6910       5
    6920       5
    6930       5
    6940       5
    6950       5
    6960       5
    6970       5
    6980       5
    6990       5
    7000       5
    7010       5
    7020       5
    7030       5
    7040       5
    7050       5
    7060       5
    7070       5
    7080       5
    7090       5
    7100       5
    7110       5
    7120       5
    7130       5
    7140       5
    7150       5
    7160       5
    7170       5
    7180       5
    7190       5
    7200       5
    7210       5
    7220       5
    7230       5
    7240       5
    7250       5
    7260       5
    7270       5
    7280       5
    7290       5
    7300       5
    7310       5
    7320       5
    7330       5
    7340       5
    7350       5
    7360       5
    7370       5
    7380       5
    7390       5
    7400       5
    7410       5
    7420       5
    7430       5
    7440       5
    7450       5
    7460       5
    7470       5
    7480       5
    7490       5
    7500       5
    7510       5
    7520       5
    7530       5
    7540       5
    7550       5
    7560       5
    7570       5
    7580       5
    7590       5
    7600       5
    7610       5
    7620       5
    7630       4
    7640       4
    7650       4
    7660       4
    7670       4
    7680       4
    7690       4
    7700       4
    7710       4
    7720       4
    7730       4
    7740       4
    7750       4
    7760       4
    7770       4
    7780       4
    7790       4
    7800       4
    7810       4
    7820       4
    7830       4
    7840       4
    7850       4
    7860       4
    7870       4
    7880       4
    7890       4
    7900       4
    7910       4
    7920       4
    7930       4
    7940       4
    7950       4
    7960       4
    7970       4
    7980       4
    7990       4
    8000       4
    8010       3
    8020       3
    8030       3
    8040       3
    8050       3
    8060       3
    8070       3
    8080       3
    8090       3
    8100       3
    8110       3
    8120       3
    8130       3
    8140       3
    8150       3
    8160       3
    8170       3
    8180       3
    8190       3
    8200       3
    8210       3
    8220       3
    8230       3
    8240       3
    8250       3
    8260       3
    8270       3
    8280       3
    8290       3
    8300       3
    8310       3
    8320       3
    8330       3
    8340       3
    8350       3
    8360       3
    8370       3
    8380       3
    8390       3
    8400       3
    8410       3
    8420       3
    8430       3
    8440       3
    8450       3
    8460       3
    8470       3
    8480       3
    8490       3
    8500       3
    8510       3
    8520       3
    8530       3
    8540       3
    8550       3
    8560       3
    8570       3
    8580       3
    8590       3
    8600       3
    8610       3
    8620       3
    8630       3
    8640       3
    8650       3
    8660       3
    8670       3
    8680       3
    8690       3
    8700       3
    8710       3
    8720       3
    8730       3
    8740       3
    8750       3
    8760       3
    8770       3
    8780       3
    8790       3
    8800       3
    8810       3
    8820       3
    8830       3
    8840       3
    8850       3
    8860       3
    8870       3
    8880       3
    8890       3
    8900       3
    8910       3
    8920       3
    8930       3
    8940       3
    8950       3
    8960       3
    8970       3
    8980       3
    8990       3
    9000       3
    9010       3
    9020       3
    9030       3
    9040       3
    9050       3
    9060       3
    9070       3
    9080       3
    9090       3
    9100       3
    9110       3
    9120       3
    9130       3
    9140       3
    9150       3
    9160       3
    9170       3
    9180       3
    9190       3
    9200       3
    9210       3
    9220       3
    9230       3
    9240       3
    9250       3
    9260       3
    9270       2
    9280       2
    9290       2
    9300       2
    9310       2
    9320       2
    9330       2
    9340       2
    9350       2
    9360       2
    9370       2
    9380       2
    9390       2
    9400       2
    9410       2
    9420       2
    9430       2
    9440       2
    9450       2
    9460       2
    9470       2
    9480       2
    9490       2
    9500       2
    9510       2
    9520       2
    9530       2
    9540       2
    9550       2
    9560       2
    9570       2
    9580       2
    9590       2
    9600       2
    9610       2
    9620       2
    9630       2
    9640       2
    9650       2
    9660       2
    9670       2
    9680       2
    9690       2
    9700       2
    9710       2
    9720       2
    9730       2
    9740       2
    9750       2
    9760       2
    9770       2
    9780       2
    9790       2
    9800       2
    9810       2
    9820       2
    9830       2
    9840       2
    9850       2
    9860       2
    9870       2
    9880       2
    9890       2
    9900       2
    9910       2
    9920       2
    9930       2
    9940       2
    9950       2
    9960       2
    9970       2
    9980       2
    9990       2
   10000       2
   10010       2
   10020       2
   10030       2
   10040       2
   10050       2
   10060       2
   10070       2
   10080       2
   10090       2
   10100       2
   10110       2
   10120       2
   10130       2
   10140       2
   10150       2
   10160       2
   10170       2
   10180       2
   10190       2
   10200       2
   10210       2
   10220       2
   10230       2
   10240       2
   10250       2
   10260       2
   10270       2
   10280       2
   10290       2
   10300       2
   10310       2
   10320       2
   10330       2
   10340       2
   10350       2
   10360       2
   10370       2
   10380       2
   10390       2
   10400       2
   10410       2
   10420       2
   10430       2
   10440       2
   10450       2
   10460       2
   10470       2
   10480       2
   10490       2
   10500       2
   10510       2
   10520       2
   10530       2
   10540       2
   10550       2
   10560       2
   10570       2
   10580       2
   10590       2
   10600       2
   10610       2
   10620       2
   10630       2
   10640       2
   10650       2
   10660       2
   10670       2
   10680       2
   10690       2
   10700       2
   10710       2
   10720       2
   10730       2
   10740       2
   10750       2
   10760       2
   10770       2
   10780       2
   10790       2
   10800       2
   10810       2
   10820       2
   10830       2
   10840       2
   10850       2
   10860       2
   10870       2
   10880       2
   10890       2
   10900       2
   10910       2
   10920       2
   10930       2
   10940       2
   10950       2
   10960       2
   10970       2
   10980       2
   10990       2
   11000       2
   11010       2
   11020       2
   11030       2
   11040       2
   11050       2
   11060       2
   11070       2
   11080       2
   11090       2
   11100       2
   11110       2
   11120       2
   11130       2
   11140       2
   11150       2
   11160       2
   11170       2
   11180       2
   11190       2
   11200       2
   11210       2
   11220       2
   11230       2
   11240       2
   11250       2
   11260       2
   11270       2
   11280       2
   11290       2
   11300       2
   11310       2
   11320       2
   11330       2
   11340       2
   11350       2
   11360       2
   11370       2
   11380       2
   11390       2
   11400       2
   11410       2
   11420       2
   11430       2
   11440       2
   11450       2
   11460       2
   11470       2
   11480       2
   11490       2
   11500       2
   11510       2
   11520       2
   11530       2
   11540       2
   11550       2
   11560       2
   11570       2
   11580       2
   11590       2
   11600       2
   11610       2
   11620       2
   11630       2
   11640       2
   11650       2
   11660       2
   11670       2
   11680       2
   11690       2
   11700       2
   11710       2
   11720       2
   11730       2
   11740       2
   11750       2
   11760       2
   11770       2
   11780       2
   11790       2
   11800       2
   11810       2
   11820       2
   11830       2
   11840       2
   11850       2
   11860       2
   11870       2
   11880       2
   11890       2
   11900       2
   11910       2
   11920       2
   11930       2
   11940       2
   11950       2
   11960       2
   11970       2
   11980       2
   11990       2
   12000       2
   12010       2
   12020       2
   12030       2
   12040       2
   12050       2
   12060       2
   12070       2
   12080       2
   12090       2
   12100       2
   12110       2
   12120       2
   12130       2
   12140       2
   12150       2
   12160       2
   12170       2
   12180       2
   12190       2
   12200       2
   12210       2
   12220       2
   12230       2
   12240       2
   12250       2
   12260       2
   12270       2
   12280       2
   12290       2
   12300       2
   12310       2
   12320       2
   12330       2
   12340       2
   12350       2
   12360       2
   12370       2
   12380       2
   12390       2
   12400       2
   12410       2
   12420       2
   12430       2
   12440       2
   12450       2
   12460       2
   12470       2
   12480       2
   12490       2
   12500       2
   12510       2
   12520       2
   12530       2
   12540       2
   12550       2
   12560       2
   12570       2
   12580       2
   12590       2
   12600       2
   12610       2
   12620       2
   12630       2
   12640       2
   12650       2
   12660       2
   12670       2
   12680       2
   12690       2
   12700       2
   12710       2
   12720       2
   12730       2
   12740       2
   12750       2
   12760       2
   12770       2
   12780       2
   12790       2
   12800       2
   12810       2
   12820       2
   12830       2
   12840       2
   12850       2
   12860       2
   12870       2
   12880       2
   12890       2
   12900       2
   12910       2
   12920       2
   12930       2
   12940       2
   12950       2
   12960       2
   12970       2
   12980       2
   12990       2
   13000       2
   13010       2
   13020       2
   13030       2
   13040       2
   13050       2
   13060       2
   13070       2
   13080       2
   13090       2
   13100       2
   13110       2
   13120       2
   13130       2
   13140       2
   13150       2
   13160       2
   13170       2
   13180       2
   13190       2
   13200       2
   13210       2
   13220       2
   13230       2
   13240       2
   13250       2
   13260       2
   13270       2
   13280       2
   13290       2
   13300       2
   13310       2
   13320       2
   13330       2
   13340       2
   13350       2
   13360       2
   13370       2
   13380       2
   13390       2
   13400       2
   13410       2
   13420       2
   13430       2
   13440       2
   13450       2
   13460       2
   13470       2
   13480       2
   13490       2
   13500       2
   13510       2
   13520       2
   13530       2
   13540       2
   13550       2
   13560       2
   13570       2
   13580       2
   13590       2
   13600       2
   13610       2
   13620       2
   13630       2
   13640       2
   13650       2
   13660       2
   13670       2
   13680       2
   13690       2
   13700       2
   13710       2
   13720       2
   13730       2
   13740       2
   13750       2
   13760       2
   13770       2
   13780       2
   13790       2
   13800       2
   13810       2
   13820       2
   13830       2
   13840       2
   13850       2
   13860       2
   13870       2
   13880       2
   13890       2
   13900       2
   13910       2
   13920       2
   13930       2
   13940       2
   13950       2
   13960       2
   13970       2
   13980       2
   13990       2
   14000       2
   14010       2
   14020       2
   14030       2
   14040       2
   14050       2
   14060       2
   14070       2
   14080       2
   14090       2
   14100       2
   14110       2
   14120       2
   14130       2
   14140       2
   14150       2
   14160       2
   14170       2
   14180       2
   14190       2
   14200       2
   14210       2
   14220       2
   14230       2
   14240       2
   14250       2
   14260       2
   14270       2
   14280       2
   14290       2
   14300       2
   14310       2
   14320       2
   14330       2
   14340       2
   14350       2
   14360       2
   14370       2
   14380       2
   14390       2
   14400       2
   14410       2
   14420       2
   14430       2
   14440       2
   14450       2
   14460       2
   14470       2
   14480       2
   14490       2
   14500       2
   14510       2
   14520       2
   14530       2
   14540       2
   14550       2
   14560       2
   14570       2
   14580       2
   14590       2
   14600       2
   14610       2
   14620       2
   14630       2
   14640       2
   14650       2
   14660       2
   14670       2
   14680       2
   14690       2
   14700       2
   14710       2
   14720       2
   14730       2
   14740       2
   14750       2
   14760       2
   14770       2
   14780       2
   14790       2
   14800       2
   14810       2
   14820       2
   14830       2
   14840       2
   14850       2
   14860       1
   14870       1
   14880       1
   14890       1
   14900       1
   14910       1
   14920       1
   14930       1
   14940       1
   14950       1
   14960       1
   14970       1
   14980       1
   14990       1
   15000       1
