       0  0.0000
      10  0.0000
      20  0.0000
      30  0.0000
      40  0.0000
      50  0.0000
      60  0.0000
      70  0.0000
      80  0.0000
      90  0.0000
     100  0.0000
     110  0.0000
     120  0.0000
     130  0.0000
     140  0.0000
     150  0.0000
     160  0.0000
     170  0.0000
     180  0.0000
     190  0.0000
     200  0.0000
     210  0.0000
     220  0.0000
     230  0.0000
     240  0.0000
     250  0.0000
     260  0.0000
     270  0.0000
     280  0.0000
     290  0.0000
     300  0.0000
     310  0.0000
     320  0.0000
     330  0.0000
     340  0.0000
     350  0.0000
     360  0.0000
     370  0.0000
     380  0.0000
     390  0.0000
     400  0.0000
     410  0.0000
     420  0.0000
     430  0.0000
     440  0.0000
     450  0.0000
     460  0.0000
     470  0.0000
     480  0.0000
     490  0.0000
     500  0.0000
     510  0.0000
     520  0.0000
     530  0.0000
     540  0.0000
     550  0.0000
     560  0.0000
     570  0.0000
     580  0.0000
     590  0.0000
     600  0.0000
     610  0.0000
     620  0.0000
     630  0.0000
     640  0.0000
     650  0.0000
     660  0.0000
     670  0.0000
     680  0.0000
     690  0.0000
     700  0.0000
     710  0.0000
     720  0.0000
     730  0.0000
     740  0.0000
     750  0.0000
     760  0.0000
     770  0.0000
     780  0.0000
     790  0.0000
     800  0.0000
     810  0.0000
     820  0.0000
     830  0.0000
     840  0.0000
     850  0.0000
     860  0.0000
     870  0.0000
     880  0.0000
     890  0.0000
     900  0.0000
     910  0.0000
     920  0.0000
     930  0.0000
     940  0.0000
     950  0.0000
     960  0.0000
     970  0.0000
     980  0.0000
     990  0.0000
    1000  0.0000
    1010  0.0000
    1020  0.0000
    1030  0.0000
    1040  0.0000
    1050  0.0000
    1060  0.0000
    1070  0.0000
    1080  0.0000
    1090  0.0000
    1100  0.0000
    1110  0.0000
    1120  0.0000
    1130  0.0000
    1140  0.0000
    1150  0.0000
    1160  0.0000
    1170  0.0000
    1180  0.0000
    1190  0.0000
    1200  0.0000
    1210  0.0000
    1220  0.0000
    1230  0.0000
    1240  0.0000
    1250  0.0000
    1260  0.0000
    1270  0.0000
    1280  0.0000
    1290  0.0000
    1300  0.0000
    1310  0.0000
    1320  0.0000
    1330  0.0000
    1340  0.0000
    1350  0.0000
    1360  0.0000
    1370  0.0000
    1380  0.0000
    1390  0.0000
    1400  0.0000
    1410  0.0000
    1420  0.4168
    1430  0.4163
    1440  0.4158
    1450  0.4148
    1460  0.4121
    1470  0.4093
    1480  0.4066
    1490  0.4049
    1500  0.4037
    1510  0.4027
    1520  0.4019
    1530  0.4054
    1540  0.4089
    1550  0.4123
    1560  0.4128
    1570  0.4102
    1580  0.4076
    1590  0.4051
    1600  0.4024
    1610  0.3997
    1620  0.3971
    1630  0.3960
    1640  0.3981
    1650  0.4002
    1660  0.4022
    1670  0.4013
    1680  0.3994
    1690  0.3976
    1700  0.3961
    1710  0.3965
    1720  0.3968
    1730  0.3972
    1740  0.3943
    1750  0.3895
    1760  0.3846
    1770  0.3799
    1780  0.3799
    1790  0.3798
    1800  0.3797
    1810  0.3786
    1820  0.3763
    1830  0.3740
    1840  0.3717
    1850  0.3704
    1860  0.3692
    1870  0.3681
    1880  0.3667
    1890  0.3648
    1900  0.3630
    1910  0.3612
    1920  0.3575
    1930  0.3532
    1940  0.3489
    1950  0.3450
    1960  0.3427
    1970  0.3405
    1980  0.3382
    1990  0.3396
    2000  0.3433
    2010  0.3470
    2020  0.3506
    2030  0.3506
    2040  0.3505
    2050  0.3504
    2060  0.3499
    2070  0.3488
    2080  0.3477
    2090  0.3466
    2100  0.3456
    2110  0.3445
    2120  0.3435
    2130  0.3423
    2140  0.3405
    2150  0.3388
    2160  0.3371
    2170  0.3365
    2180  0.3364
    2190  0.3363
    2200  0.3361
    2210  0.3352
    2220  0.3344
    2230  0.3336
    2240  0.3331
    2250  0.3329
    2260  0.3326
    2270  0.3324
    2280  0.3335
    2290  0.3346
    2300  0.3357
    2310  0.3360
    2320  0.3356
    2330  0.3351
    2340  0.3346
    2350  0.3321
    2360  0.3293
    2370  0.3265
    2380  0.3242
    2390  0.3229
    2400  0.3217
    2410  0.3204
    2420  0.3206
    2430  0.3212
    2440  0.3219
    2450  0.3221
    2460  0.3201
    2470  0.3180
    2480  0.3160
    2490  0.3146
    2500  0.3137
    2510  0.3127
    2520  0.3118
    2530  0.3115
    2540  0.3112
    2550  0.3110
    2560  0.3105
    2570  0.3100
    2580  0.3094
    2590  0.3088
    2600  0.3081
    2610  0.3074
    2620  0.3066
    2630  0.3067
    2640  0.3087
    2650  0.3106
    2660  0.3125
    2670  0.3143
    2680  0.3160
    2690  0.3177
    2700  0.3191
    2710  0.3193
    2720  0.3194
    2730  0.3196
    2740  0.3178
    2750  0.3146
    2760  0.3115
    2770  0.3084
    2780  0.3066
    2790  0.3047
    2800  0.3029
    2810  0.3045
    2820  0.3100
    2830  0.3156
    2840  0.3212
    2850  0.3221
    2860  0.3223
    2870  0.3225
    2880  0.3203
    2890  0.3129
    2900  0.3055
    2910  0.2980
    2920  0.2954
    2930  0.2945
    2940  0.2935
    2950  0.2924
    2960  0.2906
    2970  0.2887
    2980  0.2869
    2990  0.2857
    3000  0.2849
    3010  0.2841
    3020  0.2833
    3030  0.2827
    3040  0.2820
    3050  0.2813
    3060  0.2813
    3070  0.2821
    3080  0.2829
    3090  0.2836
    3100  0.2818
    3110  0.2796
    3120  0.2774
    3130  0.2762
    3140  0.2771
    3150  0.2779
    3160  0.2787
    3170  0.2755
    3180  0.2711
    3190  0.2667
    3200  0.2629
    3210  0.2621
    3220  0.2613
    3230  0.2605
    3240  0.2613
    3250  0.2630
    3260  0.2646
    3270  0.2661
    3280  0.2632
    3290  0.2603
    3300  0.2574
    3310  0.2556
    3320  0.2550
    3330  0.2545
    3340  0.2539
    3350  0.2533
    3360  0.2527
    3370  0.2522
    3380  0.2526
    3390  0.2552
    3400  0.2577
    3410  0.2602
    3420  0.2598
    3430  0.2586
    3440  0.2574
    3450  0.2564
    3460  0.2565
    3470  0.2566
    3480  0.2567
    3490  0.2565
    3500  0.2561
    3510  0.2557
    3520  0.2553
    3530  0.2554
    3540  0.2555
    3550  0.2556
    3560  0.2554
    3570  0.2551
    3580  0.2547
    3590  0.2543
    3600  0.2553
    3610  0.2563
    3620  0.2574
    3630  0.2577
    3640  0.2565
    3650  0.2554
    3660  0.2543
    3670  0.2530
    3680  0.2517
    3690  0.2503
    3700  0.2493
    3710  0.2493
    3720  0.2492
    3730  0.2492
    3740  0.2487
    3750  0.2480
    3760  0.2473
    3770  0.2466
    3780  0.2462
    3790  0.2457
    3800  0.2453
    3810  0.2443
    3820  0.2429
    3830  0.2415
    3840  0.2401
    3850  0.2390
    3860  0.2380
    3870  0.2370
    3880  0.2362
    3890  0.2359
    3900  0.2356
    3910  0.2353
    3920  0.2360
    3930  0.2370
    3940  0.2379
    3950  0.2386
    3960  0.2386
    3970  0.2386
    3980  0.2386
    3990  0.2400
    4000  0.2420
    4010  0.2441
    4020  0.2473
    4030  0.2583
    4040  0.2693
    4050  0.2804
    4060  0.2836
    4070  0.2807
    4080  0.2779
    4090  0.2750
    4100  0.2754
    4110  0.2759
    4120  0.2763
    4130  0.2762
    4140  0.2753
    4150  0.2743
    4160  0.2734
    4170  0.2718
    4180  0.2701
    4190  0.2684
    4200  0.2635
    4210  0.2510
    4220  0.2385
    4230  0.2259
    4240  0.2223
    4250  0.2220
    4260  0.2216
    4270  0.2212
    4280  0.2204
    4290  0.2196
    4300  0.2188
    4310  0.2191
    4320  0.2202
    4330  0.2214
    4340  0.2224
    4350  0.2199
    4360  0.2173
    4370  0.2148
    4380  0.2141
    4390  0.2156
    4400  0.2171
    4410  0.2185
    4420  0.2199
    4430  0.2213
    4440  0.2227
    4450  0.2225
    4460  0.2192
    4470  0.2160
    4480  0.2127
    4490  0.2116
    4500  0.2110
    4510  0.2105
    4520  0.2102
    4530  0.2107
    4540  0.2112
    4550  0.2116
    4560  0.2120
    4570  0.2122
    4580  0.2125
    4590  0.2127
    4600  0.2117
    4610  0.2107
    4620  0.2098
    4630  0.2089
    4640  0.2081
    4650  0.2074
    4660  0.2066
    4670  0.2075
    4680  0.2085
    4690  0.2094
    4700  0.2100
    4710  0.2100
    4720  0.2099
    4730  0.2099
    4740  0.2099
    4750  0.2100
    4760  0.2101
    4770  0.2098
    4780  0.2086
    4790  0.2074
    4800  0.2062
    4810  0.2052
    4820  0.2043
    4830  0.2034
    4840  0.2025
    4850  0.2019
    4860  0.2014
    4870  0.2008
    4880  0.2003
    4890  0.1998
    4900  0.1994
    4910  0.1990
    4920  0.1983
    4930  0.1975
    4940  0.1968
    4950  0.1980
    4960  0.2017
    4970  0.2054
    4980  0.2091
    4990  0.2102
    5000  0.2109
    5010  0.2115
    5020  0.2106
    5030  0.2062
    5040  0.2018
    5050  0.1974
    5060  0.1958
    5070  0.1953
    5080  0.1948
    5090  0.1945
    5100  0.1951
    5110  0.1957
    5120  0.1963
    5130  0.1975
    5140  0.1990
    5150  0.2006
    5160  0.2020
    5170  0.2025
    5180  0.2030
    5190  0.2035
    5200  0.2013
    5210  0.1964
    5220  0.1914
    5230  0.1865
    5240  0.1850
    5250  0.1837
    5260  0.1825
    5270  0.1818
    5280  0.1820
    5290  0.1821
    5300  0.1823
    5310  0.1846
    5320  0.1875
    5330  0.1903
    5340  0.1916
    5350  0.1878
    5360  0.1841
    5370  0.1803
    5380  0.1790
    5390  0.1788
    5400  0.1786
    5410  0.1785
    5420  0.1787
    5430  0.1790
    5440  0.1793
    5450  0.1796
    5460  0.1799
    5470  0.1802
    5480  0.1805
    5490  0.1922
    5500  0.2040
    5510  0.2159
    5520  0.2207
    5530  0.2161
    5540  0.2114
    5550  0.2068
    5560  0.2038
    5570  0.2011
    5580  0.1984
    5590  0.1969
    5600  0.1983
    5610  0.1997
    5620  0.2011
    5630  0.1999
    5640  0.1979
    5650  0.1958
    5660  0.1947
    5670  0.1921
    5680  0.1894
    5690  0.1916
    5700  0.1967
    5710  0.1999
    5720  0.1874
    5730  0.1749
    5740  0.1683
    5750  0.1657
    5760  0.1644
    5770  0.1767
    5780  0.1890
    5790  0.1908
    5800  0.1850
    5810  0.1799
    5820  0.1835
    5830  0.1871
    5840  0.1906
    5850  0.1940
    5860  0.1970
    5870  0.1918
    5880  0.1865
    5890  0.1847
    5900  0.1857
    5910  0.1869
    5920  0.1919
    5930  0.1968
    5940  0.1960
    5950  0.1900
    5960  0.1840
    5970  0.1807
    5980  0.1775
    5990  0.1772
    6000  0.1800
    6010  0.1827
    6020  0.1774
    6030  0.1720
    6040  0.1706
    6050  0.1734
    6060  0.1761
    6070  0.1742
    6080  0.1722
    6090  0.1729
    6100  0.1766
    6110  0.1802
    6120  0.1875
    6130  0.1949
    6140  0.1956
    6150  0.1880
    6160  0.1805
    6170  0.1876
    6180  0.1956
    6190  0.1905
    6200  0.1680
    6210  0.1455
    6220  0.1459
    6230  0.1483
    6240  0.1515
    6250  0.1559
    6260  0.1604
    6270  0.1658
    6280  0.1713
    6290  0.1750
    6300  0.1760
    6310  0.1770
    6320  0.1804
    6330  0.1842
    6340  0.1858
    6350  0.1840
    6360  0.1822
    6370  0.1812
    6380  0.1803
    6390  0.1793
    6400  0.1779
    6410  0.1766
    6420  0.1799
    6430  0.1840
    6440  0.1842
    6450  0.1767
    6460  0.1691
    6470  0.1656
    6480  0.1630
    6490  0.1616
    6500  0.1631
    6510  0.1645
    6520  0.1621
    6530  0.1587
    6540  0.1562
    6550  0.1556
    6560  0.1550
    6570  0.1598
    6580  0.1660
    6590  0.1685
    6600  0.1612
    6610  0.1540
    6620  0.1535
    6630  0.1550
    6640  0.1548
    6650  0.1498
    6660  0.1449
    6670  0.1500
    6680  0.1584
    6690  0.1627
    6700  0.1542
    6710  0.1458
    6720  0.1466
    6730  0.1507
    6740  0.1555
    6750  0.1625
    6760  0.1695
    6770  0.1796
    6780  0.1909
    6790  0.1990
    6800  0.1948
    6810  0.1905
    6820  0.1903
    6830  0.1919
    6840  0.1898
    6850  0.1717
    6860  0.1536
    6870  0.1468
    6880  0.1454
    6890  0.1451
    6900  0.1505
    6910  0.1559
    6920  0.1550
    6930  0.1509
    6940  0.1471
    6950  0.1451
    6960  0.1430
    6970  0.1415
    6980  0.1403
    6990  0.1396
    7000  0.1426
    7010  0.1456
    7020  0.1477
    7030  0.1493
    7040  0.1502
    7050  0.1457
    7060  0.1411
    7070  0.1377
    7080  0.1350
    7090  0.1325
    7100  0.1329
    7110  0.1333
    7120  0.1321
    7130  0.1296
    7140  0.1271
    7150  0.1240
    7160  0.1210
    7170  0.1216
    7180  0.1251
    7190  0.1286
    7200  0.1308
    7210  0.1330
    7220  0.1328
    7230  0.1307
    7240  0.1286
    7250  0.1295
    7260  0.1304
    7270  0.1305
    7280  0.1299
    7290  0.1294
    7300  0.1318
    7310  0.1342
    7320  0.1379
    7330  0.1426
    7340  0.1474
    7350  0.1577
    7360  0.1679
    7370  0.1761
    7380  0.1822
    7390  0.1883
    7400  0.1875
    7410  0.1866
    7420  0.1780
    7430  0.1608
    7440  0.1436
    7450  0.1518
    7460  0.1611
    7470  0.1697
    7480  0.1776
    7490  0.1855
    7500  0.1679
    7510  0.1489
    7520  0.1382
    7530  0.1384
    7540  0.1386
    7550  0.1364
    7560  0.1341
    7570  0.1321
    7580  0.1307
    7590  0.1292
    7600  0.1293
    7610  0.1295
    7620  0.1316
    7630  0.1363
    7640  0.1411
    7650  0.1297
    7660  0.1162
    7670  0.1101
    7680  0.1158
    7690  0.1215
    7700  0.1223
    7710  0.1223
    7720  0.1223
    7730  0.1224
    7740  0.1225
    7750  0.1275
    7760  0.1333
    7770  0.1387
    7780  0.1432
    7790  0.1477
    7800  0.1491
    7810  0.1498
    7820  0.1464
    7830  0.1346
    7840  0.0000
    7850  0.0000
    7860  0.0000
    7870  0.0000
    7880  0.0000
    7890  0.0000
    7900  0.0000
    7910  0.0000
    7920  0.0000
    7930  0.0000
    7940  0.0000
    7950  0.0000
    7960  0.0000
    7970  0.0000
    7980  0.0000
    7990  0.0000
    8000  0.0000
    8010  0.0000
    8020  0.0000
    8030  0.0000
    8040  0.0000
    8050  0.0000
    8060  0.0000
    8070  0.0000
    8080  0.0000
    8090  0.0000
    8100  0.0000
    8110  0.0000
    8120  0.0000
    8130  0.0000
    8140  0.0000
    8150  0.0000
    8160  0.0000
    8170  0.0000
    8180  0.0000
    8190  0.0000
    8200  0.0000
    8210  0.0000
    8220  0.0000
    8230  0.0000
    8240  0.0000
    8250  0.0000
    8260  0.0000
    8270  0.0000
    8280  0.0000
    8290  0.0000
    8300  0.0000
    8310  0.0000
    8320  0.0000
    8330  0.0000
    8340  0.0000
    8350  0.0000
    8360  0.0000
    8370  0.0000
    8380  0.0000
    8390  0.0000
    8400  0.0000
    8410  0.0000
    8420  0.0000
    8430  0.0000
    8440  0.0000
    8450  0.0000
    8460  0.0000
    8470  0.0000
    8480  0.0000
    8490  0.0000
    8500  0.0000
    8510  0.0000
    8520  0.0000
    8530  0.0000
    8540  0.0000
    8550  0.0000
    8560  0.0000
    8570  0.0000
    8580  0.0000
    8590  0.0000
    8600  0.0000
    8610  0.0000
    8620  0.0000
    8630  0.0000
    8640  0.0000
    8650  0.0000
    8660  0.0000
    8670  0.0000
    8680  0.0000
    8690  0.0000
    8700  0.0000
    8710  0.0000
    8720  0.0000
    8730  0.0000
    8740  0.0000
    8750  0.0000
    8760  0.0000
    8770  0.0000
    8780  0.0000
    8790  0.0000
    8800  0.0000
    8810  0.0000
    8820  0.0000
    8830  0.0000
    8840  0.0000
    8850  0.0000
    8860  0.0000
    8870  0.0000
    8880  0.0000
    8890  0.0000
    8900  0.0000
    8910  0.0000
    8920  0.0000
    8930  0.0000
    8940  0.0000
    8950  0.0000
    8960  0.0000
    8970  0.0000
    8980  0.0000
    8990  0.0000
    9000  0.0000
    9010  0.0000
    9020  0.0000
    9030  0.0000
    9040  0.0000
    9050  0.0000
    9060  0.0000
    9070  0.0000
    9080  0.0000
    9090  0.0000
    9100  0.0000
    9110  0.0000
    9120  0.0000
    9130  0.0000
    9140  0.0000
    9150  0.0000
    9160  0.0000
    9170  0.0000
    9180  0.0000
    9190  0.0000
    9200  0.0000
    9210  0.0000
    9220  0.0000
    9230  0.0000
    9240  0.0000
    9250  0.0000
    9260  0.0000
    9270  0.0000
    9280  0.0000
    9290  0.0000
    9300  0.0000
    9310  0.0000
    9320  0.0000
    9330  0.0000
    9340  0.0000
    9350  0.0000
    9360  0.0000
    9370  0.0000
    9380  0.0000
    9390  0.0000
    9400  0.0000
    9410  0.0000
    9420  0.0000
    9430  0.0000
    9440  0.0000
    9450  0.0000
    9460  0.0000
    9470  0.0000
    9480  0.0000
    9490  0.0000
    9500  0.0000
    9510  0.0000
    9520  0.0000
    9530  0.0000
    9540  0.0000
    9550  0.0000
    9560  0.0000
    9570  0.0000
    9580  0.0922
    9590  0.0642
    9600  0.0654
    9610  0.0662
    9620  0.0643
    9630  0.0653
    9640  0.0648
    9650  0.0633
    9660  0.0634
    9670  0.0645
    9680  0.0662
    9690  0.0652
    9700  0.0747
    9710  0.0696
    9720  0.0648
    9730  0.0639
    9740  0.0664
    9750  0.0658
    9760  0.0637
    9770  0.0621
    9780  0.0625
    9790  0.0620
    9800  0.0656
    9810  0.0899
    9820  0.0657
    9830  0.0640
    9840  0.0686
    9850  0.0668
    9860  0.0691
    9870  0.0775
    9880  0.0956
    9890  0.0851
    9900  0.0640
    9910  0.0640
    9920  0.0652
    9930  0.0647
    9940  0.0656
    9950  0.0668
    9960  0.0639
    9970  0.1009
    9980  0.1062
    9990  0.1054
   10000  0.0929
   10010  0.0952
   10020  0.0888
   10030  0.0689
   10040  0.0655
   10050  0.0617
   10060  0.0663
   10070  0.0693
   10080  0.0750
   10090  0.0717
   10100  0.0627
   10110  0.0711
   10120  0.0858
   10130  0.1015
   10140  0.1017
   10150  0.0965
   10160  0.0764
   10170  0.0620
   10180  0.0604
   10190  0.0895
   10200  0.0833
   10210  0.0713
   10220  0.0859
   10230  0.0855
   10240  0.0721
   10250  0.0731
   10260  0.0671
   10270  0.0658
   10280  0.0655
   10290  0.0689
   10300  0.0593
   10310  0.0662
   10320  0.0686
   10330  0.0664
   10340  0.0719
   10350  0.0688
   10360  0.0616
   10370  0.0674
   10380  0.0796
   10390  0.0817
   10400  0.0730
   10410  0.0924
   10420  0.0719
   10430  0.0597
   10440  0.0580
   10450  0.0576
   10460  0.0000
   10470  0.0000
   10480  0.0000
   10490  0.0000
   10500  0.0000
   10510  0.0000
   10520  0.0000
   10530  0.0000
   10540  0.0000
   10550  0.0000
   10560  0.0000
   10570  0.0000
   10580  0.0000
   10590  0.0000
   10600  0.0000
   10610  0.0000
   10620  0.0000
   10630  0.0000
   10640  0.0000
   10650  0.0000
   10660  0.0000
   10670  0.0000
   10680  0.0000
   10690  0.0000
   10700  0.0000
   10710  0.0000
   10720  0.0000
   10730  0.0000
   10740  0.0000
   10750  0.0000
   10760  0.0000
   10770  0.0000
   10780  0.0000
   10790  0.0000
   10800  0.0000
   10810  0.0000
   10820  0.0000
   10830  0.0000
   10840  0.0000
   10850  0.0000
   10860  0.0000
   10870  0.0000
   10880  0.0000
   10890  0.0000
   10900  0.0000
   10910  0.0000
   10920  0.0000
   10930  0.0000
   10940  0.0000
   10950  0.0000
   10960  0.0000
   10970  0.0000
   10980  0.0000
   10990  0.0000
   11000  0.0000
   11010  0.0000
   11020  0.0000
   11030  0.0000
   11040  0.0000
   11050  0.0000
   11060  0.0000
   11070  0.0000
   11080  0.0000
   11090  0.0000
   11100  0.0000
   11110  0.0000
   11120  0.0000
   11130  0.0000
   11140  0.0000
   11150  0.0000
   11160  0.0000
   11170  0.0000
   11180  0.0000
   11190  0.0000
   11200  0.0000
   11210  0.0000
   11220  0.0000
   11230  0.0000
   11240  0.0000
   11250  0.0000
   11260  0.0000
   11270  0.0000
   11280  0.0000
   11290  0.0000
   11300  0.0000
   11310  0.0000
   11320  0.0000
   11330  0.0000
   11340  0.0000
   11350  0.0000
   11360  0.0000
   11370  0.0000
   11380  0.0000
   11390  0.0000
   11400  0.0000
   11410  0.0000
   11420  0.0000
   11430  0.0000
   11440  0.0000
   11450  0.0000
   11460  0.0000
   11470  0.0000
   11480  0.0000
   11490  0.0000
   11500  0.0000
   11510  0.0000
   11520  0.0000
   11530  0.0000
   11540  0.0000
   11550  0.0000
   11560  0.0000
   11570  0.0000
   11580  0.0000
   11590  0.0000
   11600  0.0000
   11610  0.0000
   11620  0.0000
   11630  0.0000
   11640  0.0000
   11650  0.0000
   11660  0.0000
   11670  0.0000
   11680  0.0000
   11690  0.0000
   11700  0.0000
   11710  0.0000
   11720  0.0000
   11730  0.0000
   11740  0.0000
   11750  0.0000
   11760  0.0000
   11770  0.0000
   11780  0.0000
   11790  0.0000
   11800  0.0000
   11810  0.0000
   11820  0.0000
   11830  0.0000
   11840  0.0000
   11850  0.0000
   11860  0.0000
   11870  0.0000
   11880  0.0000
   11890  0.0000
   11900  0.0000
   11910  0.0000
   11920  0.0000
   11930  0.0000
   11940  0.0000
   11950  0.0000
   11960  0.0000
   11970  0.0000
   11980  0.0000
   11990  0.0000
   12000  0.0000
   12010  0.0000
   12020  0.0000
   12030  0.0000
   12040  0.0000
   12050  0.0000
   12060  0.0000
   12070  0.0000
   12080  0.0000
   12090  0.0000
   12100  0.0000
   12110  0.0000
   12120  0.0000
   12130  0.0000
   12140  0.0000
   12150  0.0000
   12160  0.0000
   12170  0.0000
   12180  0.0000
   12190  0.0000
   12200  0.0000
   12210  0.0000
   12220  0.0000
   12230  0.0000
   12240  0.0000
   12250  0.0000
   12260  0.0000
   12270  0.0000
   12280  0.0000
   12290  0.0000
   12300  0.0000
   12310  0.0000
   12320  0.0000
   12330  0.0000
   12340  0.0000
   12350  0.0000
   12360  0.0000
   12370  0.0000
   12380  0.0000
   12390  0.0000
   12400  0.0000
   12410  0.0000
   12420  0.0000
   12430  0.0000
   12440  0.0000
   12450  0.0000
   12460  0.0000
   12470  0.0000
   12480  0.0000
   12490  0.0000
   12500  0.0000
   12510  0.0000
   12520  0.0000
   12530  0.0000
   12540  0.0000
   12550  0.0000
   12560  0.0000
   12570  0.0000
   12580  0.0000
   12590  0.0000
   12600  0.0000
   12610  0.0000
   12620  0.0000
   12630  0.0000
   12640  0.0000
   12650  0.0000
   12660  0.0000
   12670  0.0000
   12680  0.0000
   12690  0.0000
   12700  0.0000
   12710  0.0000
   12720  0.0000
   12730  0.0000
   12740  0.0000
   12750  0.0000
   12760  0.0000
   12770  0.0000
   12780  0.0000
   12790  0.0000
   12800  0.0000
   12810  0.0000
   12820  0.0000
   12830  0.0000
   12840  0.0000
   12850  0.0000
   12860  0.0000
   12870  0.0000
   12880  0.0000
   12890  0.0000
   12900  0.0000
   12910  0.0000
   12920  0.0000
   12930  0.0000
   12940  0.0000
   12950  0.0000
   12960  0.0000
   12970  0.0000
   12980  0.0000
   12990  0.0000
   13000  0.0000
   13010  0.0000
   13020  0.0000
   13030  0.0000
   13040  0.0000
   13050  0.0000
   13060  0.0000
   13070  0.0000
   13080  0.0000
   13090  0.0000
   13100  0.0000
   13110  0.0000
   13120  0.0000
   13130  0.0000
   13140  0.0000
   13150  0.0000
   13160  0.0000
   13170  0.0000
   13180  0.0000
   13190  0.0000
   13200  0.0000
   13210  0.0000
   13220  0.0000
   13230  0.0000
   13240  0.0000
   13250  0.0000
   13260  0.0000
   13270  0.0000
   13280  0.0000
   13290  0.0000
   13300  0.0000
   13310  0.0000
   13320  0.0000
   13330  0.0000
   13340  0.0000
   13350  0.0000
   13360  0.0000
   13370  0.0000
   13380  0.0000
   13390  0.0000
   13400  0.0000
   13410  0.0000
   13420  0.0000
   13430  0.0000
   13440  0.0000
   13450  0.0000
   13460  0.0000
   13470  0.0000
   13480  0.0000
   13490  0.0000
   13500  0.0000
   13510  0.0000
   13520  0.0000
   13530  0.0000
   13540  0.0000
   13550  0.0000
   13560  0.0000
   13570  0.0000
   13580  0.0000
   13590  0.0000
   13600  0.0000
   13610  0.0000
   13620  0.0000
   13630  0.0000
   13640  0.0000
   13650  0.0000
   13660  0.0000
   13670  0.0000
   13680  0.0000
   13690  0.0000
   13700  0.0000
   13710  0.0000
   13720  0.0000
   13730  0.0000
   13740  0.0000
   13750  0.0000
   13760  0.0000
   13770  0.0000
   13780  0.0000
   13790  0.0000
   13800  0.0000
   13810  0.0000
   13820  0.0000
   13830  0.0000
   13840  0.0000
   13850  0.0000
   13860  0.0000
   13870  0.0000
   13880  0.0000
   13890  0.0000
   13900  0.0000
   13910  0.0000
   13920  0.0000
   13930  0.0000
   13940  0.0000
   13950  0.0000
   13960  0.0000
   13970  0.0000
   13980  0.0000
   13990  0.0000
   14000  0.0000
   14010  0.0000
   14020  0.0000
   14030  0.0000
   14040  0.0000
   14050  0.0000
   14060  0.0000
   14070  0.0000
   14080  0.0000
   14090  0.0000
   14100  0.0000
   14110  0.0000
   14120  0.0000
   14130  0.0000
   14140  0.0000
   14150  0.0000
   14160  0.0000
   14170  0.0000
   14180  0.0000
   14190  0.0000
   14200  0.0000
   14210  0.0000
   14220  0.0000
   14230  0.0000
   14240  0.0000
   14250  0.0000
   14260  0.0000
   14270  0.0000
   14280  0.0000
   14290  0.0000
   14300  0.0000
   14310  0.0000
   14320  0.0000
   14330  0.0000
   14340  0.0000
   14350  0.0000
   14360  0.0000
   14370  0.0000
   14380  0.0000
   14390  0.0000
   14400  0.0000
   14410  0.0000
   14420  0.0000
   14430  0.0000
   14440  0.0000
   14450  0.0000
   14460  0.0000
   14470  0.0000
   14480  0.0000
   14490  0.0000
   14500  0.0000
   14510  0.0000
   14520  0.0000
   14530  0.0000
   14540  0.0000
   14550  0.0000
   14560  0.0000
   14570  0.0000
   14580  0.0000
   14590  0.0000
   14600  0.0000
   14610  0.0000
   14620  0.0000
   14630  0.0000
   14640  0.0000
   14650  0.0000
   14660  0.0000
   14670  0.0000
   14680  0.0000
   14690  0.0000
   14700  0.0000
   14710  0.0000
   14720  0.0000
   14730  0.0000
   14740  0.0000
   14750  0.0000
   14760  0.0000
   14770  0.0000
   14780  0.0000
   14790  0.0000
   14800  0.0000
   14810  0.0000
   14820  0.0000
   14830  0.0000
   14840  0.0000
   14850  0.0000
   14860  0.0000
   14870  0.0000
   14880  0.0000
   14890  0.0000
   14900  0.0000
   14910  0.0000
   14920  0.0000
   14930  0.0000
   14940  0.0000
   14950  0.0000
   14960  0.0000
   14970  0.0000
   14980  0.0000
   14990  0.0000
   15000  0.0000
