       0  0.0000
      10  0.0000
      20  0.0000
      30  0.0000
      40  0.0000
      50  0.0000
      60  0.0000
      70  0.0000
      80  0.0000
      90  0.0000
     100  0.0000
     110  0.0000
     120  0.0000
     130  0.0000
     140  0.0000
     150  0.0000
     160  0.0000
     170  0.0000
     180  0.0000
     190  0.0000
     200  0.0000
     210  0.0000
     220  0.0000
     230  0.0000
     240  0.0000
     250  0.0000
     260  0.0000
     270  0.0000
     280  0.0000
     290  0.0000
     300  0.0000
     310  0.0000
     320  0.0000
     330  0.0000
     340  0.0000
     350  0.0000
     360  0.0000
     370  0.0000
     380  0.0000
     390  0.0000
     400  0.0000
     410  0.0000
     420  0.0000
     430  0.0000
     440  0.0000
     450  0.0000
     460  0.0000
     470  0.0000
     480  0.0000
     490  0.0000
     500  0.0000
     510  0.0000
     520  0.0000
     530  0.0000
     540  0.0000
     550  0.0000
     560  0.0000
     570  0.0000
     580  0.0000
     590  0.0000
     600  0.0000
     610  0.0000
     620  0.0000
     630  0.0000
     640  0.0000
     650  0.0000
     660  0.0000
     670  0.0000
     680  0.0000
     690  0.0000
     700  0.0000
     710  0.0000
     720  0.0000
     730  0.0000
     740  0.0000
     750  0.0000
     760  0.0000
     770  0.0000
     780  0.0000
     790  0.0000
     800  0.0000
     810  0.0000
     820  0.0000
     830  0.0000
     840  0.0000
     850  0.0000
     860  0.0000
     870  0.0000
     880  0.0000
     890  0.0000
     900  0.0000
     910  0.0000
     920  0.0000
     930  0.0000
     940  0.0000
     950  0.0000
     960  0.0000
     970  0.0000
     980  0.0000
     990  0.0000
    1000  0.0000
    1010  0.0000
    1020  0.0000
    1030  0.0000
    1040  0.0000
    1050  0.0000
    1060  0.0000
    1070  0.0000
    1080  0.0000
    1090  0.0000
    1100  0.0000
    1110  0.0000
    1120  0.0000
    1130  0.0000
    1140  0.0000
    1150  0.0000
    1160  0.0000
    1170  0.0000
    1180  0.0000
    1190  0.0000
    1200  0.0000
    1210  0.0000
    1220  0.0000
    1230  0.0000
    1240  0.0000
    1250  0.0000
    1260  0.0000
    1270  0.0000
    1280  0.0000
    1290  0.0000
    1300  0.0000
    1310  0.0000
    1320  0.0000
    1330  0.0000
    1340  0.0000
    1350  0.0000
    1360  0.0000
    1370  0.0000
    1380  0.0000
    1390  0.0000
    1400  0.0000
    1410  0.0000
    1420  0.0000
    1430  0.0000
    1440  0.0000
    1450  0.0000
    1460  0.0000
    1470  0.0000
    1480  0.0000
    1490  0.0000
    1500  0.0000
    1510  0.0000
    1520  0.0000
    1530  0.0000
    1540  0.0000
    1550  0.0000
    1560  0.0000
    1570  0.0726
    1580  0.0315
    1590  0.0121
    1600  0.0063
    1610  0.0064
    1620  0.0061
    1630  0.0052
    1640  0.0026
    1650  0.0014
    1660  0.0033
    1670  0.0147
    1680  0.0201
    1690  0.0209
    1700  0.0144
    1710  0.0157
    1720  0.0171
    1730  0.0117
    1740  0.0356
    1750  0.0641
    1760  0.0835
    1770  0.0861
    1780  0.0972
    1790  0.1350
    1800  0.2357
    1810  0.2905
    1820  0.2359
    1830  0.1271
    1840  0.0414
    1850  0.0075
    1860  0.0739
    1870  0.1470
    1880  0.2132
    1890  0.1674
    1900  0.1005
    1910  0.0209
    1920  0.0370
    1930  0.0342
    1940  0.0037
    1950  0.0414
    1960  0.0491
    1970  0.0248
    1980  0.0154
    1990  0.0107
    2000  0.0103
    2010  0.0109
    2020  0.0287
    2030  0.0578
    2040  0.0465
    2050  0.0273
    2060  0.0077
    2070  0.0377
    2080  0.0365
    2090  0.0168
    2100  0.0050
    2110  0.0006
    2120  0.0005
    2130  0.0009
    2140  0.0206
    2150  0.0474
    2160  0.0618
    2170  0.0518
    2180  0.0388
    2190  0.0536
    2200  0.0398
    2210  0.0228
    2220  0.0318
    2230  0.0171
    2240  0.0058
    2250  0.0250
    2260  0.0547
    2270  0.0717
    2280  0.0506
    2290  0.1441
    2300  0.2447
    2310  0.3056
    2320  0.2742
    2330  0.2012
    2340  0.0841
    2350  0.0395
    2360  0.0246
    2370  0.0388
    2380  0.0212
    2390  0.0068
    2400  0.0025
    2410  0.0186
    2420  0.0292
    2430  0.0306
    2440  0.0417
    2450  0.0781
    2460  0.1430
    2470  0.0843
    2480  0.0404
    2490  0.0148
    2500  0.0159
    2510  0.0198
    2520  0.0298
    2530  0.1359
    2540  0.1236
    2550  0.0217
    2560  0.0095
    2570  0.0080
    2580  0.0144
    2590  0.0169
    2600  0.0282
    2610  0.0476
    2620  0.0855
    2630  0.1104
    2640  0.1126
    2650  0.0313
    2660  0.1180
    2670  0.2614
    2680  0.2767
    2690  0.1536
    2700  0.0433
    2710  0.2180
    2720  0.1589
    2730  0.0405
    2740  0.0244
    2750  0.0413
    2760  0.0632
    2770  0.0688
    2780  0.1327
    2790  0.1970
    2800  0.2224
    2810  0.1293
    2820  0.0375
    2830  0.0102
    2840  0.0052
    2850  0.0052
    2860  0.0060
    2870  0.0242
    2880  0.0714
    2890  0.1627
    2900  0.1759
    2910  0.1993
    2920  0.2536
    2930  0.2417
    2940  0.2485
    2950  0.2885
    2960  0.2651
    2970  0.2596
    2980  0.2804
    2990  0.2577
    3000  0.2494
    3010  0.2582
    3020  0.1005
    3030  0.0419
    3040  0.0780
    3050  0.0433
    3060  0.0184
    3070  0.0040
    3080  0.0252
    3090  0.0505
    3100  0.0786
    3110  0.0977
    3120  0.1234
    3130  0.1501
    3140  0.1462
    3150  0.1790
    3160  0.2098
    3170  0.0726
    3180  0.0589
    3190  0.1187
    3200  0.2050
    3210  0.1500
    3220  0.0432
    3230  0.0151
    3240  0.0041
    3250  0.0073
    3260  0.0357
    3270  0.1538
    3280  0.2687
    3290  0.2645
    3300  0.2613
    3310  0.2591
    3320  0.2587
    3330  0.2638
    3340  0.0240
    3350  0.0243
    3360  0.0248
    3370  0.0261
    3380  0.0271
    3390  0.0232
    3400  0.0192
    3410  0.0139
    3420  0.0085
    3430  0.0650
    3440  0.1344
    3450  0.1293
    3460  0.0941
    3470  0.0774
    3480  0.0731
    3490  0.0562
    3500  0.0257
    3510  0.0136
    3520  0.0332
    3530  0.0459
    3540  0.0382
    3550  0.0360
    3560  0.0700
    3570  0.1030
    3580  0.0831
    3590  0.0632
    3600  0.0533
    3610  0.0444
    3620  0.0962
    3630  0.1641
    3640  0.1552
    3650  0.1091
    3660  0.0744
    3670  0.0486
    3680  0.0283
    3690  0.0147
    3700  0.0116
    3710  0.0299
    3720  0.0492
    3730  0.0720
    3740  0.0905
    3750  0.0685
    3760  0.0466
    3770  0.0672
    3780  0.0886
    3790  0.0569
    3800  0.0170
    3810  0.0050
    3820  0.0023
    3830  0.0018
    3840  0.0027
    3850  0.0149
    3860  0.0375
    3870  0.0416
    3880  0.0184
    3890  0.0213
    3900  0.0888
    3910  0.1365
    3920  0.0905
    3930  0.0474
    3940  0.0489
    3950  0.0505
    3960  0.0324
    3970  0.0131
    3980  0.0192
    3990  0.0306
    4000  0.0301
    4010  0.0250
    4020  0.0174
    4030  0.0081
    4040  0.0168
    4050  0.0447
    4060  0.0651
    4070  0.0728
    4080  0.0696
    4090  0.0341
    4100  0.0071
    4110  0.0351
    4120  0.0623
    4130  0.0512
    4140  0.0401
    4150  0.0265
    4160  0.0126
    4170  0.0112
    4180  0.0131
    4190  0.0207
    4200  0.0311
    4210  0.0266
    4220  0.0105
    4230  0.0058
    4240  0.0154
    4250  0.0291
    4260  0.0512
    4270  0.0794
    4280  0.1301
    4290  0.1699
    4300  0.1078
    4310  0.0458
    4320  0.0933
    4330  0.1429
    4340  0.1002
    4350  0.0433
    4360  0.0267
    4370  0.0235
    4380  0.0427
    4390  0.0747
    4400  0.0703
    4410  0.0323
    4420  0.0082
    4430  0.0046
    4440  0.0043
    4450  0.0123
    4460  0.0207
    4470  0.0316
    4480  0.0418
    4490  0.0395
    4500  0.0372
    4510  0.1400
    4520  0.2491
    4530  0.2441
    4540  0.2154
    4550  0.1453
    4560  0.0586
    4570  0.0188
    4580  0.0107
    4590  0.0051
    4600  0.0021
    4610  0.0346
    4620  0.1286
    4630  0.1772
    4640  0.0900
    4650  0.0139
    4660  0.0087
    4670  0.0036
    4680  0.0076
    4690  0.0116
    4700  0.0076
    4710  0.0027
    4720  0.0013
    4730  0.0009
    4740  0.0022
    4750  0.0044
    4760  0.0397
    4770  0.1013
    4780  0.1469
    4790  0.1722
    4800  0.1757
    4810  0.1343
    4820  0.0935
    4830  0.0554
    4840  0.0236
    4850  0.0508
    4860  0.0781
    4870  0.0870
    4880  0.0956
    4890  0.0770
    4900  0.0542
    4910  0.0422
    4920  0.0337
    4930  0.0304
    4940  0.0303
    4950  0.0254
    4960  0.0162
    4970  0.0121
    4980  0.0155
    4990  0.0160
    5000  0.0093
    5010  0.0036
    5020  0.0022
    5030  0.0012
    5040  0.0081
    5050  0.0150
    5060  0.0126
    5070  0.0095
    5080  0.0176
    5090  0.0280
    5100  0.0511
    5110  0.0794
    5120  0.1169
    5130  0.1605
    5140  0.1492
    5150  0.0788
    5160  0.0299
    5170  0.0187
    5180  0.0125
    5190  0.0210
    5200  0.0269
    5210  0.0151
    5220  0.0036
    5230  0.0032
    5240  0.0028
    5250  0.0048
    5260  0.0071
    5270  0.0069
    5280  0.0061
    5290  0.0356
    5300  0.0799
    5310  0.1201
    5320  0.1569
    5330  0.1795
    5340  0.1841
    5350  0.1756
    5360  0.1398
    5370  0.1097
    5380  0.1004
    5390  0.0895
    5400  0.0628
    5410  0.0362
    5420  0.0298
    5430  0.0237
    5440  0.0165
    5450  0.0090
    5460  0.0077
    5470  0.0084
    5480  0.0103
    5490  0.0131
    5500  0.0213
    5510  0.0347
    5520  0.0362
    5530  0.0198
    5540  0.0091
    5550  0.0119
    5560  0.0213
    5570  0.0616
    5580  0.1000
    5590  0.1076
    5600  0.1151
    5610  0.1495
    5620  0.1855
    5630  0.1870
    5640  0.1813
    5650  0.1219
    5660  0.0409
    5670  0.0064
    5680  0.0034
    5690  0.0024
    5700  0.0033
    5710  0.0310
    5720  0.1054
    5730  0.1674
    5740  0.1925
    5750  0.2105
    5760  0.1830
    5770  0.1551
    5780  0.1019
    5790  0.0488
    5800  0.0815
    5810  0.1235
    5820  0.1370
    5830  0.1429
    5840  0.1438
    5850  0.1423
    5860  0.1201
    5870  0.0289
    5880  0.0258
    5890  0.0228
    5900  0.0197
    5910  0.0193
    5920  0.0195
    5930  0.0198
    5940  0.0213
    5950  0.0239
    5960  0.0265
    5970  0.0284
    5980  0.0281
    5990  0.0279
    6000  0.0277
    6010  0.0742
    6020  0.1221
    6030  0.1699
    6040  0.1840
    6050  0.1835
    6060  0.1829
    6070  0.1652
    6080  0.1235
    6090  0.0818
    6100  0.0454
    6110  0.0405
    6120  0.0357
    6130  0.0309
    6140  0.0230
    6150  0.0146
    6160  0.0062
    6170  0.0042
    6180  0.0066
    6190  0.0091
    6200  0.0134
    6210  0.0216
    6220  0.0298
    6230  0.0379
    6240  0.0434
    6250  0.0489
    6260  0.0544
    6270  0.0456
    6280  0.0322
    6290  0.0188
    6300  0.0206
    6310  0.0391
    6320  0.0575
    6330  0.0713
    6340  0.0663
    6350  0.0613
    6360  0.0563
    6370  0.0533
    6380  0.0504
    6390  0.0475
    6400  0.0469
    6410  0.0475
    6420  0.0481
    6430  0.0546
    6440  0.0714
    6450  0.0883
    6460  0.1045
    6470  0.1155
    6480  0.1264
    6490  0.1374
    6500  0.1081
    6510  0.0695
    6520  0.0310
    6530  0.0157
    6540  0.0203
    6550  0.0250
    6560  0.0275
    6570  0.0239
    6580  0.0204
    6590  0.0168
    6600  0.0141
    6610  0.0114
    6620  0.0087
    6630  0.0146
    6640  0.0241
    6650  0.0337
    6660  0.0349
    6670  0.0250
    6680  0.0151
    6690  0.0065
    6700  0.0048
    6710  0.0031
    6720  0.0014
    6730  0.0012
    6740  0.0013
    6750  0.0014
    6760  0.0012
    6770  0.0009
    6780  0.0006
    6790  0.0006
    6800  0.0010
    6810  0.0015
    6820  0.0019
    6830  0.0018
    6840  0.0017
    6850  0.0017
    6860  0.0018
    6870  0.0020
    6880  0.0022
    6890  0.0023
    6900  0.0021
    6910  0.0020
    6920  0.0026
    6930  0.0056
    6940  0.0087
    6950  0.0118
    6960  0.0157
    6970  0.0198
    6980  0.0238
    6990  0.0228
    7000  0.0192
    7010  0.0156
    7020  0.0126
    7030  0.0108
    7040  0.0090
    7050  0.0082
    7060  0.0165
    7070  0.0249
    7080  0.0332
    7090  0.0451
    7100  0.0578
    7110  0.0706
    7120  0.0781
    7130  0.0814
    7140  0.0847
    7150  0.0877
    7160  0.0900
    7170  0.0923
    7180  0.0947
    7190  0.0862
    7200  0.0777
    7210  0.0692
    7220  0.0689
    7230  0.0719
    7240  0.0749
    7250  0.0786
    7260  0.0832
    7270  0.0878
    7280  0.0949
    7290  0.1154
    7300  0.1358
    7310  0.1562
    7320  0.1634
    7330  0.1688
    7340  0.1742
    7350  0.1810
    7360  0.1887
    7370  0.1965
    7380  0.0042
    7390  0.0043
    7400  0.0033
    7410  0.0022
    7420  0.0014
    7430  0.0010
    7440  0.0007
    7450  0.0007
    7460  0.0005
    7470  0.0001
    7480  0.0001
    7490  0.0008
    7500  0.0021
    7510  0.0020
    7520  0.0024
    7530  0.0031
    7540  0.0031
    7550  0.0196
    7560  0.0589
    7570  0.0803
    7580  0.0986
    7590  0.1151
    7600  0.0894
    7610  0.0634
    7620  0.0621
    7630  0.0347
    7640  0.0051
    7650  0.0030
    7660  0.0034
    7670  0.0081
    7680  0.0334
    7690  0.0295
    7700  0.0068
    7710  0.0045
    7720  0.0054
    7730  0.0092
    7740  0.0130
    7750  0.0112
    7760  0.0024
    7770  0.0019
    7780  0.0048
    7790  0.0119
    7800  0.0067
    7810  0.0018
    7820  0.0032
    7830  0.0031
    7840  0.0035
    7850  0.0074
    7860  0.0187
    7870  0.0285
    7880  0.0110
    7890  0.0032
    7900  0.0018
    7910  0.0047
    7920  0.0048
    7930  0.0031
    7940  0.1004
    7950  0.1546
    7960  0.1603
    7970  0.1566
    7980  0.1524
    7990  0.1486
    8000  0.0669
    8010  0.0041
    8020  0.0072
    8030  0.0800
    8040  0.1482
    8050  0.1466
    8060  0.1458
    8070  0.1451
    8080  0.1440
    8090  0.0935
    8100  0.0249
    8110  0.0358
    8120  0.0742
    8130  0.1321
    8140  0.1437
    8150  0.1474
    8160  0.1430
    8170  0.1392
    8180  0.1186
    8190  0.0751
    8200  0.0476
    8210  0.0288
    8220  0.0223
    8230  0.0106
    8240  0.0013
    8250  0.0011
    8260  0.0099
    8270  0.0174
    8280  0.0075
    8290  0.0090
    8300  0.0160
    8310  0.0222
    8320  0.0184
    8330  0.0085
    8340  0.0069
    8350  0.0072
    8360  0.0094
    8370  0.0078
    8380  0.0140
    8390  0.0297
    8400  0.0165
    8410  0.0055
    8420  0.0028
    8430  0.0035
    8440  0.0050
    8450  0.0068
    8460  0.0099
    8470  0.0130
    8480  0.0142
    8490  0.0088
    8500  0.0018
    8510  0.0015
    8520  0.0016
    8530  0.0020
    8540  0.0030
    8550  0.0037
    8560  0.0042
    8570  0.0122
    8580  0.0156
    8590  0.0141
    8600  0.0228
    8610  0.0364
    8620  0.0563
    8630  0.0622
    8640  0.0647
    8650  0.0650
    8660  0.0372
    8670  0.0095
    8680  0.0038
    8690  0.0019
    8700  0.0018
    8710  0.0024
    8720  0.0051
    8730  0.0114
    8740  0.0361
    8750  0.0520
    8760  0.0614
    8770  0.0704
    8780  0.0671
    8790  0.0515
    8800  0.0229
    8810  0.0070
    8820  0.0088
    8830  0.0043
    8840  0.0013
    8850  0.0020
    8860  0.0018
    8870  0.0018
    8880  0.0029
    8890  0.0075
    8900  0.0105
    8910  0.0035
    8920  0.0014
    8930  0.0024
    8940  0.0092
    8950  0.0265
    8960  0.0491
    8970  0.0512
    8980  0.0918
    8990  0.1665
    9000  0.1272
    9010  0.0848
    9020  0.0392
    9030  0.0250
    9040  0.0319
    9050  0.0680
    9060  0.0823
    9070  0.0774
    9080  0.0390
    9090  0.0164
    9100  0.0028
    9110  0.0029
    9120  0.0181
    9130  0.0416
    9140  0.0752
    9150  0.0715
    9160  0.0523
    9170  0.0887
    9180  0.1059
    9190  0.1091
    9200  0.1438
    9210  0.0032
    9220  0.0065
    9230  0.0058
    9240  0.0034
    9250  0.0011
    9260  0.0003
    9270  0.0007
    9280  0.0031
    9290  0.0071
    9300  0.0073
    9310  0.0163
    9320  0.0261
    9330  0.0277
    9340  0.0241
    9350  0.0208
    9360  0.0192
    9370  0.0203
    9380  0.0152
    9390  0.0076
    9400  0.0029
    9410  0.0023
    9420  0.0031
    9430  0.0044
    9440  0.0024
    9450  0.0111
    9460  0.0233
    9470  0.0203
    9480  0.0124
    9490  0.0052
    9500  0.0019
    9510  0.0008
    9520  0.0011
    9530  0.0022
    9540  0.0015
    9550  0.0741
    9560  0.1406
    9570  0.1430
    9580  0.1414
    9590  0.1403
    9600  0.1312
    9610  0.0364
    9620  0.0071
    9630  0.0319
    9640  0.1197
    9650  0.1025
    9660  0.0931
    9670  0.1235
    9680  0.1223
    9690  0.0704
    9700  0.0068
    9710  0.0102
    9720  0.0449
    9730  0.0523
    9740  0.0054
    9750  0.0020
    9760  0.0012
    9770  0.0018
    9780  0.0025
    9790  0.0027
    9800  0.0038
    9810  0.0074
    9820  0.0161
    9830  0.0209
    9840  0.0216
    9850  0.0232
    9860  0.0358
    9870  0.0415
    9880  0.0119
    9890  0.0075
    9900  0.0061
    9910  0.0027
    9920  0.0052
    9930  0.0104
    9940  0.0152
    9950  0.0114
    9960  0.0058
    9970  0.0026
    9980  0.0044
    9990  0.0046
   10000  0.0222
   10010  0.0554
   10020  0.0902
   10030  0.0835
   10040  0.0680
   10050  0.0772
   10060  0.0940
   10070  0.0837
   10080  0.0394
   10090  0.0292
   10100  0.0430
   10110  0.0605
   10120  0.0320
   10130  0.0707
   10140  0.0967
   10150  0.0671
   10160  0.0448
   10170  0.0226
   10180  0.0023
   10190  0.0012
   10200  0.0009
   10210  0.0012
   10220  0.0017
   10230  0.0012
   10240  0.0006
   10250  0.0002
   10260  0.0003
   10270  0.0004
   10280  0.0006
   10290  0.0006
   10300  0.0005
   10310  0.0012
   10320  0.0033
   10330  0.0068
   10340  0.0130
   10350  0.0205
   10360  0.0144
   10370  0.0077
   10380  0.0029
   10390  0.0053
   10400  0.0295
   10410  0.0460
   10420  0.0439
   10430  0.0237
   10440  0.0141
   10450  0.0144
   10460  0.0269
   10470  0.0624
   10480  0.0886
   10490  0.0750
   10500  0.0586
   10510  0.0608
   10520  0.0798
   10530  0.0381
   10540  0.0178
   10550  0.0106
   10560  0.0036
   10570  0.0011
   10580  0.0003
   10590  0.0001
   10600  0.0001
   10610  0.0012
   10620  0.0033
   10630  0.0050
   10640  0.0050
   10650  0.0056
   10660  0.0104
   10670  0.0252
   10680  0.0271
   10690  0.0062
   10700  0.0029
   10710  0.0016
   10720  0.0015
   10730  0.0017
   10740  0.0015
   10750  0.0012
   10760  0.0011
   10770  0.0138
   10780  0.0178
   10790  0.0062
   10800  0.0116
   10810  0.0115
   10820  0.0080
   10830  0.0112
   10840  0.0555
   10850  0.1059
   10860  0.1289
   10870  0.1378
   10880  0.1361
   10890  0.1235
   10900  0.0143
   10910  0.0390
   10920  0.0171
   10930  0.0371
   10940  0.0854
   10950  0.0992
   10960  0.0346
   10970  0.0005
   10980  0.0033
   10990  0.0149
   11000  0.0592
   11010  0.1032
   11020  0.0840
   11030  0.0371
   11040  0.0155
   11050  0.0331
   11060  0.0188
   11070  0.0968
   11080  0.0938
   11090  0.0085
   11100  0.0006
   11110  0.0001
   11120  0.0009
   11130  0.0202
   11140  0.0741
   11150  0.0958
   11160  0.0918
   11170  0.0664
   11180  0.0290
   11190  0.0183
   11200  0.0506
   11210  0.0978
   11220  0.0034
   11230  0.0137
   11240  0.0635
   11250  0.0023
   11260  0.0056
   11270  0.0404
   11280  0.0500
   11290  0.0302
   11300  0.0746
   11310  0.0864
   11320  0.0940
   11330  0.0857
   11340  0.0730
   11350  0.0544
   11360  0.0095
   11370  0.0318
   11380  0.0772
   11390  0.0004
   11400  0.0002
   11410  0.0003
   11420  0.0013
   11430  0.0035
   11440  0.0045
   11450  0.0253
   11460  0.0228
   11470  0.0070
   11480  0.0036
   11490  0.0048
   11500  0.0014
   11510  0.0008
   11520  0.0016
   11530  0.0020
   11540  0.0099
   11550  0.0766
   11560  0.0059
   11570  0.0018
   11580  0.0273
   11590  0.0446
   11600  0.0794
   11610  0.1001
   11620  0.0641
   11630  0.0176
   11640  0.0038
   11650  0.0031
   11660  0.0026
   11670  0.0049
   11680  0.0102
   11690  0.0029
   11700  0.0032
   11710  0.0022
   11720  0.0024
   11730  0.0016
   11740  0.0187
   11750  0.0217
   11760  0.0201
   11770  0.0135
   11780  0.0022
   11790  0.0103
   11800  0.0301
   11810  0.0450
   11820  0.0555
   11830  0.0050
   11840  0.0190
   11850  0.0077
   11860  0.0265
   11870  0.0108
   11880  0.0007
   11890  0.0051
   11900  0.0057
   11910  0.0007
   11920  0.0009
   11930  0.0021
   11940  0.0101
   11950  0.0515
   11960  0.0823
   11970  0.1027
   11980  0.0998
   11990  0.0469
   12000  0.0103
   12010  0.0067
   12020  0.0073
   12030  0.0050
   12040  0.0010
   12050  0.0007
   12060  0.0007
   12070  0.0004
   12080  0.0002
   12090  0.0002
   12100  0.0003
   12110  0.0008
   12120  0.0014
   12130  0.0020
   12140  0.0074
   12150  0.0116
   12160  0.0090
   12170  0.0265
   12180  0.0688
   12190  0.0522
   12200  0.0626
   12210  0.1043
   12220  0.0897
   12230  0.0365
   12240  0.0266
   12250  0.0294
   12260  0.0274
   12270  0.0160
   12280  0.0055
   12290  0.0065
   12300  0.0080
   12310  0.0076
   12320  0.0048
   12330  0.0029
   12340  0.0104
   12350  0.0304
   12360  0.0179
   12370  0.0286
   12380  0.0412
   12390  0.0149
   12400  0.0155
   12410  0.0079
   12420  0.0031
   12430  0.0014
   12440  0.0015
   12450  0.0019
   12460  0.0017
   12470  0.0012
   12480  0.0058
   12490  0.0066
   12500  0.0034
   12510  0.0100
   12520  0.0169
   12530  0.0079
   12540  0.0042
   12550  0.0164
   12560  0.0340
   12570  0.0146
   12580  0.0298
   12590  0.0510
   12600  0.0435
   12610  0.0431
   12620  0.0797
   12630  0.0480
   12640  0.0134
   12650  0.0063
   12660  0.0171
   12670  0.0235
   12680  0.0085
   12690  0.0195
   12700  0.0272
   12710  0.0624
   12720  0.0907
   12730  0.0913
   12740  0.0750
   12750  0.0892
   12760  0.0806
   12770  0.0721
   12780  0.0540
   12790  0.0231
   12800  0.0015
   12810  0.0031
   12820  0.0097
   12830  0.0075
   12840  0.0024
   12850  0.0030
   12860  0.0023
   12870  0.0026
   12880  0.0022
   12890  0.0027
   12900  0.0195
   12910  0.0641
   12920  0.0909
   12930  0.0592
   12940  0.0565
   12950  0.0497
   12960  0.0292
   12970  0.0200
   12980  0.0097
   12990  0.0065
   13000  0.0323
   13010  0.0408
   13020  0.0161
   13030  0.0094
   13040  0.0206
   13050  0.0215
   13060  0.0177
   13070  0.0245
   13080  0.0431
   13090  0.0362
   13100  0.0086
   13110  0.0211
   13120  0.0262
   13130  0.0160
   13140  0.0071
   13150  0.0089
   13160  0.0241
   13170  0.0620
   13180  0.0671
   13190  0.0394
   13200  0.0250
   13210  0.0191
   13220  0.0184
   13230  0.0267
   13240  0.0353
   13250  0.0343
   13260  0.0209
   13270  0.0603
   13280  0.0437
   13290  0.0238
   13300  0.0117
   13310  0.0057
   13320  0.0054
   13330  0.0052
   13340  0.0019
   13350  0.0000
   13360  0.0000
   13370  0.0000
   13380  0.0000
   13390  0.0000
   13400  0.0000
   13410  0.0000
   13420  0.0000
   13430  0.0000
   13440  0.0000
   13450  0.0000
   13460  0.0000
   13470  0.0000
   13480  0.0000
   13490  0.0000
   13500  0.0000
   13510  0.0000
   13520  0.0000
   13530  0.0000
   13540  0.0000
   13550  0.0000
   13560  0.0000
   13570  0.0000
   13580  0.0000
   13590  0.0000
   13600  0.0000
   13610  0.0000
   13620  0.0000
   13630  0.0000
   13640  0.0000
   13650  0.0000
   13660  0.0000
   13670  0.0000
   13680  0.0000
   13690  0.0000
   13700  0.0000
   13710  0.0000
   13720  0.0000
   13730  0.0000
   13740  0.0000
   13750  0.0000
   13760  0.0000
   13770  0.0000
   13780  0.0000
   13790  0.0000
   13800  0.0000
   13810  0.0000
   13820  0.0000
   13830  0.0000
   13840  0.0000
   13850  0.0000
   13860  0.0000
   13870  0.0000
   13880  0.0000
   13890  0.0000
   13900  0.0000
   13910  0.0000
   13920  0.0000
   13930  0.0000
   13940  0.0000
   13950  0.0000
   13960  0.0000
   13970  0.0000
   13980  0.0000
   13990  0.0000
   14000  0.0000
   14010  0.0000
   14020  0.0000
   14030  0.0000
   14040  0.0000
   14050  0.0000
   14060  0.0000
   14070  0.0000
   14080  0.0000
   14090  0.0000
   14100  0.0000
   14110  0.0000
   14120  0.0000
   14130  0.0000
   14140  0.0000
   14150  0.0000
   14160  0.0000
   14170  0.0000
   14180  0.0000
   14190  0.0000
   14200  0.0000
   14210  0.0000
   14220  0.0000
   14230  0.0000
   14240  0.0000
   14250  0.0000
   14260  0.0000
   14270  0.0000
   14280  0.0000
   14290  0.0000
   14300  0.0000
   14310  0.0000
   14320  0.0000
   14330  0.0000
   14340  0.0000
   14350  0.0000
   14360  0.0000
   14370  0.0000
   14380  0.0000
   14390  0.0000
   14400  0.0000
   14410  0.0000
   14420  0.0000
   14430  0.0000
   14440  0.0000
   14450  0.0000
   14460  0.0000
   14470  0.0000
   14480  0.0000
   14490  0.0000
   14500  0.0000
   14510  0.0000
   14520  0.0000
   14530  0.0000
   14540  0.0000
   14550  0.0000
   14560  0.0000
   14570  0.0000
   14580  0.0000
   14590  0.0000
   14600  0.0000
   14610  0.0000
   14620  0.0000
   14630  0.0000
   14640  0.0000
   14650  0.0000
   14660  0.0000
   14670  0.0000
   14680  0.0000
   14690  0.0000
   14700  0.0000
   14710  0.0000
   14720  0.0000
   14730  0.0000
   14740  0.0000
   14750  0.0000
   14760  0.0000
   14770  0.0000
   14780  0.0000
   14790  0.0000
   14800  0.0000
   14810  0.0000
   14820  0.0000
   14830  0.0000
   14840  0.0000
   14850  0.0000
   14860  0.0000
   14870  0.0000
   14880  0.0000
   14890  0.0000
   14900  0.0000
   14910  0.0000
   14920  0.0000
   14930  0.0000
   14940  0.0000
   14950  0.0000
   14960  0.0000
   14970  0.0000
   14980  0.0000
   14990  0.0000
   15000  0.0000
