       0  0.0000
      10  0.0000
      20  0.0000
      30  0.0000
      40  0.0000
      50  0.0000
      60  0.0000
      70  0.0000
      80  0.0000
      90  0.0000
     100  0.0000
     110  0.0000
     120  0.0000
     130  0.0000
     140  0.0000
     150  0.0000
     160  0.0000
     170  0.0000
     180  0.0000
     190  0.0000
     200  0.0000
     210  0.0000
     220  0.0000
     230  0.0000
     240  0.0000
     250  0.0000
     260  0.0000
     270  0.0000
     280  0.0000
     290  0.0000
     300  0.0000
     310  0.0000
     320  0.0000
     330  0.0000
     340  0.0000
     350  0.0000
     360  0.0000
     370  0.0000
     380  0.0000
     390  0.0000
     400  0.0000
     410  0.0000
     420  0.0000
     430  0.0000
     440  0.0000
     450  0.0000
     460  0.0000
     470  0.0000
     480  0.0000
     490  0.0000
     500  0.0000
     510  0.0000
     520  0.0000
     530  0.0000
     540  0.0000
     550  0.0000
     560  0.0000
     570  0.0000
     580  0.0000
     590  0.0000
     600  0.0000
     610  0.0000
     620  0.0000
     630  0.0000
     640  0.0000
     650  0.0000
     660  0.0000
     670  0.0000
     680  0.0000
     690  0.0000
     700  0.0000
     710  0.0000
     720  0.0000
     730  0.0000
     740  0.0000
     750  0.0000
     760  0.0000
     770  0.0000
     780  0.0000
     790  0.0000
     800  0.0000
     810  0.0000
     820  0.0000
     830  0.0000
     840  0.0000
     850  0.0000
     860  0.0000
     870  0.0000
     880  0.0000
     890  0.0000
     900  0.0000
     910  0.0000
     920  0.0000
     930  0.0000
     940  0.0000
     950  0.0000
     960  0.0000
     970  0.0000
     980  0.0000
     990  0.0000
    1000  0.0000
    1010  0.0000
    1020  0.0000
    1030  0.0000
    1040  0.0000
    1050  0.0000
    1060  0.0000
    1070  0.0000
    1080  0.0000
    1090  0.0000
    1100  0.0000
    1110  0.0000
    1120  0.0000
    1130  0.0000
    1140  0.0000
    1150  0.0000
    1160  0.0000
    1170  0.0000
    1180  0.0000
    1190  0.0000
    1200  0.0000
    1210  0.0000
    1220  0.0000
    1230  0.0000
    1240  0.0000
    1250  0.0000
    1260  0.0000
    1270  0.0000
    1280  0.0000
    1290  0.0000
    1300  0.0000
    1310  0.0000
    1320  0.0000
    1330  0.0000
    1340  0.0000
    1350  0.0000
    1360  0.0000
    1370  0.0000
    1380  0.0000
    1390  0.0000
    1400  0.0000
    1410  0.0000
    1420  0.0000
    1430  0.0000
    1440  0.0000
    1450  0.0000
    1460  0.0000
    1470  0.0000
    1480  0.0000
    1490  0.0000
    1500  0.0000
    1510  0.0000
    1520  0.0000
    1530  0.0000
    1540  0.0000
    1550  0.0000
    1560  0.0000
    1570  0.4207
    1580  0.4266
    1590  0.4291
    1600  0.4295
    1610  0.4295
    1620  0.4295
    1630  0.4296
    1640  0.4298
    1650  0.4299
    1660  0.4286
    1670  0.4222
    1680  0.4199
    1690  0.4187
    1700  0.4153
    1710  0.4121
    1720  0.4097
    1730  0.4092
    1740  0.4029
    1750  0.3958
    1760  0.3901
    1770  0.3885
    1780  0.3863
    1790  0.3808
    1800  0.3694
    1810  0.3637
    1820  0.3711
    1830  0.3821
    1840  0.3902
    1850  0.3928
    1860  0.3871
    1870  0.3796
    1880  0.3708
    1890  0.3741
    1900  0.3785
    1910  0.3828
    1920  0.3793
    1930  0.3796
    1940  0.3846
    1950  0.3775
    1960  0.3757
    1970  0.3795
    1980  0.3786
    1990  0.3767
    2000  0.3740
    2010  0.3710
    2020  0.3679
    2030  0.3650
    2040  0.3657
    2050  0.3679
    2060  0.3706
    2070  0.3673
    2080  0.3673
    2090  0.3696
    2100  0.3736
    2110  0.3748
    2120  0.3740
    2130  0.3713
    2140  0.3663
    2150  0.3605
    2160  0.3562
    2170  0.3548
    2180  0.3545
    2190  0.3535
    2200  0.3552
    2210  0.3564
    2220  0.3528
    2230  0.3565
    2240  0.3598
    2250  0.3553
    2260  0.3472
    2270  0.3400
    2280  0.3371
    2290  0.3353
    2300  0.3323
    2310  0.3262
    2320  0.3284
    2330  0.3301
    2340  0.3276
    2350  0.3275
    2360  0.3291
    2370  0.3330
    2380  0.3375
    2390  0.3403
    2400  0.3408
    2410  0.3379
    2420  0.3344
    2430  0.3305
    2440  0.3290
    2450  0.3284
    2460  0.3285
    2470  0.3274
    2480  0.3262
    2490  0.3249
    2500  0.3234
    2510  0.3224
    2520  0.3220
    2530  0.3227
    2540  0.3216
    2550  0.3191
    2560  0.3198
    2570  0.3190
    2580  0.3172
    2590  0.3160
    2600  0.3155
    2610  0.3155
    2620  0.3167
    2630  0.3178
    2640  0.3186
    2650  0.3178
    2660  0.3330
    2670  0.3527
    2680  0.3561
    2690  0.3357
    2700  0.3171
    2710  0.3452
    2720  0.3299
    2730  0.3048
    2740  0.3026
    2750  0.3014
    2760  0.3003
    2770  0.2982
    2780  0.3021
    2790  0.3064
    2800  0.3072
    2810  0.3042
    2820  0.3016
    2830  0.3022
    2840  0.3026
    2850  0.3027
    2860  0.3021
    2870  0.3007
    2880  0.3001
    2890  0.3014
    2900  0.3005
    2910  0.2997
    2920  0.2994
    2930  0.3002
    2940  0.3135
    2950  0.3433
    2960  0.3396
    2970  0.3377
    2980  0.3405
    2990  0.3362
    3000  0.3311
    3010  0.3256
    3020  0.3042
    3030  0.2935
    3040  0.2932
    3050  0.2941
    3060  0.2934
    3070  0.2915
    3080  0.2872
    3090  0.2850
    3100  0.2845
    3110  0.2850
    3120  0.2856
    3130  0.2860
    3140  0.2854
    3150  0.2852
    3160  0.2842
    3170  0.2764
    3180  0.2780
    3190  0.2842
    3200  0.2874
    3210  0.2811
    3220  0.2727
    3230  0.2760
    3240  0.2773
    3250  0.2770
    3260  0.2738
    3270  0.2828
    3280  0.2942
    3290  0.2991
    3300  0.3009
    3310  0.3014
    3320  0.3011
    3330  0.2941
    3340  0.2534
    3350  0.2540
    3360  0.2546
    3370  0.2551
    3380  0.2554
    3390  0.2513
    3400  0.2472
    3410  0.2441
    3420  0.2411
    3430  0.2559
    3440  0.2743
    3450  0.2736
    3460  0.2653
    3470  0.2618
    3480  0.2614
    3490  0.2593
    3500  0.2553
    3510  0.2547
    3520  0.2602
    3530  0.2637
    3540  0.2610
    3550  0.2588
    3560  0.2598
    3570  0.2608
    3580  0.2592
    3590  0.2576
    3600  0.2556
    3610  0.2536
    3620  0.2598
    3630  0.2681
    3640  0.2625
    3650  0.2501
    3660  0.2462
    3670  0.2489
    3680  0.2485
    3690  0.2442
    3700  0.2435
    3710  0.2505
    3720  0.2553
    3730  0.2522
    3740  0.2488
    3750  0.2421
    3760  0.2354
    3770  0.2421
    3780  0.2491
    3790  0.2373
    3800  0.2225
    3810  0.2188
    3820  0.2187
    3830  0.2241
    3840  0.2327
    3850  0.2385
    3860  0.2418
    3870  0.2426
    3880  0.2398
    3890  0.2419
    3900  0.2557
    3910  0.2661
    3920  0.2604
    3930  0.2550
    3940  0.2530
    3950  0.2509
    3960  0.2459
    3970  0.2407
    3980  0.2401
    3990  0.2404
    4000  0.2370
    4010  0.2320
    4020  0.2276
    4030  0.2235
    4040  0.2237
    4050  0.2285
    4060  0.2310
    4070  0.2293
    4080  0.2273
    4090  0.2240
    4100  0.2216
    4110  0.2252
    4120  0.2288
    4130  0.2289
    4140  0.2289
    4150  0.2243
    4160  0.2192
    4170  0.2185
    4180  0.2189
    4190  0.2189
    4200  0.2187
    4210  0.2169
    4220  0.2140
    4230  0.2129
    4240  0.2142
    4250  0.2168
    4260  0.2220
    4270  0.2298
    4280  0.2477
    4290  0.2620
    4300  0.2439
    4310  0.2257
    4320  0.2289
    4330  0.2326
    4340  0.2220
    4350  0.2092
    4360  0.2072
    4370  0.2089
    4380  0.2119
    4390  0.2156
    4400  0.2159
    4410  0.2129
    4420  0.2111
    4430  0.2108
    4440  0.2099
    4450  0.2075
    4460  0.2057
    4470  0.2069
    4480  0.2082
    4490  0.2106
    4500  0.2130
    4510  0.2509
    4520  0.2910
    4530  0.2886
    4540  0.2774
    4550  0.2472
    4560  0.2093
    4570  0.1911
    4580  0.1864
    4590  0.1844
    4600  0.1854
    4610  0.2004
    4620  0.2395
    4630  0.2603
    4640  0.2263
    4650  0.1967
    4660  0.1959
    4670  0.1952
    4680  0.1990
    4690  0.2029
    4700  0.2030
    4710  0.2028
    4720  0.2033
    4730  0.2039
    4740  0.2057
    4750  0.2081
    4760  0.2138
    4770  0.2222
    4780  0.2301
    4790  0.2374
    4800  0.2385
    4810  0.2271
    4820  0.2172
    4830  0.2129
    4840  0.2094
    4850  0.2136
    4860  0.2178
    4870  0.2160
    4880  0.2140
    4890  0.2129
    4900  0.2120
    4910  0.2130
    4920  0.2147
    4930  0.2141
    4940  0.2121
    4950  0.2059
    4960  0.1959
    4970  0.1885
    4980  0.1851
    4990  0.1806
    5000  0.1736
    5010  0.1676
    5020  0.1666
    5030  0.1663
    5040  0.1760
    5050  0.1857
    5060  0.1862
    5070  0.1862
    5080  0.1874
    5090  0.1888
    5100  0.1937
    5110  0.2001
    5120  0.2132
    5130  0.2309
    5140  0.2277
    5150  0.2019
    5160  0.1836
    5170  0.1782
    5180  0.1758
    5190  0.1821
    5200  0.1865
    5210  0.1790
    5220  0.1715
    5230  0.1649
    5240  0.1583
    5250  0.1574
    5260  0.1571
    5270  0.1577
    5280  0.1586
    5290  0.1692
    5300  0.1846
    5310  0.1947
    5320  0.2006
    5330  0.2046
    5340  0.2062
    5350  0.2065
    5360  0.2038
    5370  0.2022
    5380  0.2044
    5390  0.2056
    5400  0.1973
    5410  0.1891
    5420  0.1906
    5430  0.1923
    5440  0.1878
    5450  0.1824
    5460  0.1825
    5470  0.1845
    5480  0.1854
    5490  0.1856
    5500  0.1859
    5510  0.1862
    5520  0.1855
    5530  0.1830
    5540  0.1815
    5550  0.1824
    5560  0.1843
    5570  0.1908
    5580  0.1970
    5590  0.1998
    5600  0.2026
    5610  0.2093
    5620  0.2162
    5630  0.2171
    5640  0.2168
    5650  0.1984
    5660  0.1727
    5670  0.1643
    5680  0.1676
    5690  0.1658
    5700  0.1586
    5710  0.1630
    5720  0.1876
    5730  0.2071
    5740  0.2109
    5750  0.2137
    5760  0.2094
    5770  0.2050
    5780  0.1950
    5790  0.1850
    5800  0.1868
    5810  0.1898
    5820  0.1938
    5830  0.1981
    5840  0.1965
    5850  0.1920
    5860  0.1877
    5870  0.1475
    5880  0.1466
    5890  0.1457
    5900  0.1449
    5910  0.1480
    5920  0.1521
    5930  0.1562
    5940  0.1564
    5950  0.1532
    5960  0.1499
    5970  0.1471
    5980  0.1453
    5990  0.1435
    6000  0.1417
    6010  0.1633
    6020  0.1854
    6030  0.2076
    6040  0.2141
    6050  0.2137
    6060  0.2133
    6070  0.2051
    6080  0.1859
    6090  0.1667
    6100  0.1501
    6110  0.1487
    6120  0.1473
    6130  0.1459
    6140  0.1438
    6150  0.1416
    6160  0.1393
    6170  0.1393
    6180  0.1410
    6190  0.1426
    6200  0.1439
    6210  0.1441
    6220  0.1444
    6230  0.1448
    6240  0.1489
    6250  0.1531
    6260  0.1573
    6270  0.1561
    6280  0.1531
    6290  0.1500
    6300  0.1487
    6310  0.1493
    6320  0.1499
    6330  0.1507
    6340  0.1521
    6350  0.1536
    6360  0.1551
    6370  0.1563
    6380  0.1574
    6390  0.1585
    6400  0.1578
    6410  0.1561
    6420  0.1545
    6430  0.1542
    6440  0.1563
    6450  0.1583
    6460  0.1604
    6470  0.1621
    6480  0.1639
    6490  0.1656
    6500  0.1605
    6510  0.1538
    6520  0.1471
    6530  0.1433
    6540  0.1420
    6550  0.1408
    6560  0.1390
    6570  0.1361
    6580  0.1331
    6590  0.1301
    6600  0.1304
    6610  0.1307
    6620  0.1310
    6630  0.1352
    6640  0.1411
    6650  0.1470
    6660  0.1479
    6670  0.1421
    6680  0.1364
    6690  0.1310
    6700  0.1279
    6710  0.1247
    6720  0.1216
    6730  0.1208
    6740  0.1202
    6750  0.1197
    6760  0.1202
    6770  0.1215
    6780  0.1228
    6790  0.1234
    6800  0.1227
    6810  0.1220
    6820  0.1212
    6830  0.1184
    6840  0.1157
    6850  0.1130
    6860  0.1151
    6870  0.1188
    6880  0.1225
    6890  0.1237
    6900  0.1222
    6910  0.1207
    6920  0.1199
    6930  0.1216
    6940  0.1232
    6950  0.1249
    6960  0.1255
    6970  0.1261
    6980  0.1267
    6990  0.1236
    7000  0.1186
    7010  0.1135
    7020  0.1116
    7030  0.1149
    7040  0.1181
    7050  0.1210
    7060  0.1219
    7070  0.1227
    7080  0.1236
    7090  0.1280
    7100  0.1333
    7110  0.1386
    7120  0.1410
    7130  0.1410
    7140  0.1410
    7150  0.1421
    7160  0.1463
    7170  0.1506
    7180  0.1548
    7190  0.1528
    7200  0.1507
    7210  0.1486
    7220  0.1479
    7230  0.1476
    7240  0.1473
    7250  0.1477
    7260  0.1488
    7270  0.1500
    7280  0.1526
    7290  0.1631
    7300  0.1736
    7310  0.1841
    7320  0.1872
    7330  0.1893
    7340  0.1914
    7350  0.1946
    7360  0.1984
    7370  0.2022
    7380  0.1154
    7390  0.1172
    7400  0.1185
    7410  0.1188
    7420  0.1165
    7430  0.1155
    7440  0.1165
    7450  0.1241
    7460  0.1281
    7470  0.1299
    7480  0.1295
    7490  0.1280
    7500  0.1258
    7510  0.1279
    7520  0.1324
    7530  0.1394
    7540  0.1346
    7550  0.1321
    7560  0.1336
    7570  0.1335
    7580  0.1361
    7590  0.1444
    7600  0.1371
    7610  0.1304
    7620  0.1345
    7630  0.1292
    7640  0.1216
    7650  0.1173
    7660  0.1140
    7670  0.1122
    7680  0.1167
    7690  0.1165
    7700  0.1130
    7710  0.1083
    7720  0.1057
    7730  0.1052
    7740  0.1165
    7750  0.1186
    7760  0.1088
    7770  0.1142
    7780  0.1175
    7790  0.1147
    7800  0.1089
    7810  0.1033
    7820  0.0994
    7830  0.0939
    7840  0.0912
    7850  0.0994
    7860  0.1095
    7870  0.1164
    7880  0.1013
    7890  0.0978
    7900  0.1018
    7910  0.1111
    7920  0.1163
    7930  0.1183
    7940  0.1500
    7950  0.1685
    7960  0.1720
    7970  0.1714
    7980  0.1694
    7990  0.1656
    8000  0.1338
    8010  0.1088
    8020  0.1075
    8030  0.1374
    8040  0.1658
    8050  0.1642
    8060  0.1642
    8070  0.1648
    8080  0.1657
    8090  0.1386
    8100  0.1014
    8110  0.1110
    8120  0.1268
    8130  0.1469
    8140  0.1524
    8150  0.1545
    8160  0.1531
    8170  0.1519
    8180  0.1494
    8190  0.1449
    8200  0.1308
    8210  0.1222
    8220  0.1259
    8230  0.1250
    8240  0.1250
    8250  0.1303
    8260  0.1311
    8270  0.1296
    8280  0.1254
    8290  0.1175
    8300  0.1093
    8310  0.1103
    8320  0.1126
    8330  0.1155
    8340  0.1136
    8350  0.1069
    8360  0.0958
    8370  0.0956
    8380  0.1001
    8390  0.1102
    8400  0.1022
    8410  0.0928
    8420  0.0841
    8430  0.0790
    8440  0.0780
    8450  0.0850
    8460  0.0897
    8470  0.0936
    8480  0.0976
    8490  0.0982
    8500  0.0978
    8510  0.0989
    8520  0.0970
    8530  0.0935
    8540  0.0936
    8550  0.0948
    8560  0.0969
    8570  0.1015
    8580  0.1028
    8590  0.1004
    8600  0.0964
    8610  0.0994
    8620  0.1130
    8630  0.1131
    8640  0.1118
    8650  0.1121
    8660  0.1021
    8670  0.0919
    8680  0.0888
    8690  0.0898
    8700  0.0919
    8710  0.0921
    8720  0.0934
    8730  0.0957
    8740  0.1018
    8750  0.1081
    8760  0.1144
    8770  0.1134
    8780  0.1128
    8790  0.1127
    8800  0.0995
    8810  0.0921
    8820  0.0929
    8830  0.0909
    8840  0.0902
    8850  0.0921
    8860  0.0922
    8870  0.0921
    8880  0.0927
    8890  0.0942
    8900  0.0954
    8910  0.0939
    8920  0.0929
    8930  0.0925
    8940  0.0947
    8950  0.1035
    8960  0.1154
    8970  0.1107
    8980  0.1304
    8990  0.1717
    9000  0.1468
    9010  0.1246
    9020  0.1059
    9030  0.0997
    9040  0.1038
    9050  0.1225
    9060  0.1213
    9070  0.1134
    9080  0.0984
    9090  0.0882
    9100  0.0827
    9110  0.0883
    9120  0.0963
    9130  0.1063
    9140  0.1203
    9150  0.1200
    9160  0.1144
    9170  0.1340
    9180  0.1431
    9190  0.1442
    9200  0.1624
    9210  0.0879
    9220  0.0812
    9230  0.0770
    9240  0.0835
    9250  0.0907
    9260  0.0906
    9270  0.0870
    9280  0.0893
    9290  0.0969
    9300  0.0923
    9310  0.0918
    9320  0.0912
    9330  0.0861
    9340  0.0844
    9350  0.0867
    9360  0.0930
    9370  0.0918
    9380  0.0982
    9390  0.1046
    9400  0.0970
    9410  0.0985
    9420  0.0947
    9430  0.0810
    9440  0.0750
    9450  0.0790
    9460  0.0888
    9470  0.0955
    9480  0.0935
    9490  0.0912
    9500  0.0925
    9510  0.0855
    9520  0.0787
    9530  0.0740
    9540  0.0794
    9550  0.1166
    9560  0.1493
    9570  0.1515
    9580  0.1507
    9590  0.1499
    9600  0.1440
    9610  0.0853
    9620  0.0696
    9630  0.0862
    9640  0.1356
    9650  0.1284
    9660  0.1237
    9670  0.1366
    9680  0.1361
    9690  0.1137
    9700  0.0859
    9710  0.0861
    9720  0.0898
    9730  0.0913
    9740  0.0882
    9750  0.0912
    9760  0.0870
    9770  0.0780
    9780  0.0724
    9790  0.0717
    9800  0.0735
    9810  0.0770
    9820  0.0761
    9830  0.0752
    9840  0.0747
    9850  0.0735
    9860  0.0783
    9870  0.0829
    9880  0.0789
    9890  0.0855
    9900  0.0923
    9910  0.0969
    9920  0.0985
    9930  0.0959
    9940  0.0919
    9950  0.0933
    9960  0.0863
    9970  0.0825
    9980  0.0891
    9990  0.0871
   10000  0.0867
   10010  0.0899
   10020  0.1083
   10030  0.1023
   10040  0.0914
   10050  0.0954
   10060  0.1036
   10070  0.1021
   10080  0.0883
   10090  0.0873
   10100  0.0917
   10110  0.0953
   10120  0.0820
   10130  0.1007
   10140  0.1139
   10150  0.1017
   10160  0.0938
   10170  0.0844
   10180  0.0737
   10190  0.0658
   10200  0.0622
   10210  0.0590
   10220  0.0522
   10230  0.0607
   10240  0.0676
   10250  0.0692
   10260  0.0757
   10270  0.0812
   10280  0.0846
   10290  0.0819
   10300  0.0774
   10310  0.0733
   10320  0.0713
   10330  0.0718
   10340  0.0717
   10350  0.0706
   10360  0.0681
   10370  0.0682
   10380  0.0700
   10390  0.0732
   10400  0.0831
   10410  0.0913
   10420  0.0948
   10430  0.0856
   10440  0.0840
   10450  0.0872
   10460  0.0848
   10470  0.0976
   10480  0.1087
   10490  0.1036
   10500  0.0912
   10510  0.0881
   10520  0.0945
   10530  0.0731
   10540  0.0617
   10550  0.0575
   10560  0.0568
   10570  0.0592
   10580  0.0638
   10590  0.0709
   10600  0.0662
   10610  0.0622
   10620  0.0611
   10630  0.0735
   10640  0.0736
   10650  0.0685
   10660  0.0656
   10670  0.0691
   10680  0.0699
   10690  0.0643
   10700  0.0606
   10710  0.0608
   10720  0.0644
   10730  0.0699
   10740  0.0718
   10750  0.0709
   10760  0.0661
   10770  0.0650
   10780  0.0646
   10790  0.0641
   10800  0.0724
   10810  0.0741
   10820  0.0710
   10830  0.0699
   10840  0.0934
   10850  0.1217
   10860  0.1367
   10870  0.1414
   10880  0.1399
   10890  0.1326
   10900  0.0732
   10910  0.0824
   10920  0.0737
   10930  0.0811
   10940  0.0995
   10950  0.1045
   10960  0.0792
   10970  0.0656
   10980  0.0664
   10990  0.0706
   11000  0.0876
   11010  0.1045
   11020  0.0968
   11030  0.0781
   11040  0.0694
   11050  0.0760
   11060  0.0701
   11070  0.1005
   11080  0.0991
   11090  0.0651
   11100  0.0617
   11110  0.0612
   11120  0.0612
   11130  0.0686
   11140  0.0898
   11150  0.0982
   11160  0.0964
   11170  0.0860
   11180  0.0708
   11190  0.0662
   11200  0.0835
   11210  0.1154
   11220  0.0824
   11230  0.0859
   11240  0.1030
   11250  0.0816
   11260  0.0826
   11270  0.0946
   11280  0.0978
   11290  0.0907
   11300  0.1061
   11310  0.1100
   11320  0.1126
   11330  0.1095
   11340  0.1050
   11350  0.0983
   11360  0.0824
   11370  0.0901
   11380  0.1059
   11390  0.0787
   11400  0.0785
   11410  0.0784
   11420  0.0786
   11430  0.0792
   11440  0.0794
   11450  0.0866
   11460  0.0856
   11470  0.0798
   11480  0.0785
   11490  0.0788
   11500  0.0774
   11510  0.0770
   11520  0.0772
   11530  0.0772
   11540  0.0798
   11550  0.1033
   11560  0.0781
   11570  0.0765
   11580  0.0854
   11590  0.0914
   11600  0.1037
   11610  0.1109
   11620  0.0979
   11630  0.0813
   11640  0.0762
   11650  0.0758
   11660  0.0755
   11670  0.0762
   11680  0.0779
   11690  0.0752
   11700  0.0752
   11710  0.0747
   11720  0.0746
   11730  0.0741
   11740  0.0802
   11750  0.0811
   11760  0.0804
   11770  0.0779
   11780  0.0737
   11790  0.0765
   11800  0.0834
   11810  0.0886
   11820  0.0923
   11830  0.0740
   11840  0.0789
   11850  0.0747
   11860  0.0813
   11870  0.0756
   11880  0.0718
   11890  0.0732
   11900  0.0733
   11910  0.0607
   11920  0.0607
   11930  0.0612
   11940  0.0649
   11950  0.0848
   11960  0.0996
   11970  0.1094
   11980  0.1079
   11990  0.0824
   12000  0.0646
   12010  0.0628
   12020  0.0631
   12030  0.0619
   12040  0.0599
   12050  0.0597
   12060  0.0596
   12070  0.0594
   12080  0.0592
   12090  0.0592
   12100  0.0591
   12110  0.0593
   12120  0.0595
   12130  0.0598
   12140  0.0623
   12150  0.0643
   12160  0.0629
   12170  0.0714
   12180  0.0918
   12190  0.0837
   12200  0.0887
   12210  0.1089
   12220  0.1017
   12230  0.0758
   12240  0.0710
   12250  0.0722
   12260  0.0712
   12270  0.0656
   12280  0.0604
   12290  0.0608
   12300  0.0615
   12310  0.0613
   12320  0.0598
   12330  0.0588
   12340  0.0624
   12350  0.0721
   12360  0.0660
   12370  0.0711
   12380  0.0772
   12390  0.0643
   12400  0.0646
   12410  0.0608
   12420  0.0583
   12430  0.0575
   12440  0.0574
   12450  0.0576
   12460  0.0574
   12470  0.0571
   12480  0.0593
   12490  0.0596
   12500  0.0580
   12510  0.0611
   12520  0.0644
   12530  0.0600
   12540  0.0581
   12550  0.0640
   12560  0.0726
   12570  0.0630
   12580  0.0704
   12590  0.0808
   12600  0.0770
   12610  0.0768
   12620  0.0947
   12630  0.0791
   12640  0.0620
   12650  0.0585
   12660  0.0637
   12670  0.0668
   12680  0.0594
   12690  0.0647
   12700  0.0684
   12710  0.0857
   12720  0.0997
   12730  0.0999
   12740  0.0918
   12750  0.0988
   12760  0.0945
   12770  0.0902
   12780  0.0812
   12790  0.0659
   12800  0.0552
   12810  0.0559
   12820  0.0591
   12830  0.0580
   12840  0.0554
   12850  0.0556
   12860  0.0552
   12870  0.0553
   12880  0.0551
   12890  0.0552
   12900  0.0635
   12910  0.0855
   12920  0.0988
   12930  0.0830
   12940  0.0816
   12950  0.0782
   12960  0.0679
   12970  0.0634
   12980  0.0582
   12990  0.0565
   13000  0.0693
   13010  0.0735
   13020  0.0611
   13030  0.0577
   13040  0.0632
   13050  0.0636
   13060  0.0617
   13070  0.0650
   13080  0.0742
   13090  0.0708
   13100  0.0569
   13110  0.0631
   13120  0.0656
   13130  0.0605
   13140  0.0560
   13150  0.0568
   13160  0.0644
   13170  0.0832
   13180  0.0857
   13190  0.0718
   13200  0.0646
   13210  0.0616
   13220  0.0612
   13230  0.0653
   13240  0.0695
   13250  0.0690
   13260  0.0622
   13270  0.0819
   13280  0.0735
   13290  0.0635
   13300  0.0574
   13310  0.0543
   13320  0.0541
   13330  0.0539
   13340  0.0522
   13350  0.0000
   13360  0.0000
   13370  0.0000
   13380  0.0000
   13390  0.0000
   13400  0.0000
   13410  0.0000
   13420  0.0000
   13430  0.0000
   13440  0.0000
   13450  0.0000
   13460  0.0000
   13470  0.0000
   13480  0.0000
   13490  0.0000
   13500  0.0000
   13510  0.0000
   13520  0.0000
   13530  0.0000
   13540  0.0000
   13550  0.0000
   13560  0.0000
   13570  0.0000
   13580  0.0000
   13590  0.0000
   13600  0.0000
   13610  0.0000
   13620  0.0000
   13630  0.0000
   13640  0.0000
   13650  0.0000
   13660  0.0000
   13670  0.0000
   13680  0.0000
   13690  0.0000
   13700  0.0000
   13710  0.0000
   13720  0.0000
   13730  0.0000
   13740  0.0000
   13750  0.0000
   13760  0.0000
   13770  0.0000
   13780  0.0000
   13790  0.0000
   13800  0.0000
   13810  0.0000
   13820  0.0000
   13830  0.0000
   13840  0.0000
   13850  0.0000
   13860  0.0000
   13870  0.0000
   13880  0.0000
   13890  0.0000
   13900  0.0000
   13910  0.0000
   13920  0.0000
   13930  0.0000
   13940  0.0000
   13950  0.0000
   13960  0.0000
   13970  0.0000
   13980  0.0000
   13990  0.0000
   14000  0.0000
   14010  0.0000
   14020  0.0000
   14030  0.0000
   14040  0.0000
   14050  0.0000
   14060  0.0000
   14070  0.0000
   14080  0.0000
   14090  0.0000
   14100  0.0000
   14110  0.0000
   14120  0.0000
   14130  0.0000
   14140  0.0000
   14150  0.0000
   14160  0.0000
   14170  0.0000
   14180  0.0000
   14190  0.0000
   14200  0.0000
   14210  0.0000
   14220  0.0000
   14230  0.0000
   14240  0.0000
   14250  0.0000
   14260  0.0000
   14270  0.0000
   14280  0.0000
   14290  0.0000
   14300  0.0000
   14310  0.0000
   14320  0.0000
   14330  0.0000
   14340  0.0000
   14350  0.0000
   14360  0.0000
   14370  0.0000
   14380  0.0000
   14390  0.0000
   14400  0.0000
   14410  0.0000
   14420  0.0000
   14430  0.0000
   14440  0.0000
   14450  0.0000
   14460  0.0000
   14470  0.0000
   14480  0.0000
   14490  0.0000
   14500  0.0000
   14510  0.0000
   14520  0.0000
   14530  0.0000
   14540  0.0000
   14550  0.0000
   14560  0.0000
   14570  0.0000
   14580  0.0000
   14590  0.0000
   14600  0.0000
   14610  0.0000
   14620  0.0000
   14630  0.0000
   14640  0.0000
   14650  0.0000
   14660  0.0000
   14670  0.0000
   14680  0.0000
   14690  0.0000
   14700  0.0000
   14710  0.0000
   14720  0.0000
   14730  0.0000
   14740  0.0000
   14750  0.0000
   14760  0.0000
   14770  0.0000
   14780  0.0000
   14790  0.0000
   14800  0.0000
   14810  0.0000
   14820  0.0000
   14830  0.0000
   14840  0.0000
   14850  0.0000
   14860  0.0000
   14870  0.0000
   14880  0.0000
   14890  0.0000
   14900  0.0000
   14910  0.0000
   14920  0.0000
   14930  0.0000
   14940  0.0000
   14950  0.0000
   14960  0.0000
   14970  0.0000
   14980  0.0000
   14990  0.0000
   15000  0.0000
