       0  0.0000
      10  0.0000
      20  0.0000
      30  0.0000
      40  0.0000
      50  0.0000
      60  0.0000
      70  0.0000
      80  0.0000
      90  0.0000
     100  0.0000
     110  0.0000
     120  0.0000
     130  0.0000
     140  0.0000
     150  0.0000
     160  0.0000
     170  0.0000
     180  0.0000
     190  0.0000
     200  0.0000
     210  0.0000
     220  0.0000
     230  0.0000
     240  0.0000
     250  0.0000
     260  0.0000
     270  0.0000
     280  0.0000
     290  0.0000
     300  0.0000
     310  0.0000
     320  0.0000
     330  0.0000
     340  0.0000
     350  0.0000
     360  0.0000
     370  0.0000
     380  0.0000
     390  0.0000
     400  0.0000
     410  0.0000
     420  0.0000
     430  0.0000
     440  0.0000
     450  0.0000
     460  0.0000
     470  0.0000
     480  0.0000
     490  0.0000
     500  0.0000
     510  0.0000
     520  0.0000
     530  0.0000
     540  0.0000
     550  0.0000
     560  0.0000
     570  0.0000
     580  0.0000
     590  0.0000
     600  0.0000
     610  0.0000
     620  0.0000
     630  0.0000
     640  0.0000
     650  0.0000
     660  0.0000
     670  0.0000
     680  0.0000
     690  0.0000
     700  0.0000
     710  0.0000
     720  0.0000
     730  0.0000
     740  0.0000
     750  0.0000
     760  0.0000
     770  0.0000
     780  0.0000
     790  0.0000
     800  0.0000
     810  0.0000
     820  0.0000
     830  0.0000
     840  0.0000
     850  0.0000
     860  0.0000
     870  0.0000
     880  0.0000
     890  0.0000
     900  0.0000
     910  0.0000
     920  0.0000
     930  0.0000
     940  0.0000
     950  0.0000
     960  0.0000
     970  0.0000
     980  0.0000
     990  0.0000
    1000  0.0000
    1010  0.0000
    1020  0.0000
    1030  0.0000
    1040  0.0000
    1050  0.0000
    1060  0.0000
    1070  0.0000
    1080  0.0000
    1090  0.0000
    1100  0.0000
    1110  0.0000
    1120  0.0000
    1130  0.0000
    1140  0.0000
    1150  0.0000
    1160  0.0000
    1170  0.0000
    1180  0.0000
    1190  0.0000
    1200  0.0000
    1210  0.0000
    1220  0.0000
    1230  0.0000
    1240  0.0000
    1250  0.0000
    1260  0.0000
    1270  0.0000
    1280  0.0000
    1290  0.0000
    1300  0.0000
    1310  0.0000
    1320  0.0000
    1330  0.0000
    1340  0.0000
    1350  0.0000
    1360  0.0000
    1370  0.0000
    1380  0.0000
    1390  0.0000
    1400  0.0000
    1410  0.0000
    1420  0.0763
    1430  0.0699
    1440  0.0636
    1450  0.0605
    1460  0.0696
    1470  0.0787
    1480  0.0879
    1490  0.0950
    1500  0.1008
    1510  0.1065
    1520  0.1100
    1530  0.0836
    1540  0.0572
    1550  0.0310
    1560  0.0224
    1570  0.0323
    1580  0.0421
    1590  0.0519
    1600  0.0595
    1610  0.0670
    1620  0.0746
    1630  0.0742
    1640  0.0585
    1650  0.0427
    1660  0.0270
    1670  0.0258
    1680  0.0291
    1690  0.0324
    1700  0.0336
    1710  0.0261
    1720  0.0187
    1730  0.0112
    1740  0.0179
    1750  0.0334
    1760  0.0488
    1770  0.0630
    1780  0.0504
    1790  0.0377
    1800  0.0251
    1810  0.0182
    1820  0.0177
    1830  0.0172
    1840  0.0167
    1850  0.0192
    1860  0.0220
    1870  0.0248
    1880  0.0250
    1890  0.0198
    1900  0.0146
    1910  0.0095
    1920  0.0644
    1930  0.1393
    1940  0.2141
    1950  0.2776
    1960  0.2880
    1970  0.2984
    1980  0.3088
    1990  0.2678
    2000  0.1934
    2010  0.1191
    2020  0.0466
    2030  0.0345
    2040  0.0223
    2050  0.0102
    2060  0.0038
    2070  0.0042
    2080  0.0045
    2090  0.0049
    2100  0.0330
    2110  0.0647
    2120  0.0963
    2130  0.1272
    2140  0.1564
    2150  0.1857
    2160  0.2149
    2170  0.1792
    2180  0.1209
    2190  0.0626
    2200  0.0141
    2210  0.0144
    2220  0.0148
    2230  0.0151
    2240  0.0153
    2250  0.0153
    2260  0.0154
    2270  0.0153
    2280  0.0118
    2290  0.0083
    2300  0.0048
    2310  0.0031
    2320  0.0035
    2330  0.0039
    2340  0.0043
    2350  0.0092
    2360  0.0146
    2370  0.0201
    2380  0.0240
    2390  0.0245
    2400  0.0250
    2410  0.0255
    2420  0.0210
    2430  0.0148
    2440  0.0085
    2450  0.0035
    2460  0.0046
    2470  0.0058
    2480  0.0069
    2490  0.0079
    2500  0.0087
    2510  0.0096
    2520  0.0104
    2530  0.0107
    2540  0.0110
    2550  0.0113
    2560  0.0132
    2570  0.0172
    2580  0.0211
    2590  0.0251
    2600  0.0297
    2610  0.0343
    2620  0.0390
    2630  0.0392
    2640  0.0291
    2650  0.0191
    2660  0.0090
    2670  0.0051
    2680  0.0034
    2690  0.0017
    2700  0.0002
    2710  0.0002
    2720  0.0001
    2730  0.0001
    2740  0.0005
    2750  0.0011
    2760  0.0017
    2770  0.0024
    2780  0.0029
    2790  0.0034
    2800  0.0039
    2810  0.0345
    2820  0.1010
    2830  0.1674
    2840  0.2340
    2850  0.2443
    2860  0.2472
    2870  0.2502
    2880  0.2363
    2890  0.1857
    2900  0.1351
    2910  0.0844
    2920  0.0767
    2930  0.0836
    2940  0.0906
    2950  0.0924
    2960  0.0707
    2970  0.0491
    2980  0.0274
    2990  0.0177
    3000  0.0157
    3010  0.0138
    3020  0.0119
    3030  0.0124
    3040  0.0130
    3050  0.0135
    3060  0.0126
    3070  0.0099
    3080  0.0072
    3090  0.0046
    3100  0.0055
    3110  0.0068
    3120  0.0081
    3130  0.0236
    3140  0.0684
    3150  0.1132
    3160  0.1581
    3170  0.1462
    3180  0.1162
    3190  0.0860
    3200  0.0612
    3210  0.0593
    3220  0.0574
    3230  0.0555
    3240  0.0647
    3250  0.0807
    3260  0.0966
    3270  0.1108
    3280  0.0927
    3290  0.0747
    3300  0.0567
    3310  0.0464
    3320  0.0445
    3330  0.0426
    3340  0.0406
    3350  0.0382
    3360  0.0357
    3370  0.0332
    3380  0.0365
    3390  0.0508
    3400  0.0650
    3410  0.0793
    3420  0.0689
    3430  0.0515
    3440  0.0339
    3450  0.0216
    3460  0.0290
    3470  0.0365
    3480  0.0440
    3490  0.0424
    3500  0.0358
    3510  0.0292
    3520  0.0230
    3530  0.0226
    3540  0.0223
    3550  0.0219
    3560  0.0208
    3570  0.0191
    3580  0.0173
    3590  0.0155
    3600  0.0118
    3610  0.0079
    3620  0.0041
    3630  0.0017
    3640  0.0019
    3650  0.0021
    3660  0.0023
    3670  0.0028
    3680  0.0035
    3690  0.0041
    3700  0.0081
    3710  0.0233
    3720  0.0385
    3730  0.0537
    3740  0.0586
    3750  0.0581
    3760  0.0577
    3770  0.0571
    3780  0.0551
    3790  0.0531
    3800  0.0511
    3810  0.0433
    3820  0.0302
    3830  0.0171
    3840  0.0041
    3850  0.0057
    3860  0.0079
    3870  0.0101
    3880  0.0134
    3890  0.0185
    3900  0.0236
    3910  0.0287
    3920  0.0427
    3930  0.0586
    3940  0.0745
    3950  0.0871
    3960  0.0904
    3970  0.0937
    3980  0.0970
    3990  0.1134
    4000  0.1356
    4010  0.1578
    4020  0.1798
    4030  0.1995
    4040  0.2194
    4050  0.2392
    4060  0.2452
    4070  0.2403
    4080  0.2355
    4090  0.2306
    4100  0.2353
    4110  0.2400
    4120  0.2447
    4130  0.2460
    4140  0.2428
    4150  0.2396
    4160  0.2364
    4170  0.2308
    4180  0.2249
    4190  0.2189
    4200  0.2007
    4210  0.1532
    4220  0.1057
    4230  0.0581
    4240  0.0456
    4250  0.0460
    4260  0.0464
    4270  0.0466
    4280  0.0455
    4290  0.0445
    4300  0.0434
    4310  0.0521
    4320  0.0673
    4330  0.0825
    4340  0.0967
    4350  0.0799
    4360  0.0629
    4370  0.0460
    4380  0.0419
    4390  0.0525
    4400  0.0630
    4410  0.0734
    4420  0.0853
    4430  0.0974
    4440  0.1095
    4450  0.1104
    4460  0.0891
    4470  0.0677
    4480  0.0463
    4490  0.0386
    4500  0.0350
    4510  0.0314
    4520  0.0279
    4530  0.0244
    4540  0.0210
    4550  0.0175
    4560  0.0168
    4570  0.0176
    4580  0.0184
    4590  0.0192
    4600  0.0199
    4610  0.0206
    4620  0.0212
    4630  0.0199
    4640  0.0165
    4650  0.0132
    4660  0.0099
    4670  0.0222
    4680  0.0355
    4690  0.0487
    4700  0.0528
    4710  0.0420
    4720  0.0312
    4730  0.0204
    4740  0.0145
    4750  0.0097
    4760  0.0049
    4770  0.0014
    4780  0.0020
    4790  0.0025
    4800  0.0031
    4810  0.0036
    4820  0.0041
    4830  0.0046
    4840  0.0050
    4850  0.0052
    4860  0.0054
    4870  0.0056
    4880  0.0058
    4890  0.0058
    4900  0.0059
    4910  0.0059
    4920  0.0070
    4930  0.0081
    4940  0.0092
    4950  0.0258
    4960  0.0630
    4970  0.1002
    4980  0.1373
    4990  0.1503
    5000  0.1596
    5010  0.1689
    5020  0.1618
    5030  0.1172
    5040  0.0726
    5050  0.0281
    5060  0.0141
    5070  0.0106
    5080  0.0071
    5090  0.0042
    5100  0.0037
    5110  0.0033
    5120  0.0028
    5130  0.0122
    5140  0.0278
    5150  0.0433
    5160  0.0594
    5170  0.0847
    5180  0.1100
    5190  0.1353
    5200  0.1336
    5210  0.1038
    5220  0.0740
    5230  0.0442
    5240  0.0323
    5250  0.0218
    5260  0.0114
    5270  0.0068
    5280  0.0124
    5290  0.0181
    5300  0.0238
    5310  0.0398
    5320  0.0583
    5330  0.0768
    5340  0.0872
    5350  0.0713
    5360  0.0554
    5370  0.0395
    5380  0.0305
    5390  0.0248
    5400  0.0191
    5410  0.0138
    5420  0.0122
    5430  0.0105
    5440  0.0089
    5450  0.0070
    5460  0.0050
    5470  0.0029
    5480  0.0009
    5490  0.0548
    5500  0.1094
    5510  0.1640
    5520  0.1944
    5530  0.1922
    5540  0.1899
    5550  0.1877
    5560  0.1872
    5570  0.1870
    5580  0.1868
    5590  0.1866
    5600  0.1864
    5610  0.1861
    5620  0.1859
    5630  0.1854
    5640  0.1848
    5650  0.1841
    5660  0.0435
    5670  0.0426
    5680  0.0416
    5690  0.0584
    5700  0.0863
    5710  0.1067
    5720  0.0646
    5730  0.0226
    5740  0.0064
    5750  0.0078
    5760  0.0119
    5770  0.0445
    5780  0.0772
    5790  0.0731
    5800  0.0421
    5810  0.0136
    5820  0.0161
    5830  0.0187
    5840  0.0200
    5850  0.0202
    5860  0.0202
    5870  0.0141
    5880  0.0080
    5890  0.0125
    5900  0.0261
    5910  0.0401
    5920  0.0640
    5930  0.0880
    5940  0.0900
    5950  0.0721
    5960  0.0542
    5970  0.0352
    5980  0.0162
    5990  0.0190
    6000  0.0432
    6010  0.0675
    6020  0.0459
    6030  0.0242
    6040  0.0144
    6050  0.0174
    6060  0.0204
    6070  0.0178
    6080  0.0150
    6090  0.0247
    6100  0.0485
    6110  0.0722
    6120  0.1043
    6130  0.1367
    6140  0.1416
    6150  0.1126
    6160  0.0836
    6170  0.1017
    6180  0.1229
    6190  0.1123
    6200  0.0594
    6210  0.0065
    6220  0.0019
    6230  0.0014
    6240  0.0014
    6250  0.0022
    6260  0.0030
    6270  0.0137
    6280  0.0254
    6290  0.0315
    6300  0.0286
    6310  0.0257
    6320  0.0257
    6330  0.0262
    6340  0.0236
    6350  0.0161
    6360  0.0086
    6370  0.0061
    6380  0.0043
    6390  0.0053
    6400  0.0114
    6410  0.0175
    6420  0.0442
    6430  0.0748
    6440  0.0839
    6450  0.0510
    6460  0.0181
    6470  0.0113
    6480  0.0101
    6490  0.0093
    6500  0.0095
    6510  0.0097
    6520  0.0104
    6530  0.0112
    6540  0.0123
    6550  0.0139
    6560  0.0156
    6570  0.0308
    6580  0.0497
    6590  0.0566
    6600  0.0327
    6610  0.0089
    6620  0.0046
    6630  0.0060
    6640  0.0068
    6650  0.0059
    6660  0.0050
    6670  0.0300
    6680  0.0635
    6690  0.0806
    6700  0.0466
    6710  0.0126
    6720  0.0053
    6730  0.0075
    6740  0.0130
    6750  0.0296
    6760  0.0462
    6770  0.0876
    6780  0.1390
    6790  0.1772
    6800  0.1646
    6810  0.1520
    6820  0.1526
    6830  0.1591
    6840  0.1539
    6850  0.0985
    6860  0.0430
    6870  0.0209
    6880  0.0148
    6890  0.0120
    6900  0.0259
    6910  0.0398
    6920  0.0407
    6930  0.0348
    6940  0.0282
    6950  0.0171
    6960  0.0060
    6970  0.0049
    6980  0.0096
    6990  0.0150
    7000  0.0255
    7010  0.0360
    7020  0.0387
    7030  0.0367
    7040  0.0337
    7050  0.0234
    7060  0.0131
    7070  0.0090
    7080  0.0090
    7090  0.0091
    7100  0.0104
    7110  0.0116
    7120  0.0107
    7130  0.0083
    7140  0.0059
    7150  0.0039
    7160  0.0019
    7170  0.0009
    7180  0.0006
    7190  0.0003
    7200  0.0009
    7210  0.0015
    7220  0.0019
    7230  0.0019
    7240  0.0020
    7250  0.0021
    7260  0.0022
    7270  0.0020
    7280  0.0017
    7290  0.0013
    7300  0.0012
    7310  0.0010
    7320  0.0086
    7330  0.0236
    7340  0.0385
    7350  0.0753
    7360  0.1120
    7370  0.1373
    7380  0.1506
    7390  0.1640
    7400  0.1660
    7410  0.1678
    7420  0.1375
    7430  0.0712
    7440  0.0050
    7450  0.0358
    7460  0.0703
    7470  0.1052
    7480  0.1406
    7490  0.1761
    7500  0.1236
    7510  0.0660
    7520  0.0279
    7530  0.0151
    7540  0.0024
    7550  0.0057
    7560  0.0103
    7570  0.0117
    7580  0.0087
    7590  0.0057
    7600  0.0106
    7610  0.0162
    7620  0.0276
    7630  0.0477
    7640  0.0677
    7650  0.0457
    7660  0.0185
    7670  0.0039
    7680  0.0101
    7690  0.0163
    7700  0.0123
    7710  0.0067
    7720  0.0033
    7730  0.0038
    7740  0.0042
    7750  0.0137
    7760  0.0248
    7770  0.0375
    7780  0.0535
    7790  0.0695
    7800  0.0730
    7810  0.0739
    7820  0.0655
    7830  0.0375
    7840  0.0000
    7850  0.0000
    7860  0.0000
    7870  0.0000
    7880  0.0000
    7890  0.0000
    7900  0.0000
    7910  0.0000
    7920  0.0000
    7930  0.0000
    7940  0.0000
    7950  0.0000
    7960  0.0000
    7970  0.0000
    7980  0.0000
    7990  0.0000
    8000  0.0000
    8010  0.0000
    8020  0.0000
    8030  0.0000
    8040  0.0000
    8050  0.0000
    8060  0.0000
    8070  0.0000
    8080  0.0000
    8090  0.0000
    8100  0.0000
    8110  0.0000
    8120  0.0000
    8130  0.0000
    8140  0.0000
    8150  0.0000
    8160  0.0000
    8170  0.0000
    8180  0.0000
    8190  0.0000
    8200  0.0000
    8210  0.0000
    8220  0.0000
    8230  0.0000
    8240  0.0000
    8250  0.0000
    8260  0.0000
    8270  0.0000
    8280  0.0000
    8290  0.0000
    8300  0.0000
    8310  0.0000
    8320  0.0000
    8330  0.0000
    8340  0.0000
    8350  0.0000
    8360  0.0000
    8370  0.0000
    8380  0.0000
    8390  0.0000
    8400  0.0000
    8410  0.0000
    8420  0.0000
    8430  0.0000
    8440  0.0000
    8450  0.0000
    8460  0.0000
    8470  0.0000
    8480  0.0000
    8490  0.0000
    8500  0.0000
    8510  0.0000
    8520  0.0000
    8530  0.0000
    8540  0.0000
    8550  0.0000
    8560  0.0000
    8570  0.0000
    8580  0.0000
    8590  0.0000
    8600  0.0000
    8610  0.0000
    8620  0.0000
    8630  0.0000
    8640  0.0000
    8650  0.0000
    8660  0.0000
    8670  0.0000
    8680  0.0000
    8690  0.0000
    8700  0.0000
    8710  0.0000
    8720  0.0000
    8730  0.0000
    8740  0.0000
    8750  0.0000
    8760  0.0000
    8770  0.0000
    8780  0.0000
    8790  0.0000
    8800  0.0000
    8810  0.0000
    8820  0.0000
    8830  0.0000
    8840  0.0000
    8850  0.0000
    8860  0.0000
    8870  0.0000
    8880  0.0000
    8890  0.0000
    8900  0.0000
    8910  0.0000
    8920  0.0000
    8930  0.0000
    8940  0.0000
    8950  0.0000
    8960  0.0000
    8970  0.0000
    8980  0.0000
    8990  0.0000
    9000  0.0000
    9010  0.0000
    9020  0.0000
    9030  0.0000
    9040  0.0000
    9050  0.0000
    9060  0.0000
    9070  0.0000
    9080  0.0000
    9090  0.0000
    9100  0.0000
    9110  0.0000
    9120  0.0000
    9130  0.0000
    9140  0.0000
    9150  0.0000
    9160  0.0000
    9170  0.0000
    9180  0.0000
    9190  0.0000
    9200  0.0000
    9210  0.0000
    9220  0.0000
    9230  0.0000
    9240  0.0000
    9250  0.0000
    9260  0.0000
    9270  0.0000
    9280  0.0000
    9290  0.0000
    9300  0.0000
    9310  0.0000
    9320  0.0000
    9330  0.0000
    9340  0.0000
    9350  0.0000
    9360  0.0000
    9370  0.0000
    9380  0.0000
    9390  0.0000
    9400  0.0000
    9410  0.0000
    9420  0.0000
    9430  0.0000
    9440  0.0000
    9450  0.0000
    9460  0.0000
    9470  0.0000
    9480  0.0000
    9490  0.0000
    9500  0.0000
    9510  0.0000
    9520  0.0000
    9530  0.0000
    9540  0.0000
    9550  0.0000
    9560  0.0000
    9570  0.0000
    9580  0.0614
    9590  0.0023
    9600  0.0051
    9610  0.0068
    9620  0.0030
    9630  0.0051
    9640  0.0043
    9650  0.0013
    9660  0.0017
    9670  0.0042
    9680  0.0078
    9690  0.0060
    9700  0.0261
    9710  0.0155
    9720  0.0056
    9730  0.0039
    9740  0.0092
    9750  0.0081
    9760  0.0039
    9770  0.0008
    9780  0.0017
    9790  0.0007
    9800  0.0086
    9810  0.0597
    9820  0.0089
    9830  0.0056
    9840  0.0153
    9850  0.0119
    9860  0.0168
    9870  0.0345
    9880  0.0725
    9890  0.0506
    9900  0.0066
    9910  0.0067
    9920  0.0094
    9930  0.0085
    9940  0.0107
    9950  0.0132
    9960  0.0072
    9970  0.0848
    9980  0.0959
    9990  0.0943
   10000  0.0684
   10010  0.0733
   10020  0.0601
   10030  0.0187
   10040  0.0117
   10050  0.0041
   10060  0.0138
   10070  0.0201
   10080  0.0322
   10090  0.0254
   10100  0.0068
   10110  0.0244
   10120  0.0551
   10130  0.0879
   10140  0.0883
   10150  0.0778
   10160  0.0360
   10170  0.0064
   10180  0.0033
   10190  0.0637
   10200  0.0509
   10210  0.0262
   10220  0.0566
   10230  0.0558
   10240  0.0282
   10250  0.0305
   10260  0.0182
   10270  0.0157
   10280  0.0152
   10290  0.0223
   10300  0.0027
   10310  0.0170
   10320  0.0221
   10330  0.0176
   10340  0.0292
   10350  0.0230
   10360  0.0082
   10370  0.0202
   10380  0.0455
   10390  0.0500
   10400  0.0323
   10410  0.0722
   10420  0.0302
   10430  0.0053
   10440  0.0019
   10450  0.0013
   10460  0.0000
   10470  0.0000
   10480  0.0000
   10490  0.0000
   10500  0.0000
   10510  0.0000
   10520  0.0000
   10530  0.0000
   10540  0.0000
   10550  0.0000
   10560  0.0000
   10570  0.0000
   10580  0.0000
   10590  0.0000
   10600  0.0000
   10610  0.0000
   10620  0.0000
   10630  0.0000
   10640  0.0000
   10650  0.0000
   10660  0.0000
   10670  0.0000
   10680  0.0000
   10690  0.0000
   10700  0.0000
   10710  0.0000
   10720  0.0000
   10730  0.0000
   10740  0.0000
   10750  0.0000
   10760  0.0000
   10770  0.0000
   10780  0.0000
   10790  0.0000
   10800  0.0000
   10810  0.0000
   10820  0.0000
   10830  0.0000
   10840  0.0000
   10850  0.0000
   10860  0.0000
   10870  0.0000
   10880  0.0000
   10890  0.0000
   10900  0.0000
   10910  0.0000
   10920  0.0000
   10930  0.0000
   10940  0.0000
   10950  0.0000
   10960  0.0000
   10970  0.0000
   10980  0.0000
   10990  0.0000
   11000  0.0000
   11010  0.0000
   11020  0.0000
   11030  0.0000
   11040  0.0000
   11050  0.0000
   11060  0.0000
   11070  0.0000
   11080  0.0000
   11090  0.0000
   11100  0.0000
   11110  0.0000
   11120  0.0000
   11130  0.0000
   11140  0.0000
   11150  0.0000
   11160  0.0000
   11170  0.0000
   11180  0.0000
   11190  0.0000
   11200  0.0000
   11210  0.0000
   11220  0.0000
   11230  0.0000
   11240  0.0000
   11250  0.0000
   11260  0.0000
   11270  0.0000
   11280  0.0000
   11290  0.0000
   11300  0.0000
   11310  0.0000
   11320  0.0000
   11330  0.0000
   11340  0.0000
   11350  0.0000
   11360  0.0000
   11370  0.0000
   11380  0.0000
   11390  0.0000
   11400  0.0000
   11410  0.0000
   11420  0.0000
   11430  0.0000
   11440  0.0000
   11450  0.0000
   11460  0.0000
   11470  0.0000
   11480  0.0000
   11490  0.0000
   11500  0.0000
   11510  0.0000
   11520  0.0000
   11530  0.0000
   11540  0.0000
   11550  0.0000
   11560  0.0000
   11570  0.0000
   11580  0.0000
   11590  0.0000
   11600  0.0000
   11610  0.0000
   11620  0.0000
   11630  0.0000
   11640  0.0000
   11650  0.0000
   11660  0.0000
   11670  0.0000
   11680  0.0000
   11690  0.0000
   11700  0.0000
   11710  0.0000
   11720  0.0000
   11730  0.0000
   11740  0.0000
   11750  0.0000
   11760  0.0000
   11770  0.0000
   11780  0.0000
   11790  0.0000
   11800  0.0000
   11810  0.0000
   11820  0.0000
   11830  0.0000
   11840  0.0000
   11850  0.0000
   11860  0.0000
   11870  0.0000
   11880  0.0000
   11890  0.0000
   11900  0.0000
   11910  0.0000
   11920  0.0000
   11930  0.0000
   11940  0.0000
   11950  0.0000
   11960  0.0000
   11970  0.0000
   11980  0.0000
   11990  0.0000
   12000  0.0000
   12010  0.0000
   12020  0.0000
   12030  0.0000
   12040  0.0000
   12050  0.0000
   12060  0.0000
   12070  0.0000
   12080  0.0000
   12090  0.0000
   12100  0.0000
   12110  0.0000
   12120  0.0000
   12130  0.0000
   12140  0.0000
   12150  0.0000
   12160  0.0000
   12170  0.0000
   12180  0.0000
   12190  0.0000
   12200  0.0000
   12210  0.0000
   12220  0.0000
   12230  0.0000
   12240  0.0000
   12250  0.0000
   12260  0.0000
   12270  0.0000
   12280  0.0000
   12290  0.0000
   12300  0.0000
   12310  0.0000
   12320  0.0000
   12330  0.0000
   12340  0.0000
   12350  0.0000
   12360  0.0000
   12370  0.0000
   12380  0.0000
   12390  0.0000
   12400  0.0000
   12410  0.0000
   12420  0.0000
   12430  0.0000
   12440  0.0000
   12450  0.0000
   12460  0.0000
   12470  0.0000
   12480  0.0000
   12490  0.0000
   12500  0.0000
   12510  0.0000
   12520  0.0000
   12530  0.0000
   12540  0.0000
   12550  0.0000
   12560  0.0000
   12570  0.0000
   12580  0.0000
   12590  0.0000
   12600  0.0000
   12610  0.0000
   12620  0.0000
   12630  0.0000
   12640  0.0000
   12650  0.0000
   12660  0.0000
   12670  0.0000
   12680  0.0000
   12690  0.0000
   12700  0.0000
   12710  0.0000
   12720  0.0000
   12730  0.0000
   12740  0.0000
   12750  0.0000
   12760  0.0000
   12770  0.0000
   12780  0.0000
   12790  0.0000
   12800  0.0000
   12810  0.0000
   12820  0.0000
   12830  0.0000
   12840  0.0000
   12850  0.0000
   12860  0.0000
   12870  0.0000
   12880  0.0000
   12890  0.0000
   12900  0.0000
   12910  0.0000
   12920  0.0000
   12930  0.0000
   12940  0.0000
   12950  0.0000
   12960  0.0000
   12970  0.0000
   12980  0.0000
   12990  0.0000
   13000  0.0000
   13010  0.0000
   13020  0.0000
   13030  0.0000
   13040  0.0000
   13050  0.0000
   13060  0.0000
   13070  0.0000
   13080  0.0000
   13090  0.0000
   13100  0.0000
   13110  0.0000
   13120  0.0000
   13130  0.0000
   13140  0.0000
   13150  0.0000
   13160  0.0000
   13170  0.0000
   13180  0.0000
   13190  0.0000
   13200  0.0000
   13210  0.0000
   13220  0.0000
   13230  0.0000
   13240  0.0000
   13250  0.0000
   13260  0.0000
   13270  0.0000
   13280  0.0000
   13290  0.0000
   13300  0.0000
   13310  0.0000
   13320  0.0000
   13330  0.0000
   13340  0.0000
   13350  0.0000
   13360  0.0000
   13370  0.0000
   13380  0.0000
   13390  0.0000
   13400  0.0000
   13410  0.0000
   13420  0.0000
   13430  0.0000
   13440  0.0000
   13450  0.0000
   13460  0.0000
   13470  0.0000
   13480  0.0000
   13490  0.0000
   13500  0.0000
   13510  0.0000
   13520  0.0000
   13530  0.0000
   13540  0.0000
   13550  0.0000
   13560  0.0000
   13570  0.0000
   13580  0.0000
   13590  0.0000
   13600  0.0000
   13610  0.0000
   13620  0.0000
   13630  0.0000
   13640  0.0000
   13650  0.0000
   13660  0.0000
   13670  0.0000
   13680  0.0000
   13690  0.0000
   13700  0.0000
   13710  0.0000
   13720  0.0000
   13730  0.0000
   13740  0.0000
   13750  0.0000
   13760  0.0000
   13770  0.0000
   13780  0.0000
   13790  0.0000
   13800  0.0000
   13810  0.0000
   13820  0.0000
   13830  0.0000
   13840  0.0000
   13850  0.0000
   13860  0.0000
   13870  0.0000
   13880  0.0000
   13890  0.0000
   13900  0.0000
   13910  0.0000
   13920  0.0000
   13930  0.0000
   13940  0.0000
   13950  0.0000
   13960  0.0000
   13970  0.0000
   13980  0.0000
   13990  0.0000
   14000  0.0000
   14010  0.0000
   14020  0.0000
   14030  0.0000
   14040  0.0000
   14050  0.0000
   14060  0.0000
   14070  0.0000
   14080  0.0000
   14090  0.0000
   14100  0.0000
   14110  0.0000
   14120  0.0000
   14130  0.0000
   14140  0.0000
   14150  0.0000
   14160  0.0000
   14170  0.0000
   14180  0.0000
   14190  0.0000
   14200  0.0000
   14210  0.0000
   14220  0.0000
   14230  0.0000
   14240  0.0000
   14250  0.0000
   14260  0.0000
   14270  0.0000
   14280  0.0000
   14290  0.0000
   14300  0.0000
   14310  0.0000
   14320  0.0000
   14330  0.0000
   14340  0.0000
   14350  0.0000
   14360  0.0000
   14370  0.0000
   14380  0.0000
   14390  0.0000
   14400  0.0000
   14410  0.0000
   14420  0.0000
   14430  0.0000
   14440  0.0000
   14450  0.0000
   14460  0.0000
   14470  0.0000
   14480  0.0000
   14490  0.0000
   14500  0.0000
   14510  0.0000
   14520  0.0000
   14530  0.0000
   14540  0.0000
   14550  0.0000
   14560  0.0000
   14570  0.0000
   14580  0.0000
   14590  0.0000
   14600  0.0000
   14610  0.0000
   14620  0.0000
   14630  0.0000
   14640  0.0000
   14650  0.0000
   14660  0.0000
   14670  0.0000
   14680  0.0000
   14690  0.0000
   14700  0.0000
   14710  0.0000
   14720  0.0000
   14730  0.0000
   14740  0.0000
   14750  0.0000
   14760  0.0000
   14770  0.0000
   14780  0.0000
   14790  0.0000
   14800  0.0000
   14810  0.0000
   14820  0.0000
   14830  0.0000
   14840  0.0000
   14850  0.0000
   14860  0.0000
   14870  0.0000
   14880  0.0000
   14890  0.0000
   14900  0.0000
   14910  0.0000
   14920  0.0000
   14930  0.0000
   14940  0.0000
   14950  0.0000
   14960  0.0000
   14970  0.0000
   14980  0.0000
   14990  0.0000
   15000  0.0000
