       0     0.3
      10     0.3
      20     0.3
      30     0.3
      40     0.3
      50     0.3
      60     0.3
      70     0.3
      80     0.3
      90     0.3
     100     0.3
     110     0.3
     120     0.3
     130     0.3
     140     0.3
     150     0.3
     160     0.3
     170     0.3
     180     0.3
     190     0.3
     200     0.3
     210     0.3
     220     0.3
     230     0.3
     240     0.3
     250     0.3
     260     0.3
     270     0.3
     280     0.3
     290     0.3
     300     0.3
     310     0.3
     320     0.3
     330     0.3
     340     0.3
     350     0.3
     360     0.3
     370     0.3
     380     0.3
     390     0.3
     400     0.3
     410     0.3
     420     0.3
     430     0.3
     440     0.3
     450     0.3
     460     0.3
     470     0.3
     480     0.3
     490     0.3
     500     0.3
     510     0.3
     520     0.3
     530     0.3
     540     0.3
     550     0.3
     560     0.3
     570     0.3
     580     0.3
     590     0.3
     600     0.3
     610     0.3
     620     0.3
     630     0.3
     640     0.3
     650     0.3
     660     0.3
     670     0.3
     680     0.3
     690     0.3
     700     0.3
     710     0.3
     720     0.3
     730     0.3
     740     0.3
     750     0.3
     760     0.3
     770     0.3
     780     0.3
     790     0.3
     800     0.3
     810     0.3
     820     0.3
     830     0.3
     840     0.3
     850     0.3
     860     0.3
     870     0.3
     880     0.3
     890     0.3
     900     0.3
     910     0.3
     920     0.3
     930     0.3
     940     0.3
     950     0.3
     960     0.3
     970     0.3
     980     0.3
     990     0.3
    1000     0.3
    1010     0.3
    1020     0.3
    1030     0.3
    1040     0.3
    1050     0.3
    1060     0.3
    1070     0.3
    1080     0.3
    1090     0.3
    1100     0.3
    1110     0.3
    1120     0.3
    1130     0.3
    1140     0.3
    1150     0.3
    1160     0.3
    1170     0.3
    1180     0.3
    1190     0.3
    1200     0.3
    1210     0.3
    1220     0.3
    1230     0.3
    1240     0.3
    1250     0.3
    1260     0.3
    1270     0.3
    1280     0.3
    1290     0.3
    1300     0.3
    1310     0.3
    1320     0.3
    1330     0.3
    1340     0.3
    1350     0.3
    1360     0.3
    1370     0.3
    1380     0.3
    1390     0.3
    1400     0.3
    1410     0.3
    1420     0.3
    1430     0.3
    1440     0.3
    1450     0.3
    1460     0.3
    1470     0.3
    1480     0.3
    1490     0.3
    1500     0.3
    1510     0.3
    1520     0.3
    1530     0.3
    1540     0.3
    1550     0.3
    1560     0.3
    1570     0.6
    1580     0.5
    1590     0.5
    1600     0.5
    1610     0.5
    1620     0.5
    1630     0.5
    1640     0.5
    1650     0.5
    1660     0.5
    1670     0.5
    1680     0.5
    1690     0.6
    1700     0.6
    1710     0.6
    1720     0.6
    1730     0.6
    1740     0.6
    1750     0.7
    1760     0.7
    1770     0.8
    1780     0.8
    1790     0.9
    1800     1.2
    1810     1.4
    1820     1.2
    1830     0.9
    1840     0.7
    1850     0.6
    1860     0.8
    1870     0.9
    1880     1.1
    1890     1.0
    1900     0.9
    1910     0.7
    1920     0.7
    1930     0.7
    1940     0.7
    1950     0.8
    1960     0.8
    1970     0.7
    1980     0.7
    1990     0.7
    2000     0.7
    2010     0.7
    2020     0.8
    2030     0.8
    2040     0.8
    2050     0.8
    2060     0.7
    2070     0.8
    2080     0.8
    2090     0.8
    2100     0.7
    2110     0.7
    2120     0.7
    2130     0.7
    2140     0.8
    2150     0.9
    2160     0.9
    2170     0.9
    2180     0.9
    2190     0.9
    2200     0.9
    2210     0.9
    2220     0.9
    2230     0.9
    2240     0.8
    2250     0.9
    2260     1.0
    2270     1.0
    2280     1.0
    2290     1.2
    2300     1.5
    2310     1.8
    2320     1.7
    2330     1.4
    2340     1.1
    2350     1.0
    2360     1.0
    2370     1.0
    2380     1.0
    2390     0.9
    2400     0.9
    2410     1.0
    2420     1.0
    2430     1.0
    2440     1.1
    2450     1.1
    2460     1.3
    2470     1.2
    2480     1.1
    2490     1.0
    2500     1.0
    2510     1.1
    2520     1.1
    2530     1.4
    2540     1.3
    2550     1.1
    2560     1.1
    2570     1.1
    2580     1.1
    2590     1.1
    2600     1.1
    2610     1.2
    2620     1.3
    2630     1.3
    2640     1.3
    2650     1.2
    2660     1.2
    2670     1.4
    2680     1.4
    2690     1.3
    2700     1.2
    2710     1.3
    2720     1.3
    2730     1.3
    2740     1.2
    2750     1.3
    2760     1.3
    2770     1.4
    2780     1.5
    2790     1.7
    2800     1.8
    2810     1.5
    2820     1.3
    2830     1.3
    2840     1.2
    2850     1.3
    2860     1.3
    2870     1.3
    2880     1.4
    2890     1.7
    2900     1.7
    2910     1.8
    2920     2.0
    2930     2.0
    2940    17.6
    2950    53.3
    2960    50.8
    2970    50.2
    2980    54.8
    2990    50.4
    3000    50.7
    3010    56.4
    3020    19.9
    3030     1.5
    3040     1.5
    3050     1.5
    3060     1.4
    3070     1.4
    3080     1.5
    3090     1.5
    3100     1.6
    3110     1.7
    3120     1.8
    3130     1.8
    3140     1.8
    3150     2.0
    3160     2.1
    3170     1.7
    3180     1.6
    3190     1.8
    3200     2.1
    3210     1.9
    3220     1.7
    3230     1.6
    3240     1.6
    3250     1.6
    3260     1.7
    3270     1.9
    3280     2.2
    3290     2.1
    3300     2.0
    3310     2.0
    3320     2.0
    3330     2.2
    3340     1.8
    3350     1.8
    3360     1.8
    3370     1.8
    3380     1.8
    3390     1.8
    3400     1.8
    3410     1.9
    3420     1.9
    3430     1.8
    3440     1.6
    3450     1.6
    3460     1.7
    3470     1.7
    3480     1.7
    3490     1.8
    3500     1.8
    3510     1.8
    3520     1.8
    3530     1.8
    3540     1.8
    3550     1.8
    3560     1.8
    3570     1.8
    3580     1.8
    3590     1.8
    3600     1.9
    3610     1.9
    3620     1.8
    3630     1.7
    3640     1.7
    3650     1.9
    3660     2.0
    3670     1.9
    3680     2.0
    3690     2.0
    3700     2.0
    3710     2.0
    3720     1.9
    3730     1.9
    3740     1.9
    3750     2.0
    3760     2.1
    3770     2.0
    3780     2.0
    3790     2.1
    3800     2.3
    3810     2.3
    3820     2.3
    3830     2.3
    3840     2.2
    3850     2.2
    3860     2.1
    3870     2.1
    3880     2.2
    3890     2.1
    3900     1.9
    3910     1.8
    3920     1.9
    3930     2.0
    3940     2.0
    3950     2.1
    3960     2.1
    3970     2.2
    3980     2.2
    3990     2.2
    4000     2.2
    4010     2.3
    4020     2.4
    4030     2.4
    4040     2.4
    4050     2.3
    4060     2.3
    4070     2.3
    4080     2.3
    4090     2.4
    4100     2.5
    4110     2.4
    4120     2.3
    4130     2.4
    4140     2.4
    4150     2.5
    4160     2.5
    4170     2.5
    4180     2.5
    4190     2.5
    4200     2.5
    4210     2.6
    4220     2.6
    4230     2.7
    4240     2.6
    4250     2.6
    4260     2.5
    4270     2.4
    4280     2.1
    4290     1.9
    4300     2.2
    4310     2.5
    4320     2.4
    4330     2.3
    4340     2.5
    4350     2.7
    4360     2.8
    4370     2.8
    4380     2.7
    4390     2.6
    4400     2.6
    4410     2.7
    4420     2.8
    4430     2.8
    4440     2.8
    4450     2.8
    4460     2.9
    4470     2.8
    4480     2.8
    4490     2.8
    4500     2.8
    4510    13.3
    4520    24.5
    4530    25.0
    4540    23.1
    4550    16.0
    4560     6.9
    4570     3.1
    4580     3.2
    4590     3.3
    4600     3.3
    4610     6.7
    4620    15.6
    4630    19.9
    4640    11.0
    4650     3.1
    4660     3.1
    4670     3.1
    4680     3.1
    4690     3.0
    4700     3.0
    4710     3.0
    4720     3.0
    4730     3.0
    4740     3.0
    4750     3.0
    4760     2.8
    4770     2.6
    4780     2.4
    4790     2.3
    4800     2.3
    4810     2.5
    4820     2.7
    4830     2.9
    4840     3.0
    4850     2.9
    4860     2.8
    4870     2.8
    4880     2.8
    4890     2.8
    4900     2.9
    4910     2.9
    4920     2.9
    4930     2.9
    4940     3.0
    4950     3.1
    4960     3.3
    4970     3.4
    4980     3.5
    4990     3.6
    5000     3.7
    5010     3.8
    5020     3.9
    5030     3.9
    5040     3.7
    5050     3.5
    5060     3.5
    5070     3.5
    5080     3.4
    5090     3.4
    5100     3.3
    5110     3.2
    5120     2.9
    5130     2.5
    5140     2.6
    5150     3.2
    5160     3.5
    5170     3.7
    5180     3.7
    5190     3.6
    5200     3.5
    5210     3.7
    5220     3.8
    5230     4.0
    5240     4.2
    5250     4.2
    5260     4.2
    5270     4.2
    5280     4.2
    5290     3.9
    5300     3.5
    5310     3.2
    5320     3.0
    5330     2.9
    5340     2.9
    5350     2.9
    5360     3.0
    5370     3.1
    5380     3.1
    5390     3.1
    5400     3.3
    5410     3.5
    5420     3.5
    5430     3.5
    5440     3.6
    5450     3.7
    5460     3.7
    5470     3.6
    5480     3.6
    5490     3.6
    5500     3.6
    5510     3.6
    5520     3.6
    5530     3.7
    5540     3.7
    5550     3.7
    5560     3.6
    5570     3.5
    5580     3.3
    5590     3.2
    5600     3.1
    5610     2.9
    5620     2.7
    5630     2.7
    5640     2.7
    5650     3.3
    5660     3.9
    5670     4.1
    5680     4.0
    5690     4.1
    5700     4.3
    5710     4.2
    5720     3.5
    5730     2.9
    5740     2.8
    5750     2.6
    5760     2.8
    5770     3.0
    5780     3.3
    5790     3.6
    5800     3.6
    5810     3.4
    5820     3.3
    5830     3.2
    5840     3.2
    5850     3.3
    5860    96.5
    5870     5.4
    5880     5.5
    5890     5.6
    5900     5.7
    5910     5.6
    5920     5.5
    5930     5.4
    5940     5.3
    5950     5.4
    5960     5.5
    5970     5.6
    5980     5.7
    5990     5.7
    6000     5.8
    6010   124.2
    6020   236.1
    6030   345.8
    6040   378.7
    6050   378.4
    6060   378.1
    6070   332.3
    6080   222.8
    6090   110.6
    6100     5.3
    6110     5.5
    6120     5.6
    6130     5.7
    6140     5.9
    6150     6.1
    6160     6.3
    6170     6.3
    6180     6.2
    6190     6.1
    6200     6.0
    6210     5.9
    6220     5.9
    6230     5.8
    6240     5.5
    6250     5.3
    6260     5.1
    6270     5.3
    6280     5.5
    6290     5.8
    6300     5.8
    6310     5.5
    6320     5.2
    6330     5.0
    6340     5.1
    6350     5.2
    6360     5.2
    6370     5.2
    6380     5.2
    6390     5.2
    6400     5.2
    6410     5.2
    6420     5.3
    6430     5.2
    6440     4.9
    6450     4.5
    6460     4.2
    6470     4.0
    6480     3.7
    6490     3.5
    6500     4.1
    6510     5.0
    6520     5.8
    6530     6.2
    6540     6.2
    6550     6.3
    6560     6.4
    6570     6.5
    6580     6.7
    6590     6.9
    6600     6.9
    6610     6.9
    6620     7.0
    6630     6.7
    6640     6.2
    6650     5.8
    6660     5.8
    6670     6.2
    6680     6.7
    6690     7.1
    6700     7.3
    6710     7.5
    6720     7.7
    6730     7.7
    6740     7.8
    6750     7.8
    6760     7.8
    6770     7.7
    6780     7.7
    6790     7.6
    6800     7.7
    6810     7.7
    6820     7.8
    6830     8.0
    6840     8.2
    6850     8.4
    6860     8.2
    6870     8.0
    6880     7.8
    6890     7.7
    6900     7.8
    6910     7.9
    6920     7.9
    6930     7.8
    6940     7.6
    6950     7.5
    6960     7.4
    6970     7.3
    6980     7.2
    6990     7.5
    7000     7.9
    7010     8.3
    7020     8.5
    7030     8.3
    7040     8.1
    7050     7.9
    7060     7.7
    7070     7.5
    7080     7.3
    7090     7.0
    7100     6.7
    7110     6.3
    7120     6.0
    7130     5.9
    7140     5.7
    7150     5.5
    7160     5.3
    7170     5.2
    7180     5.0
    7190     5.2
    7200     5.4
    7210     5.6
    7220     5.7
    7230     5.8
    7240     5.9
    7250     5.9
    7260     5.9
    7270     5.8
    7280     5.7
    7290     5.1
    7300     4.4
    7310     3.7
    7320     3.5
    7330     3.3
    7340     3.1
    7350     2.9
    7360     2.6
    7370     2.3
    7380    11.4
    7390    11.1
    7400    10.9
    7410    10.8
    7420    10.8
    7430    10.8
    7440    10.6
    7450    10.1
    7460     9.8
    7470     9.6
    7480     9.5
    7490     9.5
    7500     9.4
    7510     9.3
    7520     9.0
    7530     8.6
    7540     8.7
    7550     8.2
    7560     6.9
    7570     6.0
    7580     5.1
    7590     4.2
    7600     5.3
    7610     6.3
    7620     6.2
    7630     7.2
    7640     8.4
    7650     8.8
    7660     9.1
    7670     9.1
    7680     8.3
    7690     8.4
    7700     9.2
    7710     9.6
    7720     9.8
    7730     9.7
    7740     8.8
    7750     8.7
    7760     9.7
    7770     9.2
    7780     8.9
    7790     8.9
    7800     9.6
    7810    10.3
    7820    10.7
    7830    11.3
    7840    11.6
    7850    10.6
    7860     9.4
    7870     8.7
    7880    10.5
    7890    10.9
    7900    10.5
    7910     9.6
    7920     9.2
    7930     9.0
    7940     5.2
    7950     3.0
    7960     2.7
    7970     2.9
    7980     3.1
    7990     3.3
    8000     7.0
    8010     9.8
    8020     9.8
    8030     6.4
    8040     3.1
    8050     3.2
    8060     3.2
    8070     3.3
    8080     3.4
    8090     6.5
    8100    10.6
    8110     9.6
    8120     7.1
    8130     3.7
    8140     3.1
    8150     2.9
    8160     3.1
    8170     3.3
    8180     4.2
    8190     6.3
    8200     7.6
    8210     8.4
    8220     8.3
    8230     8.7
    8240     8.9
    8250     8.6
    8260     8.3
    8270     8.3
    8280     8.7
    8290     9.4
    8300    10.0
    8310     9.7
    8320     9.6
    8330     9.6
    8340     9.9
    8350    10.6
    8360    11.7
    8370    11.7
    8380    11.0
    8390     9.4
    8400    10.7
    8410    12.2
    8420    13.5
    8430    14.5
    8440    14.6
    8450    13.2
    8460    12.1
    8470    11.2
    8480    11.1
    8490    11.4
    8500    11.8
    8510    11.8
    8520    11.9
    8530    12.0
    8540    12.0
    8550    12.0
    8560    11.9
    8570    11.4
    8580    11.2
    8590    11.3
    8600    10.9
    8610    10.1
    8620     8.9
    8630     8.5
    8640     8.2
    8650     8.2
    8660    10.1
    8670    12.0
    8680    12.5
    8690    12.6
    8700    12.6
    8710    12.6
    8720    12.4
    8730    12.0
    8740    10.3
    8750     9.2
    8760     8.6
    8770     8.0
    8780     8.4
    8790     9.7
    8800    11.6
    8810    12.6
    8820    12.5
    8830    12.9
    8840    13.1
    8850    13.0
    8860    13.1
    8870    13.1
    8880    13.1
    8890    12.8
    8900    12.7
    8910    13.1
    8920    13.3
    8930    13.2
    8940    12.8
    8950    11.7
    8960    10.2
    8970     9.9
    8980     7.3
    8990     2.6
    9000     4.8
    9010     7.5
    9020    10.7
    9030    11.8
    9040    11.4
    9050     8.9
    9060     7.6
    9070     7.9
    9080    11.1
    9090    13.0
    9100    14.1
    9110    13.9
    9120    12.8
    9130    11.1
    9140     8.7
    9150     9.0
    9160    10.5
    9170     8.3
    9180     7.3
    9190     7.1
    9200     4.7
    9210    14.1
    9220    15.2
    9230    16.2
    9240    15.1
    9250    13.7
    9260    13.8
    9270    14.4
    9280    14.0
    9290    12.8
    9300    13.4
    9310    13.3
    9320    13.2
    9330    14.1
    9340    14.6
    9350    14.3
    9360    12.9
    9370    12.4
    9380    11.9
    9390    11.8
    9400    12.9
    9410    12.7
    9420    13.4
    9430    15.5
    9440    16.9
    9450    16.0
    9460    13.8
    9470    12.8
    9480    13.3
    9490    13.8
    9500    13.7
    9510    14.9
    9520    16.3
    9530    17.3
    9540    16.1
    9550     9.3
    9560     3.3
    9570     3.2
    9580     3.3
    9590     3.4
    9600     4.5
    9610    15.9
    9620    18.7
    9630    15.2
    9640     5.5
    9650     6.7
    9660     7.5
    9670     4.7
    9680     4.8
    9690     9.2
    9700    14.5
    9710    14.4
    9720    10.8
    9730     9.8
    9740    14.2
    9750    14.1
    9760    15.0
    9770    16.7
    9780    18.0
    9790    18.2
    9800    17.8
    9810    16.7
    9820    17.1
    9830    17.2
    9840    16.8
    9850    16.5
    9860    14.7
    9870    13.5
    9880    16.1
    9890    15.2
    9900    14.1
    9910    13.5
    9920    13.2
    9930    13.4
    9940    13.8
    9950    13.5
    9960    15.0
    9970    15.9
    9980    14.5
    9990    14.9
   10000    14.8
   10010    13.5
   10020     8.9
   10030     9.1
   10040    10.5
   10050     9.2
   10060     6.7
   10070     7.9
   10080    13.6
   10090    13.3
   10100    11.6
   10110    10.7
   10120    16.3
   10130    11.4
   10140     7.4
   10150    10.5
   10160    12.4
   10170    15.0
   10180    18.3
   10190    20.5
   10200    21.7
   10210    23.0
   10220    26.0
   10230    22.6
   10240    19.9
   10250    19.5
   10260    17.9
   10270    16.7
   10280    16.0
   10290    16.5
   10300    17.5
   10310    18.5
   10320    19.1
   10330    19.1
   10340    19.3
   10350    19.6
   10360    19.8
   10370    19.7
   10380    19.4
   10390    18.4
   10400    15.1
   10410    12.5
   10420    11.9
   10430    14.5
   10440    15.3
   10450    14.5
   10460    13.4
   10470     9.8
   10480     8.0
   10490    11.9
   10500    14.8
   10510    14.4
   10520    11.1
   10530    18.8
   10540    23.0
   10550    24.7
   10560    24.4
   10570    23.3
   10580    21.7
   10590    19.5
   10600    20.9
   10610    22.2
   10620    22.7
   10630    18.8
   10640    18.5
   10650    19.9
   10660    20.8
   10670    19.2
   10680    18.9
   10690    21.6
   10700    23.0
   10710    22.9
   10720    21.6
   10730    19.9
   10740    19.3
   10750    19.6
   10760    21.0
   10770    21.7
   10780    21.9
   10790    21.7
   10800    19.1
   10810    18.6
   10820    19.6
   10830    20.1
   10840    13.7
   10850     6.2
   10860     4.0
   10870     3.1
   10880     3.9
   10890     6.6
   10900    18.6
   10910    15.0
   10920    18.4
   10930    15.4
   10940     7.4
   10950     5.0
   10960    16.1
   10970    21.6
   10980    21.3
   10990    19.6
   11000    12.2
   11010     4.0
   11020     7.7
   11030    16.3
   11040    20.1
   11050    17.2
   11060    19.7
   11070     5.0
   11080     5.6
   11090    21.9
   11100    23.4
   11110    23.6
   11120    23.6
   11130    20.3
   11140     9.7
   11150     4.9
   11160     5.8
   11170    11.4
   11180    19.2
   11190    21.4
   11200    19.3
   11210    14.0
   11220    16.5
   11230    16.4
   11240    15.1
   11250    16.7
   11260    16.6
   11270    15.9
   11280    15.7
   11290    16.2
   11300    15.1
   11310    14.6
   11320    14.4
   11330    14.8
   11340    15.2
   11350    15.9
   11360    16.8
   11370    16.7
   11380    15.3
   11390    17.1
   11400    17.2
   11410    17.2
   11420    17.2
   11430    17.2
   11440    17.2
   11450    16.8
   11460    16.9
   11470    17.2
   11480    17.3
   11490    17.3
   11500    17.4
   11510    17.4
   11520    17.5
   11530    17.5
   11540    17.5
   11550    15.9
   11560    17.6
   11570    17.6
   11580    17.3
   11590    16.9
   11600    16.0
   11610    15.3
   11620    16.9
   11630    17.5
   11640    17.7
   11650    17.8
   11660    17.8
   11670    17.8
   11680    17.7
   11690    17.9
   11700    17.9
   11710    17.9
   11720    17.9
   11730    18.0
   11740    17.8
   11750    17.8
   11760    17.8
   11770    17.9
   11780    18.1
   11790    18.1
   11800    17.8
   11810    17.7
   11820    17.6
   11830    18.2
   11840    18.1
   11850    18.2
   11860    18.0
   11870    18.2
   11880    18.3
   11890    18.3
   11900    18.3
   11910    21.6
   11920    21.6
   11930    21.5
   11940    20.5
   11950    14.3
   11960     9.1
   11970     5.3
   11980     5.9
   11990    15.2
   12000    20.8
   12010    21.4
   12020    21.4
   12030    21.8
   12040    22.5
   12050    22.6
   12060    22.7
   12070    22.8
   12080    22.9
   12090    23.0
   12100    23.0
   12110    23.0
   12120    23.0
   12130    23.0
   12140    22.2
   12150    21.6
   12160    22.1
   12170    19.3
   12180    11.9
   12190    15.0
   12200    13.1
   12210     4.8
   12220     7.9
   12230    17.9
   12240    19.7
   12250    19.3
   12260    19.7
   12270    21.7
   12280    23.5
   12290    23.4
   12300    23.2
   12310    23.4
   12320    23.9
   12330    24.4
   12340    23.1
   12350    19.6
   12360    21.9
   12370    20.1
   12380    17.8
   12390    22.7
   12400    22.6
   12410    24.1
   12420    25.0
   12430    25.4
   12440    25.4
   12450    25.5
   12460    25.6
   12470    25.8
   12480    25.0
   12490    24.9
   12500    25.6
   12510    24.4
   12520    23.2
   12530    25.0
   12540    25.7
   12550    23.5
   12560    20.0
   12570    23.9
   12580    21.0
   12590    16.6
   12600    18.2
   12610    18.3
   12620    10.3
   12630    17.4
   12640    24.7
   12650    26.2
   12660    24.0
   12670    22.8
   12680    25.9
   12690    23.7
   12700    22.2
   12710    14.4
   12720     7.6
   12730     7.5
   12740    11.5
   12750     8.0
   12760    10.1
   12770    12.2
   12780    16.6
   12790    23.6
   12800    28.3
   12810    28.1
   12820    26.7
   12830    27.3
   12840    28.5
   12850    28.4
   12860    28.7
   12870    28.7
   12880    28.8
   12890    28.8
   12900    25.1
   12910    14.4
   12920     7.5
   12930    15.7
   12940    16.4
   12950    18.1
   12960    23.2
   12970    25.4
   12980    27.9
   12990    28.7
   13000    22.6
   13010    20.6
   13020    26.7
   13030    28.3
   13040    25.7
   13050    25.6
   13060    26.5
   13070    24.9
   13080    20.3
   13090    22.1
   13100    29.1
   13110    26.0
   13120    24.8
   13130    27.4
   13140    29.7
   13150    29.3
   13160    25.5
   13170    15.5
   13180    14.1
   13190    21.7
   13200    25.5
   13210    27.1
   13220    27.4
   13230    25.2
   13240    23.0
   13250    23.3
   13260    27.0
   13270    16.2
   13280    20.9
   13290    26.4
   13300    29.7
   13310    31.4
   13320    31.5
   13330    31.7
   13340    32.6
   13350   100.0
   13360   100.0
   13370   100.0
   13380   100.0
   13390   100.0
   13400   100.0
   13410   100.0
   13420   100.0
   13430   100.0
   13440   100.0
   13450   100.0
   13460   100.0
   13470   100.0
   13480   100.0
   13490   100.0
   13500   100.0
   13510   100.0
   13520   100.0
   13530   100.0
   13540   100.0
   13550   100.0
   13560   100.0
   13570   100.0
   13580   100.0
   13590   100.0
   13600   100.0
   13610   100.0
   13620   100.0
   13630   100.0
   13640   100.0
   13650   100.0
   13660   100.0
   13670   100.0
   13680   100.0
   13690   100.0
   13700   100.0
   13710   100.0
   13720   100.0
   13730   100.0
   13740   100.0
   13750   100.0
   13760   100.0
   13770   100.0
   13780   100.0
   13790   100.0
   13800   100.0
   13810   100.0
   13820   100.0
   13830   100.0
   13840   100.0
   13850   100.0
   13860   100.0
   13870   100.0
   13880   100.0
   13890   100.0
   13900   100.0
   13910   100.0
   13920   100.0
   13930   100.0
   13940   100.0
   13950   100.0
   13960   100.0
   13970   100.0
   13980   100.0
   13990   100.0
   14000   100.0
   14010   100.0
   14020   100.0
   14030   100.0
   14040   100.0
   14050   100.0
   14060   100.0
   14070   100.0
   14080   100.0
   14090   100.0
   14100   100.0
   14110   100.0
   14120   100.0
   14130   100.0
   14140   100.0
   14150   100.0
   14160   100.0
   14170   100.0
   14180   100.0
   14190   100.0
   14200   100.0
   14210   100.0
   14220   100.0
   14230   100.0
   14240   100.0
   14250   100.0
   14260   100.0
   14270   100.0
   14280   100.0
   14290   100.0
   14300   100.0
   14310   100.0
   14320   100.0
   14330   100.0
   14340   100.0
   14350   100.0
   14360   100.0
   14370   100.0
   14380   100.0
   14390   100.0
   14400   100.0
   14410   100.0
   14420   100.0
   14430   100.0
   14440   100.0
   14450   100.0
   14460   100.0
   14470   100.0
   14480   100.0
   14490   100.0
   14500   100.0
   14510   100.0
   14520   100.0
   14530   100.0
   14540   100.0
   14550   100.0
   14560   100.0
   14570   100.0
   14580   100.0
   14590   100.0
   14600   100.0
   14610   100.0
   14620   100.0
   14630   100.0
   14640   100.0
   14650   100.0
   14660   100.0
   14670   100.0
   14680   100.0
   14690   100.0
   14700   100.0
   14710   100.0
   14720   100.0
   14730   100.0
   14740   100.0
   14750   100.0
   14760   100.0
   14770   100.0
   14780   100.0
   14790   100.0
   14800   100.0
   14810   100.0
   14820   100.0
   14830   100.0
   14840   100.0
   14850   100.0
   14860    20.0
   14870    20.0
   14880    20.0
   14890    20.0
   14900    20.0
   14910    20.0
   14920    20.0
   14930    20.0
   14940    20.0
   14950    20.0
   14960    20.0
   14970    20.0
   14980    20.0
   14990    20.0
   15000    20.0
