       0     0.3
      10     0.3
      20     0.3
      30     0.3
      40     0.3
      50     0.3
      60     0.3
      70     0.3
      80     0.3
      90     0.3
     100     0.3
     110     0.3
     120     0.3
     130     0.3
     140     0.3
     150     0.3
     160     0.3
     170     0.3
     180     0.3
     190     0.3
     200     0.3
     210     0.3
     220     0.3
     230     0.3
     240     0.3
     250     0.3
     260     0.3
     270     0.3
     280     0.3
     290     0.3
     300     0.3
     310     0.3
     320     0.3
     330     0.3
     340     0.3
     350     0.3
     360     0.3
     370     0.3
     380     0.3
     390     0.3
     400     0.3
     410     0.3
     420     0.3
     430     0.3
     440     0.3
     450     0.3
     460     0.3
     470     0.3
     480     0.3
     490     0.3
     500     0.3
     510     0.3
     520     0.3
     530     0.3
     540     0.3
     550     0.3
     560     0.3
     570     0.3
     580     0.3
     590     0.3
     600     0.3
     610     0.3
     620     0.3
     630     0.3
     640     0.3
     650     0.3
     660     0.3
     670     0.3
     680     0.3
     690     0.3
     700     0.3
     710     0.3
     720     0.3
     730     0.3
     740     0.3
     750     0.3
     760     0.3
     770     0.3
     780     0.3
     790     0.3
     800     0.3
     810     0.3
     820     0.3
     830     0.3
     840     0.3
     850     0.3
     860     0.3
     870     0.3
     880     0.3
     890     0.3
     900     0.3
     910     0.3
     920     0.3
     930     0.3
     940     0.3
     950     0.3
     960     0.3
     970     0.3
     980     0.3
     990     0.3
    1000     0.3
    1010     0.3
    1020     0.3
    1030     0.3
    1040     0.3
    1050     0.3
    1060     0.3
    1070     0.3
    1080     0.3
    1090     0.3
    1100     0.3
    1110     0.3
    1120     0.3
    1130     0.3
    1140     0.3
    1150     0.3
    1160     0.3
    1170     0.3
    1180     0.3
    1190     0.3
    1200     0.3
    1210     0.3
    1220     0.3
    1230     0.3
    1240     0.3
    1250     0.3
    1260     0.3
    1270     0.3
    1280     0.3
    1290     0.3
    1300     0.3
    1310     0.3
    1320     0.3
    1330     0.3
    1340     0.3
    1350     0.3
    1360     0.3
    1370     0.3
    1380     0.3
    1390     0.3
    1400     0.3
    1410     0.3
    1420     0.6
    1430     0.6
    1440     0.6
    1450     0.6
    1460     0.6
    1470     0.7
    1480     0.7
    1490     0.7
    1500     0.7
    1510     0.7
    1520     0.8
    1530     0.7
    1540     0.6
    1550     0.6
    1560     0.6
    1570     0.6
    1580     0.6
    1590     0.7
    1600     0.7
    1610     0.7
    1620     0.7
    1630     0.7
    1640     0.7
    1650     0.7
    1660     0.6
    1670     0.6
    1680     0.6
    1690     0.7
    1700     0.7
    1710     0.7
    1720     0.6
    1730     0.6
    1740     0.7
    1750     0.7
    1760     0.7
    1770     0.8
    1780     0.8
    1790     0.7
    1800     0.7
    1810     0.7
    1820     0.7
    1830     0.7
    1840     0.7
    1850     0.7
    1860     0.8
    1870     0.8
    1880     0.8
    1890     0.8
    1900     0.8
    1910     0.8
    1920     0.9
    1930     1.1
    1940     1.3
    1950     1.5
    1960     1.6
    1970     1.6
    1980     1.7
    1990     1.6
    2000     1.3
    2010     1.1
    2020     0.9
    2030     0.9
    2040     0.9
    2050     0.8
    2060     0.8
    2070     0.8
    2080     0.9
    2090     0.9
    2100     0.9
    2110     1.0
    2120     1.1
    2130     1.2
    2140     1.2
    2150     1.3
    2160     1.4
    2170     1.3
    2180     1.2
    2190     1.1
    2200     0.9
    2210     1.0
    2220     1.0
    2230     1.0
    2240     1.0
    2250     1.0
    2260     1.0
    2270     1.0
    2280     1.0
    2290     1.0
    2300     1.0
    2310     1.0
    2320     1.0
    2330     1.0
    2340     1.0
    2350     1.0
    2360     1.0
    2370     1.1
    2380     1.1
    2390     1.1
    2400     1.1
    2410     1.1
    2420     1.1
    2430     1.1
    2440     1.1
    2450     1.1
    2460     1.1
    2470     1.1
    2480     1.1
    2490     1.1
    2500     1.1
    2510     1.1
    2520     1.2
    2530     1.2
    2540     1.2
    2550     1.2
    2560     1.2
    2570     1.2
    2580     1.2
    2590     1.2
    2600     1.2
    2610     1.3
    2620     1.3
    2630     1.3
    2640     1.3
    2650     1.2
    2660     1.2
    2670     1.2
    2680     1.2
    2690     1.2
    2700     1.2
    2710     1.2
    2720     1.2
    2730     1.2
    2740     1.2
    2750     1.2
    2760     1.3
    2770     1.3
    2780     1.3
    2790     1.3
    2800     1.3
    2810     8.4
    2820    24.0
    2830    39.6
    2840    55.2
    2850    57.6
    2860    58.4
    2870    59.1
    2880    54.5
    2890    38.2
    2900    22.0
    2910     5.7
    2920     1.5
    2930     1.6
    2940     1.6
    2950     1.6
    2960     1.6
    2970     1.6
    2980     1.5
    2990     1.5
    3000     1.5
    3010     1.5
    3020     1.5
    3030     1.5
    3040     1.5
    3050     1.6
    3060     1.6
    3070     1.5
    3080     1.5
    3090     1.5
    3100     1.6
    3110     1.6
    3120     1.6
    3130     1.7
    3140     1.8
    3150     1.9
    3160     2.0
    3170     2.0
    3180     1.9
    3190     1.9
    3200     1.9
    3210     1.9
    3220     1.9
    3230     1.9
    3240     1.9
    3250     1.9
    3260     2.0
    3270     2.0
    3280     2.0
    3290     2.0
    3300     1.9
    3310     1.9
    3320     1.9
    3330     1.9
    3340     1.9
    3350     1.9
    3360     2.0
    3370     2.0
    3380     2.0
    3390     2.0
    3400     2.0
    3410     2.0
    3420     2.0
    3430     2.0
    3440     2.0
    3450     1.9
    3460     2.0
    3470     2.0
    3480     2.0
    3490     2.0
    3500     2.0
    3510     2.0
    3520     2.0
    3530     2.0
    3540     2.0
    3550     2.0
    3560     2.0
    3570     2.0
    3580     2.0
    3590     2.0
    3600     2.0
    3610     2.0
    3620     2.0
    3630     2.0
    3640     2.0
    3650     2.0
    3660     2.0
    3670     2.0
    3680     2.1
    3690     2.1
    3700     2.1
    3710     2.1
    3720     2.2
    3730     2.2
    3740     2.2
    3750     2.3
    3760     2.3
    3770     2.3
    3780     2.3
    3790     2.3
    3800     2.3
    3810     2.3
    3820     2.3
    3830     2.3
    3840     2.3
    3850     2.3
    3860     2.3
    3870     2.3
    3880     2.3
    3890     2.4
    3900     2.4
    3910     2.4
    3920     2.4
    3930     2.5
    3940     2.5
    3950     2.6
    3960     2.6
    3970     2.6
    3980     2.6
    3990     2.7
    4000     2.7
    4010     2.8
    4020     9.7
    4030    63.3
    4040   117.0
    4050   170.8
    4060   194.5
    4070   194.9
    4080   195.2
    4090   195.5
    4100   200.9
    4110   206.2
    4120   211.6
    4130   213.7
    4140   211.5
    4150   209.3
    4160   207.1
    4170   203.2
    4180   198.9
    4190   194.7
    4200   176.1
    4210   123.2
    4220    70.1
    4230    17.1
    4240     2.8
    4250     2.8
    4260     2.8
    4270     2.8
    4280     2.8
    4290     2.9
    4300     2.9
    4310     2.9
    4320     2.9
    4330     3.0
    4340     3.0
    4350     3.0
    4360     3.0
    4370     3.0
    4380     3.0
    4390     3.0
    4400     3.0
    4410     3.0
    4420     3.1
    4430     3.1
    4440     3.1
    4450     3.2
    4460     3.1
    4470     3.1
    4480     3.1
    4490     3.1
    4500     3.1
    4510     3.1
    4520     3.1
    4530     3.1
    4540     3.1
    4550     3.1
    4560     3.1
    4570     3.1
    4580     3.1
    4590     3.1
    4600     3.1
    4610     3.1
    4620     3.1
    4630     3.2
    4640     3.2
    4650     3.2
    4660     3.2
    4670     3.2
    4680     3.3
    4690     3.3
    4700     3.3
    4710     3.3
    4720     3.2
    4730     3.2
    4740     3.2
    4750     3.2
    4760     3.2
    4770     3.2
    4780     3.2
    4790     3.3
    4800     3.3
    4810     3.3
    4820     3.3
    4830     3.3
    4840     3.4
    4850     3.4
    4860     3.4
    4870     3.4
    4880     3.4
    4890     3.5
    4900     3.5
    4910     3.5
    4920     3.5
    4930     3.5
    4940     3.5
    4950     3.6
    4960     3.7
    4970     3.8
    4980     3.9
    4990     3.9
    5000     4.0
    5010     4.0
    5020     4.0
    5030     3.9
    5040     3.8
    5050     3.7
    5060     3.7
    5070     3.7
    5080     3.7
    5090     3.7
    5100     3.7
    5110     3.7
    5120     3.7
    5130     3.7
    5140     3.7
    5150     3.7
    5160     3.7
    5170     3.9
    5180     4.0
    5190     4.1
    5200     4.2
    5210     4.2
    5220     4.1
    5230     4.1
    5240     4.1
    5250     4.1
    5260     4.1
    5270     4.1
    5280     4.1
    5290     4.1
    5300     4.2
    5310     4.2
    5320     4.2
    5330     4.2
    5340     4.2
    5350     4.3
    5360     4.3
    5370     4.3
    5380     4.3
    5390     4.3
    5400     4.3
    5410     4.3
    5420     4.3
    5430     4.3
    5440     4.3
    5450     4.3
    5460     4.3
    5470     4.3
    5480     4.3
    5490     4.1
    5500     4.0
    5510     3.9
    5520     3.9
    5530     4.1
    5540     4.3
    5550     4.5
    5560     4.6
    5570     4.8
    5580     4.9
    5590     5.0
    5600     4.9
    5610     4.8
    5620     4.7
    5630     4.8
    5640     4.9
    5650     5.0
    5660     3.9
    5670     4.0
    5680     4.1
    5690     4.0
    5700     3.7
    5710     3.6
    5720     4.1
    5730     4.6
    5740     4.8
    5750     4.9
    5760     4.9
    5770     4.4
    5780     4.0
    5790     3.9
    5800     4.2
    5810     4.5
    5820     4.4
    5830     4.3
    5840     4.2
    5850     4.2
    5860     4.1
    5870     4.3
    5880     4.4
    5890     4.5
    5900     4.4
    5910     4.3
    5920     4.1
    5930     3.9
    5940     3.9
    5950     4.1
    5960     4.4
    5970     4.5
    5980     4.7
    5990     4.7
    6000     4.5
    6010     4.4
    6020     4.6
    6030     4.9
    6040     5.0
    6050     4.9
    6060     4.8
    6070     4.8
    6080     4.9
    6090     4.8
    6100     4.6
    6110     4.4
    6120     4.0
    6130     3.6
    6140     3.5
    6150     4.0
    6160     4.4
    6170     4.2
    6180     3.9
    6190     4.1
    6200     5.1
    6210     6.0
    6220     6.0
    6230     5.9
    6240     5.8
    6250     5.7
    6260     5.5
    6270     5.3
    6280     5.1
    6290     4.9
    6300     4.9
    6310     4.9
    6320     4.8
    6330     4.7
    6340     4.7
    6350     4.8
    6360     4.9
    6370     4.9
    6380     5.0
    6390     5.0
    6400     5.0
    6410     5.0
    6420     4.7
    6430     4.4
    6440     4.3
    6450     4.8
    6460     5.3
    6470     5.5
    6480     5.6
    6490     5.6
    6500     5.6
    6510     5.5
    6520     5.6
    6530     5.7
    6540     5.8
    6550     5.9
    6560     5.9
    6570     5.6
    6580     5.3
    6590     5.2
    6600     5.6
    6610     6.0
    6620     6.1
    6630     6.0
    6640     6.0
    6650     6.2
    6660     6.5
    6670     6.1
    6680     5.6
    6690     5.4
    6700     5.9
    6710     6.4
    6720     6.4
    6730     6.3
    6740     6.1
    6750     5.7
    6760     5.4
    6770     4.7
    6780     3.9
    6790     3.3
    6800     3.5
    6810     3.7
    6820     3.7
    6830     3.7
    6840     3.8
    6850     4.9
    6860     6.1
    6870     6.5
    6880     6.6
    6890     6.6
    6900     6.3
    6910     6.0
    6920     6.0
    6930     6.3
    6940     6.6
    6950     6.7
    6960     6.8
    6970     6.9
    6980     7.0
    6990     7.0
    7000     6.8
    7010     6.7
    7020     6.5
    7030     6.5
    7040     6.5
    7050     6.7
    7060     7.0
    7070     7.2
    7080     7.4
    7090     7.5
    7100     7.5
    7110     7.5
    7120     7.6
    7130     7.7
    7140     7.9
    7150     8.1
    7160     8.3
    7170     8.3
    7180     8.1
    7190     7.9
    7200     7.8
    7210     7.6
    7220     7.7
    7230     7.8
    7240     7.9
    7250     7.9
    7260     7.8
    7270     7.8
    7280     7.9
    7290     7.9
    7300     7.8
    7310     7.7
    7320     7.4
    7330     7.0
    7340     6.6
    7350     5.9
    7360     5.1
    7370     4.5
    7380     4.2
    7390     3.8
    7400     3.8
    7410     3.8
    7420     4.4
    7430     5.8
    7440     7.3
    7450     6.6
    7460     5.8
    7470     5.1
    7480     4.4
    7490     3.7
    7500     5.0
    7510     6.5
    7520     7.4
    7530     7.5
    7540     7.6
    7550     7.7
    7560     7.9
    7570     8.0
    7580     8.1
    7590     8.2
    7600     8.2
    7610     8.2
    7620     8.1
    7630     7.7
    7640     7.4
    7650     8.3
    7660     9.3
    7670     9.8
    7680     9.3
    7690     8.8
    7700     8.8
    7710     8.8
    7720     8.9
    7730     8.9
    7740     8.9
    7750     8.5
    7760     8.1
    7770     7.6
    7780     7.2
    7790     6.7
    7800     6.7
    7810     6.7
    7820     7.1
    7830     8.0
    7840   100.0
    7850   100.0
    7860   100.0
    7870   100.0
    7880   100.0
    7890   100.0
    7900   100.0
    7910   100.0
    7920   100.0
    7930   100.0
    7940   100.0
    7950   100.0
    7960   100.0
    7970   100.0
    7980   100.0
    7990   100.0
    8000   100.0
    8010   100.0
    8020   100.0
    8030   100.0
    8040   100.0
    8050   100.0
    8060   100.0
    8070   100.0
    8080   100.0
    8090   100.0
    8100   100.0
    8110   100.0
    8120   100.0
    8130   100.0
    8140   100.0
    8150   100.0
    8160   100.0
    8170   100.0
    8180   100.0
    8190   100.0
    8200   100.0
    8210   100.0
    8220   100.0
    8230   100.0
    8240   100.0
    8250   100.0
    8260   100.0
    8270   100.0
    8280   100.0
    8290   100.0
    8300   100.0
    8310   100.0
    8320   100.0
    8330   100.0
    8340   100.0
    8350   100.0
    8360   100.0
    8370   100.0
    8380   100.0
    8390   100.0
    8400   100.0
    8410   100.0
    8420   100.0
    8430   100.0
    8440   100.0
    8450   100.0
    8460   100.0
    8470   100.0
    8480   100.0
    8490   100.0
    8500   100.0
    8510   100.0
    8520   100.0
    8530   100.0
    8540   100.0
    8550   100.0
    8560   100.0
    8570   100.0
    8580   100.0
    8590   100.0
    8600   100.0
    8610   100.0
    8620   100.0
    8630   100.0
    8640   100.0
    8650   100.0
    8660   100.0
    8670   100.0
    8680   100.0
    8690   100.0
    8700   100.0
    8710   100.0
    8720   100.0
    8730   100.0
    8740   100.0
    8750   100.0
    8760   100.0
    8770   100.0
    8780   100.0
    8790   100.0
    8800   100.0
    8810   100.0
    8820   100.0
    8830   100.0
    8840   100.0
    8850   100.0
    8860   100.0
    8870   100.0
    8880   100.0
    8890   100.0
    8900   100.0
    8910   100.0
    8920   100.0
    8930   100.0
    8940   100.0
    8950   100.0
    8960   100.0
    8970   100.0
    8980   100.0
    8990   100.0
    9000   100.0
    9010   100.0
    9020   100.0
    9030   100.0
    9040   100.0
    9050   100.0
    9060   100.0
    9070   100.0
    9080   100.0
    9090   100.0
    9100   100.0
    9110   100.0
    9120   100.0
    9130   100.0
    9140   100.0
    9150   100.0
    9160   100.0
    9170   100.0
    9180   100.0
    9190   100.0
    9200   100.0
    9210   100.0
    9220   100.0
    9230   100.0
    9240   100.0
    9250   100.0
    9260   100.0
    9270   100.0
    9280   100.0
    9290   100.0
    9300   100.0
    9310   100.0
    9320   100.0
    9330   100.0
    9340   100.0
    9350   100.0
    9360   100.0
    9370   100.0
    9380   100.0
    9390   100.0
    9400   100.0
    9410   100.0
    9420   100.0
    9430   100.0
    9440   100.0
    9450   100.0
    9460   100.0
    9470   100.0
    9480   100.0
    9490   100.0
    9500   100.0
    9510   100.0
    9520   100.0
    9530   100.0
    9540   100.0
    9550   100.0
    9560   100.0
    9570   100.0
    9580    11.8
    9590    21.2
    9600    20.8
    9610    20.5
    9620    21.2
    9630    20.9
    9640    21.1
    9650    21.6
    9660    21.6
    9670    21.2
    9680    20.7
    9690    21.0
    9700    17.8
    9710    19.5
    9720    21.2
    9730    21.5
    9740    20.7
    9750    20.9
    9760    21.7
    9770    22.3
    9780    22.2
    9790    22.4
    9800    21.1
    9810    12.4
    9820    21.1
    9830    21.7
    9840    20.1
    9850    20.7
    9860    19.9
    9870    16.9
    9880    10.3
    9890    14.2
    9900    21.9
    9910    21.9
    9920    21.5
    9930    21.7
    9940    21.4
    9950    20.9
    9960    22.1
    9970     8.2
    9980     6.2
    9990     6.5
   10000    11.2
   10010    10.3
   10020    12.7
   10030    20.3
   10040    21.6
   10050    23.0
   10060    21.3
   10070    20.2
   10080    18.0
   10090    19.3
   10100    22.8
   10110    19.5
   10120    13.8
   10130     7.7
   10140     7.6
   10150     9.6
   10160    17.5
   10170    23.2
   10180    23.8
   10190    12.3
   10200    14.8
   10210    19.6
   10220    13.7
   10230    13.9
   10240    19.3
   10250    18.9
   10260    21.3
   10270    21.9
   10280    22.0
   10290    20.7
   10300    24.6
   10310    21.8
   10320    20.8
   10330    21.7
   10340    19.5
   10350    20.8
   10360    23.8
   10370    21.4
   10380    16.3
   10390    15.4
   10400    19.1
   10410    10.9
   10420    19.6
   10430    24.7
   10440    25.5
   10450    25.6
   10460   100.0
   10470   100.0
   10480   100.0
   10490   100.0
   10500   100.0
   10510   100.0
   10520   100.0
   10530   100.0
   10540   100.0
   10550   100.0
   10560   100.0
   10570   100.0
   10580   100.0
   10590   100.0
   10600   100.0
   10610   100.0
   10620   100.0
   10630   100.0
   10640   100.0
   10650   100.0
   10660   100.0
   10670   100.0
   10680   100.0
   10690   100.0
   10700   100.0
   10710   100.0
   10720   100.0
   10730   100.0
   10740   100.0
   10750   100.0
   10760   100.0
   10770   100.0
   10780   100.0
   10790   100.0
   10800   100.0
   10810   100.0
   10820   100.0
   10830   100.0
   10840   100.0
   10850   100.0
   10860   100.0
   10870   100.0
   10880   100.0
   10890   100.0
   10900   100.0
   10910   100.0
   10920   100.0
   10930   100.0
   10940   100.0
   10950   100.0
   10960   100.0
   10970   100.0
   10980   100.0
   10990   100.0
   11000   100.0
   11010   100.0
   11020   100.0
   11030   100.0
   11040   100.0
   11050   100.0
   11060   100.0
   11070   100.0
   11080   100.0
   11090   100.0
   11100   100.0
   11110   100.0
   11120   100.0
   11130   100.0
   11140   100.0
   11150   100.0
   11160   100.0
   11170   100.0
   11180   100.0
   11190   100.0
   11200   100.0
   11210   100.0
   11220   100.0
   11230   100.0
   11240   100.0
   11250   100.0
   11260   100.0
   11270   100.0
   11280   100.0
   11290   100.0
   11300   100.0
   11310   100.0
   11320   100.0
   11330   100.0
   11340   100.0
   11350   100.0
   11360   100.0
   11370   100.0
   11380   100.0
   11390   100.0
   11400   100.0
   11410   100.0
   11420   100.0
   11430   100.0
   11440   100.0
   11450   100.0
   11460   100.0
   11470   100.0
   11480   100.0
   11490   100.0
   11500   100.0
   11510   100.0
   11520   100.0
   11530   100.0
   11540   100.0
   11550   100.0
   11560   100.0
   11570   100.0
   11580   100.0
   11590   100.0
   11600   100.0
   11610   100.0
   11620   100.0
   11630   100.0
   11640   100.0
   11650   100.0
   11660   100.0
   11670   100.0
   11680   100.0
   11690   100.0
   11700   100.0
   11710   100.0
   11720   100.0
   11730   100.0
   11740   100.0
   11750   100.0
   11760   100.0
   11770   100.0
   11780   100.0
   11790   100.0
   11800   100.0
   11810   100.0
   11820   100.0
   11830   100.0
   11840   100.0
   11850   100.0
   11860   100.0
   11870   100.0
   11880   100.0
   11890   100.0
   11900   100.0
   11910   100.0
   11920   100.0
   11930   100.0
   11940   100.0
   11950   100.0
   11960   100.0
   11970   100.0
   11980   100.0
   11990   100.0
   12000   100.0
   12010   100.0
   12020   100.0
   12030   100.0
   12040   100.0
   12050   100.0
   12060   100.0
   12070   100.0
   12080   100.0
   12090   100.0
   12100   100.0
   12110   100.0
   12120   100.0
   12130   100.0
   12140   100.0
   12150   100.0
   12160   100.0
   12170   100.0
   12180   100.0
   12190   100.0
   12200   100.0
   12210   100.0
   12220   100.0
   12230   100.0
   12240   100.0
   12250   100.0
   12260   100.0
   12270   100.0
   12280   100.0
   12290   100.0
   12300   100.0
   12310   100.0
   12320   100.0
   12330   100.0
   12340   100.0
   12350   100.0
   12360   100.0
   12370   100.0
   12380   100.0
   12390   100.0
   12400   100.0
   12410   100.0
   12420   100.0
   12430   100.0
   12440   100.0
   12450   100.0
   12460   100.0
   12470   100.0
   12480   100.0
   12490   100.0
   12500   100.0
   12510   100.0
   12520   100.0
   12530   100.0
   12540   100.0
   12550   100.0
   12560   100.0
   12570   100.0
   12580   100.0
   12590   100.0
   12600   100.0
   12610   100.0
   12620   100.0
   12630   100.0
   12640   100.0
   12650   100.0
   12660   100.0
   12670   100.0
   12680   100.0
   12690   100.0
   12700   100.0
   12710   100.0
   12720   100.0
   12730   100.0
   12740   100.0
   12750   100.0
   12760   100.0
   12770   100.0
   12780   100.0
   12790   100.0
   12800   100.0
   12810   100.0
   12820   100.0
   12830   100.0
   12840   100.0
   12850   100.0
   12860   100.0
   12870   100.0
   12880   100.0
   12890   100.0
   12900   100.0
   12910   100.0
   12920   100.0
   12930   100.0
   12940   100.0
   12950   100.0
   12960   100.0
   12970   100.0
   12980   100.0
   12990   100.0
   13000   100.0
   13010   100.0
   13020   100.0
   13030   100.0
   13040   100.0
   13050   100.0
   13060   100.0
   13070   100.0
   13080   100.0
   13090   100.0
   13100   100.0
   13110   100.0
   13120   100.0
   13130   100.0
   13140   100.0
   13150   100.0
   13160   100.0
   13170   100.0
   13180   100.0
   13190   100.0
   13200   100.0
   13210   100.0
   13220   100.0
   13230   100.0
   13240   100.0
   13250   100.0
   13260   100.0
   13270   100.0
   13280   100.0
   13290   100.0
   13300   100.0
   13310   100.0
   13320   100.0
   13330   100.0
   13340   100.0
   13350   100.0
   13360   100.0
   13370   100.0
   13380   100.0
   13390   100.0
   13400   100.0
   13410   100.0
   13420   100.0
   13430   100.0
   13440   100.0
   13450   100.0
   13460   100.0
   13470   100.0
   13480   100.0
   13490   100.0
   13500   100.0
   13510   100.0
   13520   100.0
   13530   100.0
   13540   100.0
   13550   100.0
   13560   100.0
   13570   100.0
   13580   100.0
   13590   100.0
   13600   100.0
   13610   100.0
   13620   100.0
   13630   100.0
   13640   100.0
   13650   100.0
   13660   100.0
   13670   100.0
   13680   100.0
   13690   100.0
   13700   100.0
   13710   100.0
   13720   100.0
   13730   100.0
   13740   100.0
   13750   100.0
   13760   100.0
   13770   100.0
   13780   100.0
   13790   100.0
   13800   100.0
   13810   100.0
   13820   100.0
   13830   100.0
   13840   100.0
   13850   100.0
   13860   100.0
   13870   100.0
   13880   100.0
   13890   100.0
   13900   100.0
   13910   100.0
   13920   100.0
   13930   100.0
   13940   100.0
   13950   100.0
   13960   100.0
   13970   100.0
   13980   100.0
   13990   100.0
   14000   100.0
   14010   100.0
   14020   100.0
   14030   100.0
   14040   100.0
   14050   100.0
   14060   100.0
   14070   100.0
   14080   100.0
   14090   100.0
   14100   100.0
   14110   100.0
   14120   100.0
   14130   100.0
   14140   100.0
   14150   100.0
   14160   100.0
   14170   100.0
   14180   100.0
   14190   100.0
   14200   100.0
   14210   100.0
   14220   100.0
   14230   100.0
   14240   100.0
   14250   100.0
   14260   100.0
   14270   100.0
   14280   100.0
   14290   100.0
   14300   100.0
   14310   100.0
   14320   100.0
   14330   100.0
   14340   100.0
   14350   100.0
   14360   100.0
   14370   100.0
   14380   100.0
   14390   100.0
   14400   100.0
   14410   100.0
   14420   100.0
   14430   100.0
   14440   100.0
   14450   100.0
   14460   100.0
   14470   100.0
   14480   100.0
   14490   100.0
   14500   100.0
   14510   100.0
   14520   100.0
   14530   100.0
   14540   100.0
   14550   100.0
   14560   100.0
   14570   100.0
   14580   100.0
   14590   100.0
   14600   100.0
   14610   100.0
   14620   100.0
   14630   100.0
   14640   100.0
   14650   100.0
   14660   100.0
   14670   100.0
   14680   100.0
   14690   100.0
   14700   100.0
   14710   100.0
   14720   100.0
   14730   100.0
   14740   100.0
   14750   100.0
   14760   100.0
   14770   100.0
   14780   100.0
   14790   100.0
   14800   100.0
   14810   100.0
   14820   100.0
   14830   100.0
   14840   100.0
   14850   100.0
   14860    20.0
   14870    20.0
   14880    20.0
   14890    20.0
   14900    20.0
   14910    20.0
   14920    20.0
   14930    20.0
   14940    20.0
   14950    20.0
   14960    20.0
   14970    20.0
   14980    20.0
   14990    20.0
   15000    20.0
