       0     0.3
      10     0.3
      20     0.3
      30     0.3
      40     0.3
      50     0.3
      60     0.3
      70     0.3
      80     0.3
      90     0.3
     100     0.3
     110     0.3
     120     0.3
     130     0.3
     140     0.3
     150     0.3
     160     0.3
     170     0.3
     180     0.3
     190     0.3
     200     0.3
     210     0.3
     220     0.3
     230     0.3
     240     0.3
     250     0.3
     260     0.3
     270     0.3
     280     0.3
     290     0.3
     300     0.3
     310     0.3
     320     0.3
     330     0.3
     340     0.3
     350     0.3
     360     0.3
     370     0.3
     380     0.3
     390     0.3
     400     0.3
     410     0.3
     420     0.3
     430     0.3
     440     0.3
     450     0.3
     460     0.3
     470     0.3
     480     0.3
     490     0.3
     500     0.3
     510     0.3
     520     0.3
     530     0.3
     540     0.3
     550     0.3
     560     0.3
     570     0.3
     580     0.3
     590     0.3
     600     0.3
     610     0.3
     620     0.3
     630     0.3
     640     0.3
     650     0.3
     660     0.3
     670     0.3
     680     0.3
     690     0.3
     700     0.3
     710     0.3
     720     0.3
     730     0.3
     740     0.3
     750     0.3
     760     0.3
     770     0.3
     780     0.3
     790     0.3
     800     0.3
     810     0.3
     820     0.3
     830     0.3
     840     0.3
     850     0.3
     860     0.3
     870     0.3
     880     0.3
     890     0.3
     900     0.3
     910     0.3
     920     0.3
     930     0.3
     940     0.6
     950     0.5
     960     0.5
     970     0.5
     980     0.5
     990     0.5
    1000     0.5
    1010     0.5
    1020     0.5
    1030     0.6
    1040     0.6
    1050     0.5
    1060     0.5
    1070     0.5
    1080     0.6
    1090     0.6
    1100     0.6
    1110     0.6
    1120     0.6
    1130     0.6
    1140     0.6
    1150     0.6
    1160     0.6
    1170     0.6
    1180     0.6
    1190     0.6
    1200     0.6
    1210     0.7
    1220     0.7
    1230     0.8
    1240     1.0
    1250     1.1
    1260     1.3
    1270     1.4
    1280     1.3
    1290     1.1
    1300     0.9
    1310     0.8
    1320     0.7
    1330     0.7
    1340     0.7
    1350     0.7
    1360     0.7
    1370     0.7
    1380     0.7
    1390   100.0
    1400   100.0
    1410   100.0
    1420   100.0
    1430   100.0
    1440   100.0
    1450   100.0
    1460   100.0
    1470   100.0
    1480   100.0
    1490   100.0
    1500   100.0
    1510   100.0
    1520   100.0
    1530   100.0
    1540   100.0
    1550   100.0
    1560   100.0
    1570   100.0
    1580   100.0
    1590   100.0
    1600   100.0
    1610   100.0
    1620   100.0
    1630   100.0
    1640   100.0
    1650   100.0
    1660   100.0
    1670   100.0
    1680   100.0
    1690   100.0
    1700   100.0
    1710   100.0
    1720   100.0
    1730   100.0
    1740   100.0
    1750   100.0
    1760   100.0
    1770   100.0
    1780   100.0
    1790   100.0
    1800   100.0
    1810   100.0
    1820   100.0
    1830   100.0
    1840   100.0
    1850   100.0
    1860   100.0
    1870   100.0
    1880   100.0
    1890   100.0
    1900   100.0
    1910   100.0
    1920   100.0
    1930   100.0
    1940   100.0
    1950   100.0
    1960   100.0
    1970   100.0
    1980   100.0
    1990   100.0
    2000   100.0
    2010   100.0
    2020   100.0
    2030   100.0
    2040   100.0
    2050   100.0
    2060   100.0
    2070   100.0
    2080   100.0
    2090   100.0
    2100   100.0
    2110   100.0
    2120   100.0
    2130   100.0
    2140   100.0
    2150   100.0
    2160   100.0
    2170   100.0
    2180   100.0
    2190   100.0
    2200   100.0
    2210   100.0
    2220   100.0
    2230   100.0
    2240   100.0
    2250   100.0
    2260   100.0
    2270   100.0
    2280   100.0
    2290   100.0
    2300   100.0
    2310   100.0
    2320   100.0
    2330   100.0
    2340   100.0
    2350   100.0
    2360   100.0
    2370   100.0
    2380   100.0
    2390   100.0
    2400   100.0
    2410   100.0
    2420   100.0
    2430   100.0
    2440   100.0
    2450   100.0
    2460   100.0
    2470   100.0
    2480   100.0
    2490   100.0
    2500   100.0
    2510   100.0
    2520   100.0
    2530   100.0
    2540   100.0
    2550   100.0
    2560   100.0
    2570   100.0
    2580   100.0
    2590   100.0
    2600   100.0
    2610   100.0
    2620   100.0
    2630   100.0
    2640   100.0
    2650   100.0
    2660   100.0
    2670   100.0
    2680   100.0
    2690   100.0
    2700   100.0
    2710   100.0
    2720   100.0
    2730   100.0
    2740   100.0
    2750   100.0
    2760   100.0
    2770   100.0
    2780   100.0
    2790   100.0
    2800   100.0
    2810   100.0
    2820   100.0
    2830   100.0
    2840   100.0
    2850   100.0
    2860   100.0
    2870   100.0
    2880   100.0
    2890   100.0
    2900   100.0
    2910   100.0
    2920   100.0
    2930   100.0
    2940   100.0
    2950   100.0
    2960   100.0
    2970   100.0
    2980   100.0
    2990     2.0
    3000     1.9
    3010     1.9
    3020     1.9
    3030     1.9
    3040     1.9
    3050     1.9
    3060     2.0
    3070     2.0
    3080     2.0
    3090     2.0
    3100     2.0
    3110     2.0
    3120     2.0
    3130     2.0
    3140     2.0
    3150     2.0
    3160     2.0
    3170     2.0
    3180     2.0
    3190     2.0
    3200     2.1
    3210     2.1
    3220     2.1
    3230     2.1
    3240     2.2
    3250     2.3
    3260     2.3
    3270     2.4
    3280     2.5
    3290     2.6
    3300     2.6
    3310     2.5
    3320     2.3
    3330     2.2
    3340     2.2
    3350     2.1
    3360     2.1
    3370     2.1
    3380     2.2
    3390     2.2
    3400     2.3
    3410     2.4
    3420     2.5
    3430     2.5
    3440     2.6
    3450     2.6
    3460     2.5
    3470     2.5
    3480     2.5
    3490     2.4
    3500     2.4
    3510     2.4
    3520     2.5
    3530     2.5
    3540     2.6
    3550     2.7
    3560     2.8
    3570     2.7
    3580     2.5
    3590     2.4
    3600     2.5
    3610     2.6
    3620     2.6
    3630     2.6
    3640     2.6
    3650     2.6
    3660     2.7
    3670     2.7
    3680     2.8
    3690     2.9
    3700     2.9
    3710     3.0
    3720     3.0
    3730     3.0
    3740     3.1
    3750     3.1
    3760     3.1
    3770     3.0
    3780     2.5
    3790     2.5
    3800     2.5
    3810     2.5
    3820     2.5
    3830     2.6
    3840     2.8
    3850     2.9
    3860     2.9
    3870     2.9
    3880     2.7
    3890     2.5
    3900     2.4
    3910     2.5
    3920     2.5
    3930     2.4
    3940     2.2
    3950     2.3
    3960     2.4
    3970     2.6
    3980     2.6
    3990     2.6
    4000     2.6
    4010     2.5
    4020     2.6
    4030     2.6
    4040     2.7
    4050     2.6
    4060     2.5
    4070     2.6
    4080     2.8
    4090     2.8
    4100     2.6
    4110     2.4
    4120     2.7
    4130     2.9
    4140     3.0
    4150     3.0
    4160     3.0
    4170     3.0
    4180     3.1
    4190     2.9
    4200     2.8
    4210     2.7
    4220     2.5
    4230     2.4
    4240     2.6
    4250     2.8
    4260     3.0
    4270     3.1
    4280     3.3
    4290     3.4
    4300     3.5
    4310     3.5
    4320     3.5
    4330     3.4
    4340     3.4
    4350     3.4
    4360     3.3
    4370     3.3
    4380     3.1
    4390     3.0
    4400     3.0
    4410     3.1
    4420     3.2
    4430     3.2
    4440     3.1
    4450     3.1
    4460     3.2
    4470     3.2
    4480     3.2
    4490     3.2
    4500     3.1
    4510     2.9
    4520     3.0
    4530     3.2
    4540     3.3
    4550     3.4
    4560     3.5
    4570     3.5
    4580     3.5
    4590     3.5
    4600     3.6
    4610     3.7
    4620     3.8
    4630     3.9
    4640     3.7
    4650     3.4
    4660     3.4
    4670     3.6
    4680     3.8
    4690     3.8
    4700     3.8
    4710     3.8
    4720     3.7
    4730     3.7
    4740     3.9
    4750     4.0
    4760     4.0
    4770     4.1
    4780     4.0
    4790     3.9
    4800     3.8
    4810     3.6
    4820     3.5
    4830     3.1
    4840     2.6
    4850     2.4
    4860     2.6
    4870     2.9
    4880     3.2
    4890     3.5
    4900     3.3
    4910     2.8
    4920     2.7
    4930     3.4
    4940     4.1
    4950     4.1
    4960     4.1
    4970     4.1
    4980     4.1
    4990     4.2
    5000     4.2
    5010     4.2
    5020     4.3
    5030     4.3
    5040     4.2
    5050     4.2
    5060     4.3
    5070     9.8
    5080    15.3
    5090    18.0
    5100    19.3
    5110    18.3
    5120    11.6
    5130     5.0
    5140     4.4
    5150     4.4
    5160     4.5
    5170     4.6
    5180     4.8
    5190     5.0
    5200     5.2
    5210     5.2
    5220     5.1
    5230     5.0
    5240     4.9
    5250     4.8
    5260     4.9
    5270     5.0
    5280     8.6
    5290    14.0
    5300    16.2
    5310    10.8
    5320     5.3
    5330     4.8
    5340     4.8
    5350     4.7
    5360     4.5
    5370     4.2
    5380     4.0
    5390     3.7
    5400     3.5
    5410     3.2
    5420     3.0
    5430     2.9
    5440     2.8
    5450     3.6
    5460     4.4
    5470     4.1
    5480     3.1
    5490     2.7
    5500     3.4
    5510     4.1
    5520     4.3
    5530     4.6
    5540     4.7
    5550     4.8
    5560     4.9
    5570     5.1
    5580     5.2
    5590     5.2
    5600     5.2
    5610     5.0
    5620     4.4
    5630     3.9
    5640     4.3
    5650     4.8
    5660     5.3
    5670     5.7
    5680     5.9
    5690     5.7
    5700     5.5
    5710     5.6
    5720     5.7
    5730     5.6
    5740     5.5
    5750     5.4
    5760     5.1
    5770     4.9
    5780     4.7
    5790     4.6
    5800     4.6
    5810   100.0
    5820   100.0
    5830   100.0
    5840   100.0
    5850   100.0
    5860   100.0
    5870   100.0
    5880   100.0
    5890   100.0
    5900   100.0
    5910   100.0
    5920   100.0
    5930   100.0
    5940   100.0
    5950   100.0
    5960   100.0
    5970   100.0
    5980   100.0
    5990   100.0
    6000   100.0
    6010   100.0
    6020   100.0
    6030   100.0
    6040   100.0
    6050   100.0
    6060   100.0
    6070   100.0
    6080   100.0
    6090   100.0
    6100   100.0
    6110   100.0
    6120   100.0
    6130   100.0
    6140   100.0
    6150   100.0
    6160   100.0
    6170   100.0
    6180   100.0
    6190   100.0
    6200   100.0
    6210   100.0
    6220   100.0
    6230   100.0
    6240   100.0
    6250   100.0
    6260   100.0
    6270   100.0
    6280   100.0
    6290   100.0
    6300   100.0
    6310   100.0
    6320   100.0
    6330   100.0
    6340   100.0
    6350   100.0
    6360   100.0
    6370   100.0
    6380   100.0
    6390   100.0
    6400   100.0
    6410   100.0
    6420   100.0
    6430   100.0
    6440   100.0
    6450   100.0
    6460   100.0
    6470   100.0
    6480   100.0
    6490   100.0
    6500   100.0
    6510   100.0
    6520   100.0
    6530   100.0
    6540   100.0
    6550   100.0
    6560   100.0
    6570   100.0
    6580   100.0
    6590   100.0
    6600   100.0
    6610   100.0
    6620   100.0
    6630   100.0
    6640   100.0
    6650   100.0
    6660   100.0
    6670   100.0
    6680   100.0
    6690   100.0
    6700   100.0
    6710   100.0
    6720   100.0
    6730   100.0
    6740   100.0
    6750   100.0
    6760   100.0
    6770   100.0
    6780   100.0
    6790   100.0
    6800   100.0
    6810   100.0
    6820   100.0
    6830   100.0
    6840   100.0
    6850   100.0
    6860   100.0
    6870   100.0
    6880   100.0
    6890   100.0
    6900   100.0
    6910   100.0
    6920   100.0
    6930   100.0
    6940   100.0
    6950   100.0
    6960   100.0
    6970   100.0
    6980   100.0
    6990   100.0
    7000   100.0
    7010   100.0
    7020   100.0
    7030   100.0
    7040   100.0
    7050   100.0
    7060   100.0
    7070   100.0
    7080   100.0
    7090   100.0
    7100   100.0
    7110   100.0
    7120   100.0
    7130   100.0
    7140   100.0
    7150   100.0
    7160   100.0
    7170   100.0
    7180   100.0
    7190   100.0
    7200   100.0
    7210   100.0
    7220   100.0
    7230   100.0
    7240   100.0
    7250   100.0
    7260   100.0
    7270   100.0
    7280   100.0
    7290   100.0
    7300   100.0
    7310   100.0
    7320   100.0
    7330   100.0
    7340   100.0
    7350   100.0
    7360   100.0
    7370   100.0
    7380   100.0
    7390   100.0
    7400   100.0
    7410   100.0
    7420   100.0
    7430   100.0
    7440   100.0
    7450   100.0
    7460   100.0
    7470   100.0
    7480   100.0
    7490   100.0
    7500   100.0
    7510   100.0
    7520   100.0
    7530   100.0
    7540   100.0
    7550   100.0
    7560   100.0
    7570   100.0
    7580   100.0
    7590   100.0
    7600   100.0
    7610   100.0
    7620   100.0
    7630   100.0
    7640   100.0
    7650   100.0
    7660   100.0
    7670   100.0
    7680   100.0
    7690   100.0
    7700   100.0
    7710   100.0
    7720   100.0
    7730   100.0
    7740   100.0
    7750   100.0
    7760   100.0
    7770   100.0
    7780   100.0
    7790   100.0
    7800   100.0
    7810   100.0
    7820   100.0
    7830   100.0
    7840   100.0
    7850   100.0
    7860   100.0
    7870   100.0
    7880   100.0
    7890   100.0
    7900   100.0
    7910   100.0
    7920   100.0
    7930   100.0
    7940   100.0
    7950   100.0
    7960   100.0
    7970   100.0
    7980    11.3
    7990    10.8
    8000    11.4
    8010    17.0
    8020    17.0
    8030    16.2
    8040    12.5
    8050     6.6
    8060     3.2
    8070     4.2
    8080    10.0
    8090    11.4
    8100    13.4
    8110    16.2
    8120    17.2
    8130    17.4
    8140    17.4
    8150    17.6
    8160    17.7
    8170    17.7
    8180    17.5
    8190    17.2
    8200    17.3
    8210    17.3
    8220    16.9
    8230    13.6
    8240     5.7
    8250     8.1
    8260    15.2
    8270    10.1
    8280    10.0
    8290    15.7
    8300    17.8
    8310    17.0
    8320    16.2
    8330    17.3
    8340    17.1
    8350    17.7
    8360    18.3
    8370    18.3
    8380    18.2
    8390    17.8
    8400    17.3
    8410    17.7
    8420    17.0
    8430    15.5
    8440    17.6
    8450    18.2
    8460    17.9
    8470    16.0
    8480    17.8
    8490    18.6
    8500    19.0
    8510    18.8
    8520    19.0
    8530    18.9
    8540    17.9
    8550    17.8
    8560    18.6
    8570    18.4
    8580    18.4
    8590    18.7
    8600    17.5
    8610    15.5
    8620    11.7
    8630     7.2
    8640    17.1
    8650    18.3
    8660    18.8
    8670    18.8
    8680    19.0
    8690    17.8
    8700    17.6
    8710    16.2
    8720    10.5
    8730     5.1
    8740     4.2
    8750     6.2
    8760     9.7
    8770     8.6
    8780    16.4
    8790    18.7
    8800    18.8
    8810    20.2
    8820    19.9
    8830    17.9
    8840    16.9
    8850    11.0
    8860    15.6
    8870    19.9
    8880    18.4
    8890    12.7
    8900     7.0
    8910     7.7
    8920    11.0
    8930    11.7
    8940    19.4
    8950    21.1
    8960    20.5
    8970    13.9
    8980    13.5
    8990    13.8
    9000     9.5
    9010     6.6
    9020    12.7
    9030    16.8
    9040    19.5
    9050    19.2
    9060    19.1
    9070    20.4
    9080    20.8
    9090    21.2
    9100    18.7
    9110    14.8
    9120    17.4
    9130    10.1
    9140    15.9
    9150    18.1
    9160    21.2
    9170    16.2
    9180    14.6
    9190    17.4
    9200    16.1
    9210    11.4
    9220    15.7
    9230    21.2
    9240    21.6
    9250    22.2
    9260    22.6
    9270   100.0
    9280   100.0
    9290   100.0
    9300   100.0
    9310   100.0
    9320   100.0
    9330   100.0
    9340   100.0
    9350   100.0
    9360   100.0
    9370   100.0
    9380   100.0
    9390   100.0
    9400   100.0
    9410   100.0
    9420   100.0
    9430   100.0
    9440   100.0
    9450   100.0
    9460   100.0
    9470   100.0
    9480   100.0
    9490   100.0
    9500   100.0
    9510   100.0
    9520   100.0
    9530   100.0
    9540   100.0
    9550   100.0
    9560   100.0
    9570   100.0
    9580   100.0
    9590   100.0
    9600   100.0
    9610   100.0
    9620   100.0
    9630   100.0
    9640   100.0
    9650   100.0
    9660   100.0
    9670   100.0
    9680   100.0
    9690   100.0
    9700   100.0
    9710   100.0
    9720   100.0
    9730   100.0
    9740   100.0
    9750   100.0
    9760   100.0
    9770   100.0
    9780   100.0
    9790   100.0
    9800   100.0
    9810   100.0
    9820   100.0
    9830   100.0
    9840   100.0
    9850   100.0
    9860   100.0
    9870   100.0
    9880   100.0
    9890   100.0
    9900   100.0
    9910   100.0
    9920   100.0
    9930   100.0
    9940   100.0
    9950   100.0
    9960   100.0
    9970   100.0
    9980   100.0
    9990   100.0
   10000   100.0
   10010   100.0
   10020   100.0
   10030   100.0
   10040   100.0
   10050   100.0
   10060   100.0
   10070   100.0
   10080   100.0
   10090   100.0
   10100   100.0
   10110   100.0
   10120   100.0
   10130   100.0
   10140   100.0
   10150   100.0
   10160   100.0
   10170   100.0
   10180   100.0
   10190   100.0
   10200   100.0
   10210   100.0
   10220   100.0
   10230   100.0
   10240   100.0
   10250   100.0
   10260   100.0
   10270   100.0
   10280   100.0
   10290   100.0
   10300   100.0
   10310   100.0
   10320   100.0
   10330   100.0
   10340   100.0
   10350   100.0
   10360   100.0
   10370   100.0
   10380   100.0
   10390   100.0
   10400   100.0
   10410   100.0
   10420   100.0
   10430   100.0
   10440   100.0
   10450   100.0
   10460   100.0
   10470   100.0
   10480   100.0
   10490   100.0
   10500   100.0
   10510   100.0
   10520   100.0
   10530   100.0
   10540   100.0
   10550   100.0
   10560   100.0
   10570   100.0
   10580   100.0
   10590   100.0
   10600   100.0
   10610   100.0
   10620   100.0
   10630   100.0
   10640   100.0
   10650   100.0
   10660   100.0
   10670   100.0
   10680   100.0
   10690   100.0
   10700   100.0
   10710   100.0
   10720   100.0
   10730   100.0
   10740   100.0
   10750   100.0
   10760   100.0
   10770   100.0
   10780   100.0
   10790   100.0
   10800   100.0
   10810   100.0
   10820   100.0
   10830   100.0
   10840   100.0
   10850   100.0
   10860   100.0
   10870   100.0
   10880   100.0
   10890   100.0
   10900   100.0
   10910   100.0
   10920   100.0
   10930   100.0
   10940   100.0
   10950   100.0
   10960   100.0
   10970   100.0
   10980   100.0
   10990   100.0
   11000   100.0
   11010   100.0
   11020   100.0
   11030   100.0
   11040   100.0
   11050   100.0
   11060   100.0
   11070   100.0
   11080   100.0
   11090   100.0
   11100   100.0
   11110   100.0
   11120   100.0
   11130   100.0
   11140   100.0
   11150   100.0
   11160   100.0
   11170   100.0
   11180   100.0
   11190   100.0
   11200   100.0
   11210   100.0
   11220   100.0
   11230   100.0
   11240   100.0
   11250   100.0
   11260   100.0
   11270   100.0
   11280   100.0
   11290   100.0
   11300   100.0
   11310   100.0
   11320   100.0
   11330   100.0
   11340   100.0
   11350   100.0
   11360   100.0
   11370   100.0
   11380   100.0
   11390   100.0
   11400   100.0
   11410   100.0
   11420   100.0
   11430   100.0
   11440   100.0
   11450   100.0
   11460   100.0
   11470   100.0
   11480   100.0
   11490   100.0
   11500   100.0
   11510   100.0
   11520   100.0
   11530   100.0
   11540   100.0
   11550   100.0
   11560   100.0
   11570   100.0
   11580   100.0
   11590   100.0
   11600   100.0
   11610   100.0
   11620   100.0
   11630   100.0
   11640   100.0
   11650   100.0
   11660   100.0
   11670   100.0
   11680   100.0
   11690   100.0
   11700   100.0
   11710   100.0
   11720   100.0
   11730   100.0
   11740   100.0
   11750   100.0
   11760   100.0
   11770   100.0
   11780   100.0
   11790   100.0
   11800   100.0
   11810   100.0
   11820   100.0
   11830   100.0
   11840   100.0
   11850   100.0
   11860   100.0
   11870   100.0
   11880   100.0
   11890   100.0
   11900   100.0
   11910   100.0
   11920   100.0
   11930   100.0
   11940   100.0
   11950   100.0
   11960   100.0
   11970   100.0
   11980   100.0
   11990   100.0
   12000   100.0
   12010   100.0
   12020   100.0
   12030   100.0
   12040   100.0
   12050   100.0
   12060   100.0
   12070   100.0
   12080   100.0
   12090   100.0
   12100   100.0
   12110   100.0
   12120   100.0
   12130   100.0
   12140   100.0
   12150   100.0
   12160   100.0
   12170   100.0
   12180   100.0
   12190   100.0
   12200   100.0
   12210   100.0
   12220   100.0
   12230   100.0
   12240   100.0
   12250   100.0
   12260   100.0
   12270   100.0
   12280   100.0
   12290   100.0
   12300   100.0
   12310   100.0
   12320   100.0
   12330   100.0
   12340   100.0
   12350   100.0
   12360   100.0
   12370   100.0
   12380   100.0
   12390   100.0
   12400   100.0
   12410   100.0
   12420   100.0
   12430   100.0
   12440   100.0
   12450   100.0
   12460   100.0
   12470   100.0
   12480   100.0
   12490   100.0
   12500   100.0
   12510   100.0
   12520   100.0
   12530   100.0
   12540   100.0
   12550   100.0
   12560   100.0
   12570   100.0
   12580   100.0
   12590   100.0
   12600   100.0
   12610   100.0
   12620   100.0
   12630   100.0
   12640   100.0
   12650   100.0
   12660   100.0
   12670   100.0
   12680   100.0
   12690   100.0
   12700   100.0
   12710   100.0
   12720   100.0
   12730   100.0
   12740   100.0
   12750   100.0
   12760   100.0
   12770   100.0
   12780   100.0
   12790   100.0
   12800   100.0
   12810   100.0
   12820   100.0
   12830   100.0
   12840   100.0
   12850   100.0
   12860   100.0
   12870   100.0
   12880   100.0
   12890   100.0
   12900   100.0
   12910   100.0
   12920   100.0
   12930   100.0
   12940   100.0
   12950   100.0
   12960   100.0
   12970   100.0
   12980   100.0
   12990   100.0
   13000   100.0
   13010   100.0
   13020   100.0
   13030   100.0
   13040   100.0
   13050   100.0
   13060   100.0
   13070   100.0
   13080   100.0
   13090   100.0
   13100   100.0
   13110   100.0
   13120   100.0
   13130   100.0
   13140   100.0
   13150   100.0
   13160   100.0
   13170   100.0
   13180   100.0
   13190   100.0
   13200   100.0
   13210   100.0
   13220   100.0
   13230   100.0
   13240   100.0
   13250   100.0
   13260   100.0
   13270   100.0
   13280   100.0
   13290   100.0
   13300   100.0
   13310   100.0
   13320   100.0
   13330   100.0
   13340   100.0
   13350   100.0
   13360   100.0
   13370   100.0
   13380   100.0
   13390   100.0
   13400   100.0
   13410   100.0
   13420   100.0
   13430   100.0
   13440   100.0
   13450   100.0
   13460   100.0
   13470   100.0
   13480   100.0
   13490   100.0
   13500   100.0
   13510   100.0
   13520   100.0
   13530   100.0
   13540   100.0
   13550   100.0
   13560   100.0
   13570   100.0
   13580   100.0
   13590   100.0
   13600   100.0
   13610   100.0
   13620   100.0
   13630   100.0
   13640   100.0
   13650   100.0
   13660   100.0
   13670   100.0
   13680   100.0
   13690   100.0
   13700   100.0
   13710   100.0
   13720   100.0
   13730   100.0
   13740   100.0
   13750   100.0
   13760   100.0
   13770   100.0
   13780   100.0
   13790   100.0
   13800   100.0
   13810   100.0
   13820   100.0
   13830   100.0
   13840   100.0
   13850   100.0
   13860   100.0
   13870   100.0
   13880   100.0
   13890   100.0
   13900   100.0
   13910   100.0
   13920   100.0
   13930   100.0
   13940   100.0
   13950   100.0
   13960   100.0
   13970   100.0
   13980   100.0
   13990   100.0
   14000   100.0
   14010   100.0
   14020   100.0
   14030   100.0
   14040   100.0
   14050   100.0
   14060   100.0
   14070   100.0
   14080   100.0
   14090   100.0
   14100   100.0
   14110   100.0
   14120   100.0
   14130   100.0
   14140   100.0
   14150   100.0
   14160   100.0
   14170   100.0
   14180   100.0
   14190   100.0
   14200   100.0
   14210   100.0
   14220   100.0
   14230   100.0
   14240   100.0
   14250   100.0
   14260   100.0
   14270   100.0
   14280   100.0
   14290   100.0
   14300   100.0
   14310   100.0
   14320   100.0
   14330   100.0
   14340   100.0
   14350   100.0
   14360   100.0
   14370   100.0
   14380   100.0
   14390   100.0
   14400   100.0
   14410   100.0
   14420   100.0
   14430   100.0
   14440   100.0
   14450   100.0
   14460   100.0
   14470   100.0
   14480   100.0
   14490   100.0
   14500   100.0
   14510   100.0
   14520   100.0
   14530   100.0
   14540   100.0
   14550   100.0
   14560   100.0
   14570   100.0
   14580   100.0
   14590   100.0
   14600   100.0
   14610   100.0
   14620   100.0
   14630   100.0
   14640   100.0
   14650   100.0
   14660   100.0
   14670   100.0
   14680   100.0
   14690   100.0
   14700   100.0
   14710   100.0
   14720   100.0
   14730   100.0
   14740   100.0
   14750   100.0
   14760   100.0
   14770   100.0
   14780   100.0
   14790   100.0
   14800   100.0
   14810   100.0
   14820   100.0
   14830   100.0
   14840   100.0
   14850   100.0
   14860    20.0
   14870    20.0
   14880    20.0
   14890    20.0
   14900    20.0
   14910    20.0
   14920    20.0
   14930    20.0
   14940    20.0
   14950    20.0
   14960    20.0
   14970    20.0
   14980    20.0
   14990    20.0
   15000    20.0
