       0     0.3
      10     0.3
      20     0.3
      30     0.3
      40     0.3
      50     0.3
      60     0.3
      70     0.3
      80     0.3
      90     0.3
     100     0.3
     110     0.3
     120     0.3
     130     0.3
     140     0.3
     150     0.3
     160     0.3
     170     0.3
     180     0.3
     190     0.3
     200     0.3
     210     0.3
     220     0.3
     230     0.3
     240     0.3
     250     0.3
     260     0.3
     270     0.3
     280     0.3
     290     0.3
     300     0.3
     310     0.3
     320     0.3
     330     0.3
     340     0.3
     350     0.3
     360     0.3
     370     0.3
     380     0.3
     390     0.3
     400     0.3
     410     0.3
     420     0.3
     430     0.3
     440     0.3
     450     0.3
     460     0.3
     470     0.3
     480     0.3
     490     0.3
     500     0.3
     510     0.3
     520     0.3
     530     0.3
     540     0.3
     550     0.3
     560     0.3
     570     0.3
     580     0.3
     590     0.3
     600     0.3
     610     0.3
     620     0.3
     630     0.3
     640     0.3
     650     0.3
     660     0.3
     670     0.3
     680     0.3
     690     0.3
     700     0.3
     710     0.3
     720     0.3
     730     0.3
     740     0.3
     750     0.3
     760     0.3
     770     0.3
     780     0.3
     790     0.3
     800     0.3
     810     0.3
     820     0.3
     830     0.3
     840     0.3
     850     0.3
     860     0.3
     870     0.3
     880     0.3
     890     0.3
     900     0.3
     910     0.3
     920     0.3
     930     0.3
     940     0.3
     950     0.3
     960     0.3
     970     0.3
     980     0.3
     990     0.3
    1000     0.3
    1010     0.3
    1020     0.3
    1030     0.3
    1040     0.3
    1050     0.3
    1060     0.3
    1070     0.3
    1080     0.3
    1090     0.3
    1100     0.3
    1110     0.3
    1120     0.3
    1130     0.3
    1140     0.3
    1150     0.3
    1160     0.3
    1170     0.3
    1180     0.3
    1190     0.3
    1200     0.3
    1210     0.3
    1220     0.3
    1230     0.3
    1240     0.3
    1250     0.3
    1260     0.3
    1270     0.3
    1280     0.3
    1290     0.3
    1300     0.3
    1310     0.3
    1320     0.3
    1330     0.3
    1340     0.3
    1350     0.3
    1360     0.3
    1370     0.3
    1380     0.3
    1390     0.3
    1400     0.3
    1410     0.3
    1420     0.3
    1430     0.3
    1440     0.3
    1450     0.3
    1460     0.3
    1470     0.3
    1480     0.3
    1490     0.3
    1500     0.3
    1510     0.3
    1520     0.3
    1530     0.3
    1540     0.3
    1550     0.3
    1560     0.3
    1570     0.6
    1580     0.5
    1590     0.5
    1600     0.5
    1610     0.5
    1620     0.5
    1630     0.5
    1640     0.5
    1650     0.5
    1660     0.5
    1670     0.5
    1680     0.5
    1690     0.6
    1700     0.6
    1710     0.6
    1720     0.6
    1730     0.6
    1740     0.6
    1750     0.7
    1760     0.7
    1770     0.8
    1780     0.8
    1790     0.9
    1800     1.2
    1810     1.4
    1820     1.2
    1830     0.9
    1840     0.7
    1850     0.6
    1860     0.8
    1870     0.9
    1880     1.1
    1890     1.0
    1900     0.9
    1910     0.7
    1920     0.7
    1930     0.7
    1940     0.7
    1950     0.8
    1960     0.8
    1970     0.7
    1980     0.7
    1990     0.7
    2000     0.7
    2010     0.7
    2020     0.8
    2030     0.8
    2040     0.8
    2050     0.8
    2060     0.7
    2070     0.8
    2080     0.8
    2090     0.8
    2100     0.7
    2110     0.7
    2120     0.7
    2130     0.7
    2140     0.8
    2150     0.9
    2160     0.9
    2170     0.9
    2180     0.9
    2190     0.9
    2200     0.9
    2210     0.9
    2220     0.9
    2230     0.9
    2240     0.8
    2250     0.9
    2260     1.0
    2270     1.0
    2280     1.0
    2290     1.2
    2300     1.5
    2310     1.8
    2320     1.7
    2330     1.4
    2340     1.1
    2350     1.0
    2360     1.0
    2370     1.0
    2380     1.0
    2390     0.9
    2400     0.9
    2410     1.0
    2420     1.0
    2430     1.0
    2440     1.1
    2450     1.1
    2460     1.3
    2470     1.2
    2480     1.1
    2490     1.0
    2500     1.0
    2510     1.1
    2520     1.1
    2530     1.4
    2540     1.3
    2550     1.1
    2560     1.1
    2570     1.1
    2580     1.1
    2590     1.1
    2600     1.1
    2610     1.2
    2620     1.3
    2630     1.3
    2640     1.3
    2650     1.2
    2660     1.2
    2670     1.4
    2680     1.4
    2690     1.3
    2700     1.2
    2710     1.3
    2720     1.3
    2730     1.3
    2740     1.2
    2750     1.3
    2760     1.4
    2770     1.4
    2780     1.5
    2790     1.7
    2800     1.8
    2810     1.5
    2820     1.3
    2830     1.3
    2840     1.3
    2850     1.3
    2860     1.3
    2870     1.3
    2880     1.4
    2890     1.7
    2900     1.7
    2910     1.8
    2920     2.0
    2930     2.0
    2940    18.0
    2950    55.6
    2960    53.6
    2970    53.1
    2980    57.5
    2990    53.4
    3000    53.9
    3010    59.8
    3020    20.7
    3030     1.5
    3040     1.6
    3050     1.5
    3060     1.4
    3070     1.4
    3080     1.5
    3090     1.6
    3100     1.6
    3110     1.7
    3120     1.8
    3130     1.8
    3140     1.8
    3150     2.0
    3160     2.1
    3170     1.7
    3180     1.7
    3190     1.8
    3200     2.1
    3210     1.9
    3220     1.7
    3230     1.6
    3240     1.6
    3250     1.6
    3260     1.7
    3270     2.0
    3280     2.2
    3290     2.1
    3300     2.0
    3310     2.0
    3320     2.0
    3330     2.2
    3340     1.8
    3350     1.8
    3360     1.8
    3370     1.8
    3380     1.8
    3390     1.8
    3400     1.8
    3410     1.9
    3420     1.9
    3430     1.8
    3440     1.6
    3450     1.6
    3460     1.7
    3470     1.7
    3480     1.8
    3490     1.8
    3500     1.8
    3510     1.8
    3520     1.8
    3530     1.8
    3540     1.8
    3550     1.8
    3560     1.8
    3570     1.8
    3580     1.8
    3590     1.8
    3600     1.9
    3610     1.9
    3620     1.8
    3630     1.7
    3640     1.8
    3650     1.9
    3660     2.0
    3670     1.9
    3680     2.0
    3690     2.0
    3700     2.0
    3710     2.0
    3720     1.9
    3730     1.9
    3740     2.0
    3750     2.0
    3760     2.1
    3770     2.0
    3780     2.0
    3790     2.1
    3800     2.3
    3810     2.3
    3820     2.4
    3830     2.3
    3840     2.2
    3850     2.2
    3860     2.1
    3870     2.1
    3880     2.2
    3890     2.1
    3900     2.0
    3910     1.8
    3920     1.9
    3930     2.0
    3940     2.0
    3950     2.1
    3960     2.1
    3970     2.2
    3980     2.2
    3990     2.2
    4000     2.2
    4010     2.3
    4020     2.4
    4030     2.4
    4040     2.4
    4050     2.3
    4060     2.3
    4070     2.3
    4080     2.3
    4090     2.4
    4100     2.5
    4110     2.4
    4120     2.4
    4130     2.4
    4140     2.4
    4150     2.5
    4160     2.5
    4170     2.6
    4180     2.6
    4190     2.6
    4200     2.6
    4210     2.6
    4220     2.7
    4230     2.7
    4240     2.7
    4250     2.6
    4260     2.5
    4270     2.4
    4280     2.1
    4290     1.9
    4300     2.2
    4310     2.5
    4320     2.4
    4330     2.3
    4340     2.5
    4350     2.8
    4360     2.8
    4370     2.8
    4380     2.7
    4390     2.7
    4400     2.7
    4410     2.8
    4420     2.8
    4430     2.8
    4440     2.9
    4450     2.9
    4460     2.9
    4470     2.9
    4480     2.9
    4490     2.8
    4500     2.8
    4510    13.8
    4520    25.4
    4530    26.2
    4540    24.7
    4550    17.1
    4560     7.2
    4570     3.2
    4580     3.3
    4590     3.4
    4600     3.4
    4610     7.0
    4620    16.9
    4630    21.8
    4640    11.8
    4650     3.2
    4660     3.2
    4670     3.2
    4680     3.2
    4690     3.1
    4700     3.1
    4710     3.1
    4720     3.1
    4730     3.1
    4740     3.1
    4750     3.1
    4760     2.9
    4770     2.7
    4780     2.5
    4790     2.3
    4800     2.3
    4810     2.5
    4820     2.8
    4830     2.9
    4840     3.1
    4850     3.0
    4860     2.8
    4870     2.8
    4880     2.9
    4890     2.9
    4900     3.0
    4910     3.0
    4920     3.0
    4930     3.0
    4940     3.1
    4950     3.2
    4960     3.4
    4970     3.6
    4980     3.6
    4990     3.7
    5000     3.9
    5010     4.1
    5020     4.1
    5030     4.1
    5040     3.9
    5050     3.7
    5060     3.7
    5070     3.7
    5080     3.6
    5090     3.6
    5100     3.5
    5110     3.3
    5120     3.0
    5130     2.6
    5140     2.7
    5150     3.3
    5160     3.8
    5170     3.9
    5180     4.0
    5190     3.8
    5200     3.7
    5210     3.9
    5220     4.1
    5230     4.3
    5240     4.5
    5250     4.5
    5260     4.6
    5270     4.5
    5280     4.5
    5290     4.2
    5300     3.7
    5310     3.3
    5320     3.1
    5330     2.9
    5340     2.9
    5350     2.9
    5360     3.1
    5370     3.2
    5380     3.2
    5390     3.2
    5400     3.5
    5410     3.8
    5420     3.8
    5430     3.8
    5440     3.9
    5450     4.0
    5460     4.0
    5470     4.0
    5480     4.0
    5490     4.0
    5500     4.0
    5510     3.9
    5520     3.9
    5530     4.0
    5540     4.1
    5550     4.1
    5560     4.0
    5570     3.7
    5580     3.5
    5590     3.4
    5600     3.3
    5610     3.0
    5620     2.7
    5630     2.7
    5640     2.8
    5650     3.4
    5660     4.4
    5670     4.7
    5680     4.6
    5690     4.7
    5700     4.9
    5710     4.7
    5720     3.8
    5730     3.0
    5740     2.8
    5750     2.6
    5760     2.9
    5770     3.1
    5780     3.6
    5790     4.0
    5800     3.9
    5810     3.6
    5820     3.5
    5830     3.3
    5840     3.4
    5850     3.5
    5860   276.3
    5870     5.6
    5880     5.6
    5890     5.7
    5900     5.7
    5910     5.7
    5920     5.5
    5930     5.4
    5940     5.4
    5950     5.5
    5960     5.6
    5970     5.7
    5980     5.7
    5990     5.8
    6000     5.8
    6010   143.3
    6020   284.5
    6030   425.6
    6040   468.6
    6050   468.7
    6060   468.9
    6070   409.7
    6080   268.2
    6090   126.7
    6100     5.4
    6110     5.5
    6120     5.6
    6130     5.8
    6140     6.0
    6150     6.2
    6160     6.4
    6170     6.4
    6180     6.3
    6190     6.2
    6200     6.1
    6210     6.0
    6220     5.9
    6230     5.8
    6240     5.6
    6250     5.4
    6260     5.1
    6270     5.3
    6280     5.6
    6290     5.9
    6300     5.9
    6310     5.6
    6320     5.2
    6330     5.0
    6340     5.1
    6350     5.2
    6360     5.3
    6370     5.3
    6380     5.2
    6390     5.2
    6400     5.2
    6410     5.3
    6420     5.3
    6430     5.3
    6440     4.9
    6450     4.6
    6460     4.2
    6470     4.0
    6480     3.7
    6490     3.5
    6500     4.1
    6510     5.0
    6520     5.8
    6530     6.2
    6540     6.3
    6550     6.3
    6560     6.4
    6570     6.6
    6580     6.8
    6590     7.0
    6600     7.0
    6610     7.0
    6620     7.0
    6630     6.7
    6640     6.3
    6650     5.9
    6660     5.8
    6670     6.3
    6680     6.7
    6690     7.1
    6700     7.4
    6710     7.6
    6720     7.8
    6730     7.8
    6740     7.9
    6750     7.9
    6760     7.9
    6770     7.8
    6780     7.8
    6790     7.7
    6800     7.8
    6810     7.8
    6820     7.9
    6830     8.1
    6840     8.3
    6850     8.5
    6860     8.4
    6870     8.1
    6880     7.9
    6890     7.8
    6900     7.9
    6910     8.0
    6920     8.0
    6930     7.9
    6940     7.7
    6950     7.6
    6960     7.5
    6970     7.4
    6980     7.3
    6990     7.6
    7000     8.0
    7010     8.4
    7020     8.6
    7030     8.4
    7040     8.2
    7050     8.0
    7060     7.8
    7070     7.6
    7080     7.4
    7090     7.1
    7100     6.7
    7110     6.4
    7120     6.1
    7130     5.9
    7140     5.7
    7150     5.5
    7160     5.3
    7170     5.2
    7180     5.0
    7190     5.2
    7200     5.4
    7210     5.6
    7220     5.7
    7230     5.8
    7240     5.9
    7250     5.9
    7260     5.9
    7270     5.9
    7280     5.8
    7290     5.1
    7300     4.4
    7310     3.7
    7320     3.5
    7330     3.3
    7340     3.2
    7350     2.9
    7360     2.6
    7370     2.3
    7380    11.5
    7390    11.3
    7400    11.1
    7410    11.0
    7420    11.0
    7430    10.9
    7440    10.8
    7450    10.2
    7460     9.9
    7470     9.8
    7480     9.7
    7490     9.6
    7500     9.6
    7510     9.4
    7520     9.1
    7530     8.7
    7540     8.8
    7550     8.3
    7560     7.0
    7570     6.0
    7580     5.1
    7590     4.2
    7600     5.3
    7610     6.4
    7620     6.3
    7630     7.3
    7640     8.5
    7650     8.9
    7660     9.2
    7670     9.3
    7680     8.4
    7690     8.5
    7700     9.3
    7710     9.7
    7720     9.9
    7730     9.8
    7740     8.9
    7750     8.8
    7760     9.8
    7770     9.3
    7780     9.0
    7790     9.0
    7800     9.7
    7810    10.4
    7820    10.8
    7830    11.5
    7840    11.8
    7850    10.7
    7860     9.5
    7870     8.8
    7880    10.6
    7890    11.1
    7900    10.7
    7910     9.8
    7920     9.3
    7930     9.2
    7940     5.2
    7950     3.0
    7960     2.7
    7970     2.9
    7980     3.1
    7990     3.3
    8000     7.1
    8010    10.0
    8020    10.0
    8030     6.5
    8040     3.1
    8050     3.2
    8060     3.2
    8070     3.3
    8080     3.4
    8090     6.6
    8100    10.8
    8110     9.7
    8120     7.2
    8130     3.7
    8140     3.1
    8150     2.9
    8160     3.1
    8170     3.3
    8180     4.3
    8190     6.3
    8200     7.7
    8210     8.5
    8220     8.4
    8230     8.8
    8240     9.1
    8250     8.7
    8260     8.4
    8270     8.4
    8280     8.9
    8290     9.5
    8300    10.1
    8310     9.9
    8320     9.8
    8330     9.8
    8340    10.0
    8350    10.7
    8360    11.9
    8370    11.9
    8380    11.1
    8390     9.6
    8400    10.9
    8410    12.4
    8420    13.8
    8430    14.7
    8440    14.8
    8450    13.4
    8460    12.3
    8470    11.4
    8480    11.3
    8490    11.6
    8500    12.0
    8510    12.1
    8520    12.1
    8530    12.2
    8540    12.2
    8550    12.2
    8560    12.1
    8570    11.6
    8580    11.4
    8590    11.5
    8600    11.0
    8610    10.2
    8620     9.0
    8630     8.5
    8640     8.3
    8650     8.3
    8660    10.2
    8670    12.2
    8680    12.7
    8690    12.8
    8700    12.8
    8710    12.8
    8720    12.7
    8730    12.2
    8740    10.4
    8750     9.3
    8760     8.7
    8770     8.1
    8780     8.4
    8790     9.8
    8800    11.8
    8810    12.8
    8820    12.8
    8830    13.1
    8840    13.4
    8850    13.3
    8860    13.4
    8870    13.4
    8880    13.3
    8890    13.1
    8900    13.0
    8910    13.4
    8920    13.6
    8930    13.5
    8940    13.0
    8950    11.9
    8960    10.4
    8970    10.1
    8980     7.4
    8990     2.6
    9000     4.9
    9010     7.6
    9020    10.8
    9030    12.0
    9040    11.6
    9050     9.0
    9060     7.7
    9070     8.0
    9080    11.3
    9090    13.3
    9100    14.4
    9110    14.3
    9120    13.1
    9130    11.3
    9140     8.8
    9150     9.1
    9160    10.7
    9170     8.4
    9180     7.4
    9190     7.2
    9200     4.7
    9210    14.5
    9220    15.6
    9230    16.7
    9240    15.5
    9250    14.1
    9260    14.2
    9270    14.8
    9280    14.4
    9290    13.1
    9300    13.8
    9310    13.6
    9320    13.5
    9330    14.4
    9340    15.0
    9350    14.6
    9360    13.2
    9370    12.7
    9380    12.2
    9390    12.1
    9400    13.3
    9410    13.1
    9420    13.8
    9430    15.9
    9440    17.4
    9450    16.5
    9460    14.2
    9470    13.1
    9480    13.7
    9490    14.2
    9500    14.2
    9510    15.4
    9520    16.8
    9530    17.9
    9540    16.7
    9550     9.5
    9560     3.3
    9570     3.2
    9580     3.3
    9590     3.4
    9600     4.5
    9610    16.4
    9620    19.3
    9630    15.6
    9640     5.5
    9650     6.8
    9660     7.6
    9670     4.7
    9680     4.8
    9690     9.4
    9700    15.0
    9710    14.8
    9720    10.9
    9730     9.9
    9740    14.7
    9750    14.6
    9760    15.6
    9770    17.3
    9780    18.7
    9790    19.0
    9800    18.5
    9810    17.4
    9820    17.7
    9830    17.7
    9840    17.3
    9850    17.0
    9860    15.1
    9870    13.8
    9880    16.7
    9890    15.8
    9900    14.6
    9910    14.1
    9920    13.7
    9930    14.0
    9940    14.3
    9950    14.0
    9960    15.7
    9970    16.6
    9980    15.2
    9990    15.6
   10000    15.3
   10010    13.9
   10020     9.0
   10030     9.2
   10040    10.6
   10050     9.3
   10060     6.8
   10070     8.0
   10080    14.0
   10090    13.7
   10100    11.9
   10110    10.9
   10120    17.0
   10130    11.7
   10140     7.5
   10150    10.8
   10160    12.8
   10170    15.6
   10180    19.2
   10190    21.6
   10200    22.8
   10210    24.2
   10220    27.4
   10230    23.8
   10240    21.0
   10250    20.6
   10260    18.9
   10270    17.6
   10280    16.9
   10290    17.4
   10300    18.5
   10310    19.5
   10320    20.1
   10330    20.2
   10340    20.3
   10350    20.6
   10360    20.7
   10370    20.8
   10380    20.5
   10390    19.4
   10400    15.7
   10410    12.9
   10420    12.3
   10430    15.2
   10440    16.0
   10450    15.2
   10460    13.9
   10470    10.1
   10480     8.1
   10490    12.3
   10500    15.4
   10510    14.9
   10520    11.3
   10530    19.6
   10540    24.3
   10550    26.2
   10560    25.9
   10570    24.8
   10580    23.1
   10590    20.8
   10600    22.3
   10610    23.7
   10620    24.2
   10630    20.0
   10640    19.7
   10650    21.2
   10660    22.1
   10670    20.1
   10680    19.9
   10690    23.1
   10700    24.6
   10710    24.5
   10720    23.2
   10730    21.4
   10740    20.8
   10750    21.1
   10760    22.6
   10770    23.1
   10780    23.3
   10790    23.3
   10800    20.4
   10810    19.9
   10820    21.1
   10830    21.5
   10840    14.3
   10850     6.2
   10860     4.0
   10870     3.1
   10880     3.9
   10890     6.7
   10900    20.0
   10910    15.8
   10920    19.8
   10930    16.3
   10940     7.6
   10950     5.0
   10960    17.1
   10970    23.6
   10980    23.3
   10990    21.2
   11000    12.6
   11010     4.0
   11020     7.9
   11030    17.3
   11040    21.8
   11050    18.4
   11060    21.5
   11070     5.1
   11080     5.7
   11090    24.2
   11100    26.1
   11110    26.4
   11120    26.4
   11130    22.2
   11140     9.9
   11150     4.9
   11160     5.8
   11170    11.9
   11180    20.9
   11190    23.6
   11200    20.1
   11210    14.1
   11220    18.5
   11230    18.1
   11240    15.8
   11250    18.8
   11260    18.7
   11270    17.1
   11280    16.7
   11290    17.7
   11300    15.6
   11310    15.1
   11320    14.7
   11330    15.2
   11340    15.8
   11350    16.8
   11360    19.1
   11370    18.1
   11380    15.8
   11390    19.8
   11400    19.8
   11410    19.9
   11420    19.9
   11430    19.9
   11440    19.9
   11450    18.9
   11460    19.0
   11470    19.9
   11480    20.2
   11490    20.2
   11500    20.4
   11510    20.5
   11520    20.6
   11530    20.6
   11540    20.2
   11550    16.6
   11560    20.6
   11570    20.9
   11580    19.5
   11590    18.6
   11600    16.7
   11610    15.6
   11620    17.7
   11630    20.4
   11640    21.2
   11650    21.4
   11660    21.4
   11670    21.4
   11680    21.1
   11690    21.6
   11700    21.7
   11710    21.8
   11720    21.9
   11730    22.0
   11740    21.0
   11750    20.9
   11760    21.1
   11770    21.6
   11780    22.3
   11790    21.9
   11800    20.7
   11810    19.9
   11820    19.3
   11830    22.5
   11840    21.7
   11850    22.5
   11860    21.3
   11870    22.4
   11880    23.1
   11890    22.9
   11900    22.9
   11910    27.4
   11920    27.4
   11930    27.2
   11940    25.6
   11950    16.6
   11960     9.9
   11970     5.5
   11980     6.1
   11990    17.7
   12000    25.8
   12010    26.6
   12020    26.6
   12030    27.1
   12040    28.1
   12050    28.2
   12060    28.3
   12070    28.4
   12080    28.5
   12090    28.5
   12100    28.6
   12110    28.5
   12120    28.4
   12130    28.3
   12140    27.2
   12150    26.3
   12160    26.9
   12170    22.9
   12180    13.1
   12190    17.0
   12200    14.6
   12210     4.9
   12220     8.3
   12230    20.8
   12240    23.2
   12250    22.6
   12260    23.1
   12270    25.8
   12280    28.4
   12290    28.2
   12300    27.9
   12310    28.0
   12320    28.8
   12330    29.3
   12340    27.5
   12350    22.7
   12360    25.8
   12370    23.2
   12380    20.2
   12390    26.7
   12400    26.6
   12410    28.5
   12420    29.7
   12430    30.2
   12440    30.2
   12450    30.2
   12460    30.3
   12470    30.5
   12480    29.4
   12490    29.3
   12500    30.1
   12510    28.5
   12520    26.8
   12530    29.2
   12540    30.1
   12550    27.1
   12560    22.6
   12570    27.6
   12580    23.7
   12590    18.2
   12600    20.2
   12610    20.3
   12620    10.8
   12630    19.1
   12640    28.3
   12650    30.2
   12660    27.4
   12670    25.8
   12680    29.8
   12690    26.9
   12700    24.9
   12710    15.4
   12720     7.8
   12730     7.7
   12740    12.1
   12750     8.2
   12760    10.6
   12770    12.9
   12780    17.9
   12790    26.4
   12800    32.4
   12810    32.0
   12820    30.2
   12830    30.9
   12840    32.4
   12850    32.3
   12860    32.6
   12870    32.5
   12880    32.7
   12890    32.6
   12900    27.9
   12910    15.3
   12920     7.6
   12930    16.7
   12940    17.5
   12950    19.5
   12960    25.4
   12970    28.1
   12980    31.1
   12990    32.1
   13000    24.6
   13010    22.2
   13020    29.5
   13030    31.5
   13040    28.3
   13050    28.1
   13060    29.2
   13070    27.2
   13080    21.8
   13090    23.8
   13100    32.2
   13110    28.4
   13120    27.0
   13130    30.1
   13140    32.8
   13150    32.3
   13160    27.8
   13170    16.2
   13180    14.7
   13190    23.2
   13200    27.7
   13210    29.5
   13220    29.8
   13230    27.3
   13240    24.6
   13250    25.0
   13260    29.2
   13270    16.9
   13280    22.1
   13290    28.5
   13300    32.3
   13310    34.3
   13320    34.4
   13330    34.6
   13340    35.7
   13350   100.0
   13360   100.0
   13370   100.0
   13380   100.0
   13390   100.0
   13400   100.0
   13410   100.0
   13420   100.0
   13430   100.0
   13440   100.0
   13450   100.0
   13460   100.0
   13470   100.0
   13480   100.0
   13490   100.0
   13500   100.0
   13510   100.0
   13520   100.0
   13530   100.0
   13540   100.0
   13550   100.0
   13560   100.0
   13570   100.0
   13580   100.0
   13590   100.0
   13600   100.0
   13610   100.0
   13620   100.0
   13630   100.0
   13640   100.0
   13650   100.0
   13660   100.0
   13670   100.0
   13680   100.0
   13690   100.0
   13700   100.0
   13710   100.0
   13720   100.0
   13730   100.0
   13740   100.0
   13750   100.0
   13760   100.0
   13770   100.0
   13780   100.0
   13790   100.0
   13800   100.0
   13810   100.0
   13820   100.0
   13830   100.0
   13840   100.0
   13850   100.0
   13860   100.0
   13870   100.0
   13880   100.0
   13890   100.0
   13900   100.0
   13910   100.0
   13920   100.0
   13930   100.0
   13940   100.0
   13950   100.0
   13960   100.0
   13970   100.0
   13980   100.0
   13990   100.0
   14000   100.0
   14010   100.0
   14020   100.0
   14030   100.0
   14040   100.0
   14050   100.0
   14060   100.0
   14070   100.0
   14080   100.0
   14090   100.0
   14100   100.0
   14110   100.0
   14120   100.0
   14130   100.0
   14140   100.0
   14150   100.0
   14160   100.0
   14170   100.0
   14180   100.0
   14190   100.0
   14200   100.0
   14210   100.0
   14220   100.0
   14230   100.0
   14240   100.0
   14250   100.0
   14260   100.0
   14270   100.0
   14280   100.0
   14290   100.0
   14300   100.0
   14310   100.0
   14320   100.0
   14330   100.0
   14340   100.0
   14350   100.0
   14360   100.0
   14370   100.0
   14380   100.0
   14390   100.0
   14400   100.0
   14410   100.0
   14420   100.0
   14430   100.0
   14440   100.0
   14450   100.0
   14460   100.0
   14470   100.0
   14480   100.0
   14490   100.0
   14500   100.0
   14510   100.0
   14520   100.0
   14530   100.0
   14540   100.0
   14550   100.0
   14560   100.0
   14570   100.0
   14580   100.0
   14590   100.0
   14600   100.0
   14610   100.0
   14620   100.0
   14630   100.0
   14640   100.0
   14650   100.0
   14660   100.0
   14670   100.0
   14680   100.0
   14690   100.0
   14700   100.0
   14710   100.0
   14720   100.0
   14730   100.0
   14740   100.0
   14750   100.0
   14760   100.0
   14770   100.0
   14780   100.0
   14790   100.0
   14800   100.0
   14810   100.0
   14820   100.0
   14830   100.0
   14840   100.0
   14850   100.0
   14860    20.0
   14870    20.0
   14880    20.0
   14890    20.0
   14900    20.0
   14910    20.0
   14920    20.0
   14930    20.0
   14940    20.0
   14950    20.0
   14960    20.0
   14970    20.0
   14980    20.0
   14990    20.0
   15000    20.0
