       0     0.3
      10     0.3
      20     0.3
      30     0.3
      40     0.3
      50     0.3
      60     0.3
      70     0.3
      80     0.3
      90     0.3
     100     0.3
     110     0.3
     120     0.3
     130     0.3
     140     0.3
     150     0.3
     160     0.3
     170     0.3
     180     0.3
     190     0.3
     200     0.3
     210     0.3
     220     0.3
     230     0.3
     240     0.3
     250     0.3
     260     0.3
     270     0.3
     280     0.3
     290     0.3
     300     0.3
     310     0.3
     320     0.3
     330     0.3
     340     0.3
     350     0.3
     360     0.3
     370     0.3
     380     0.3
     390     0.3
     400     0.3
     410     0.3
     420     0.3
     430     0.3
     440     0.3
     450     0.3
     460     0.3
     470     0.3
     480     0.3
     490     0.3
     500     0.3
     510     0.3
     520     0.3
     530     0.3
     540     0.3
     550     0.3
     560     0.3
     570     0.3
     580     0.3
     590     0.3
     600     0.3
     610     0.3
     620     0.3
     630     0.3
     640     0.3
     650     0.3
     660     0.3
     670     0.3
     680     0.3
     690     0.3
     700     0.3
     710     0.3
     720     0.3
     730     0.3
     740     0.3
     750     0.3
     760     0.3
     770     0.3
     780     0.3
     790     0.3
     800     0.3
     810     0.3
     820     0.3
     830     0.3
     840     0.3
     850     0.3
     860     0.3
     870     0.3
     880     0.3
     890     0.3
     900     0.3
     910     0.3
     920     0.3
     930     0.3
     940     0.3
     950     0.3
     960     0.3
     970     0.3
     980     0.3
     990     0.3
    1000     0.3
    1010     0.3
    1020     0.3
    1030     0.3
    1040     0.3
    1050     0.3
    1060     0.3
    1070     0.3
    1080     0.3
    1090     0.3
    1100     0.3
    1110     0.3
    1120     0.3
    1130     0.3
    1140     0.3
    1150     0.3
    1160     0.3
    1170     0.3
    1180     0.3
    1190     0.3
    1200     0.3
    1210     0.3
    1220     0.3
    1230     0.3
    1240     0.3
    1250     0.3
    1260     0.3
    1270     0.3
    1280     0.3
    1290     0.3
    1300     0.3
    1310     0.3
    1320     0.3
    1330     0.3
    1340     0.3
    1350     0.3
    1360     0.3
    1370     0.3
    1380     0.3
    1390     0.3
    1400     0.3
    1410     0.3
    1420     0.3
    1430     0.3
    1440     0.3
    1450     0.3
    1460     0.3
    1470     0.3
    1480     0.3
    1490     0.3
    1500     0.3
    1510     0.3
    1520     0.3
    1530     0.3
    1540     0.3
    1550     0.3
    1560     0.3
    1570     0.5
    1580     0.5
    1590     0.5
    1600     0.5
    1610     0.5
    1620     0.5
    1630     0.5
    1640     0.5
    1650     0.5
    1660     0.5
    1670     0.5
    1680     0.5
    1690     0.5
    1700     0.5
    1710     0.5
    1720     0.5
    1730     0.5
    1740     0.5
    1750     0.6
    1760     0.6
    1770     0.6
    1780     0.6
    1790     0.7
    1800     1.0
    1810     1.1
    1820     0.9
    1830     0.7
    1840     0.5
    1850     0.5
    1860     0.6
    1870     0.7
    1880     0.9
    1890     0.8
    1900     0.6
    1910     0.5
    1920     0.6
    1930     0.6
    1940     0.5
    1950     0.6
    1960     0.6
    1970     0.5
    1980     0.5
    1990     0.5
    2000     0.5
    2010     0.5
    2020     0.6
    2030     0.6
    2040     0.6
    2050     0.6
    2060     0.5
    2070     0.6
    2080     0.6
    2090     0.6
    2100     0.5
    2110     0.5
    2120     0.5
    2130     0.5
    2140     0.6
    2150     0.6
    2160     0.6
    2170     0.6
    2180     0.6
    2190     0.6
    2200     0.6
    2210     0.6
    2220     0.6
    2230     0.6
    2240     0.6
    2250     0.6
    2260     0.6
    2270     0.7
    2280     0.7
    2290     0.9
    2300     1.2
    2310     1.7
    2320     1.4
    2330     1.1
    2340     0.7
    2350     0.7
    2360     0.6
    2370     0.6
    2380     0.6
    2390     0.6
    2400     0.6
    2410     0.6
    2420     0.6
    2430     0.6
    2440     0.7
    2450     0.7
    2460     0.9
    2470     0.7
    2480     0.7
    2490     0.6
    2500     0.6
    2510     0.6
    2520     0.7
    2530     0.9
    2540     0.9
    2550     0.7
    2560     0.6
    2570     0.6
    2580     0.7
    2590     0.7
    2600     0.7
    2610     0.7
    2620     0.8
    2630     0.8
    2640     0.8
    2650     0.7
    2660     0.8
    2670     1.1
    2680     1.1
    2690     0.9
    2700     0.7
    2710     1.0
    2720     0.9
    2730     0.7
    2740     0.7
    2750     0.7
    2760     0.8
    2770     0.8
    2780     1.0
    2790     1.2
    2800     1.3
    2810     1.0
    2820     0.7
    2830     0.7
    2840     0.7
    2850     0.7
    2860     0.7
    2870     0.7
    2880     0.8
    2890     1.1
    2900     1.1
    2910     1.3
    2920     1.6
    2930     1.5
    2940     2.0
    2950     3.5
    2960     2.7
    2970     2.6
    2980     3.2
    2990     2.6
    3000     2.4
    3010     2.9
    3020     1.4
    3030     0.8
    3040     0.8
    3050     0.8
    3060     0.7
    3070     0.7
    3080     0.7
    3090     0.8
    3100     0.9
    3110     0.9
    3120     1.0
    3130     1.1
    3140     1.1
    3150     1.3
    3160     1.5
    3170     1.0
    3180     0.8
    3190     1.0
    3200     1.5
    3210     1.3
    3220     0.8
    3230     0.8
    3240     0.7
    3250     0.7
    3260     0.8
    3270     1.4
    3280     1.9
    3290     1.7
    3300     1.7
    3310     1.6
    3320     1.6
    3330     1.9
    3340     0.8
    3350     0.8
    3360     0.8
    3370     0.8
    3380     0.8
    3390     0.8
    3400     0.8
    3410     0.8
    3420     0.8
    3430     0.9
    3440     1.0
    3450     0.9
    3460     0.9
    3470     0.9
    3480     0.9
    3490     0.9
    3500     0.8
    3510     0.8
    3520     0.8
    3530     0.8
    3540     0.8
    3550     0.8
    3560     0.9
    3570     1.0
    3580     0.9
    3590     0.9
    3600     0.9
    3610     0.9
    3620     1.0
    3630     1.1
    3640     1.1
    3650     1.0
    3660     1.0
    3670     0.9
    3680     0.9
    3690     0.8
    3700     0.8
    3710     0.9
    3720     0.9
    3730     0.9
    3740     1.0
    3750     1.0
    3760     0.9
    3770     1.0
    3780     1.0
    3790     1.0
    3800     0.9
    3810     0.9
    3820     0.9
    3830     0.9
    3840     0.9
    3850     0.9
    3860     0.9
    3870     0.9
    3880     0.9
    3890     0.9
    3900     1.0
    3910     1.0
    3920     0.9
    3930     0.9
    3940     0.9
    3950     0.9
    3960     0.9
    3970     0.9
    3980     0.9
    3990     0.9
    4000     0.9
    4010     0.9
    4020     0.9
    4030     0.9
    4040     0.9
    4050     1.0
    4060     1.0
    4070     1.1
    4080     1.1
    4090     1.0
    4100     0.9
    4110     1.0
    4120     1.0
    4130     1.0
    4140     1.0
    4150     1.0
    4160     0.9
    4170     0.9
    4180     0.9
    4190     1.0
    4200     1.0
    4210     1.0
    4220     1.0
    4230     1.0
    4240     1.0
    4250     1.0
    4260     1.0
    4270     1.1
    4280     1.1
    4290     1.1
    4300     1.1
    4310     1.0
    4320     1.2
    4330     1.4
    4340     1.2
    4350     1.1
    4360     1.0
    4370     1.0
    4380     1.1
    4390     1.2
    4400     1.2
    4410     1.0
    4420     1.0
    4430     1.0
    4440     1.0
    4450     1.0
    4460     1.0
    4470     1.1
    4480     1.1
    4490     1.1
    4500     1.0
    4510     3.1
    4520     5.3
    4530     4.5
    4540     3.2
    4550     2.2
    4560     1.4
    4570     1.1
    4580     1.1
    4590     1.1
    4600     1.1
    4610     1.4
    4620     2.1
    4630     2.5
    4640     1.7
    4650     1.1
    4660     1.1
    4670     1.0
    4680     1.0
    4690     1.0
    4700     1.0
    4710     1.0
    4720     1.0
    4730     1.0
    4740     1.0
    4750     1.0
    4760     1.1
    4770     1.3
    4780     1.4
    4790     1.5
    4800     1.5
    4810     1.4
    4820     1.2
    4830     1.1
    4840     1.0
    4850     1.1
    4860     1.2
    4870     1.2
    4880     1.3
    4890     1.2
    4900     1.1
    4910     1.1
    4920     1.0
    4930     1.0
    4940     1.0
    4950     1.1
    4960     1.1
    4970     1.1
    4980     1.1
    4990     1.2
    5000     1.2
    5010     1.2
    5020     1.2
    5030     1.2
    5040     1.2
    5050     1.1
    5060     1.1
    5070     1.1
    5080     1.1
    5090     1.2
    5100     1.2
    5110     1.3
    5120     1.4
    5130     1.4
    5140     1.4
    5150     1.3
    5160     1.2
    5170     1.2
    5180     1.2
    5190     1.2
    5200     1.2
    5210     1.2
    5220     1.2
    5230     1.2
    5240     1.3
    5250     1.3
    5260     1.3
    5270     1.3
    5280     1.3
    5290     1.4
    5300     1.5
    5310     1.8
    5320     2.1
    5330     2.3
    5340     2.3
    5350     2.2
    5360     1.8
    5370     1.5
    5380     1.4
    5390     1.3
    5400     1.3
    5410     1.2
    5420     1.2
    5430     1.1
    5440     1.1
    5450     1.1
    5460     1.1
    5470     1.1
    5480     1.1
    5490     1.1
    5500     1.2
    5510     1.2
    5520     1.2
    5530     1.2
    5540     1.2
    5550     1.2
    5560     1.2
    5570     1.4
    5580     1.5
    5590     1.5
    5600     1.5
    5610     1.8
    5620     2.0
    5630     2.0
    5640     1.9
    5650     1.7
    5660     1.4
    5670     1.3
    5680     1.2
    5690     1.2
    5700     1.3
    5710     1.4
    5720     1.7
    5730     2.0
    5740     2.3
    5750     2.6
    5760     2.2
    5770     1.9
    5780     1.6
    5790     1.3
    5800     1.6
    5810     1.9
    5820     2.0
    5830     1.9
    5840     2.0
    5850     2.1
    5860     4.0
    5870     1.5
    5880     1.5
    5890     1.5
    5900     1.5
    5910     1.5
    5920     1.4
    5930     1.4
    5940     1.4
    5950     1.4
    5960     1.5
    5970     1.5
    5980     1.5
    5990     1.6
    6000     1.6
    6010     3.1
    6020     4.6
    6030     6.2
    6040     6.6
    6050     6.6
    6060     6.5
    6070     5.9
    6080     4.4
    6090     2.9
    6100     1.6
    6110     1.6
    6120     1.6
    6130     1.5
    6140     1.5
    6150     1.5
    6160     1.5
    6170     1.5
    6180     1.5
    6190     1.5
    6200     1.5
    6210     1.5
    6220     1.6
    6230     1.6
    6240     1.6
    6250     1.6
    6260     1.5
    6270     1.5
    6280     1.5
    6290     1.4
    6300     1.5
    6310     1.6
    6320     1.7
    6330     1.8
    6340     1.7
    6350     1.7
    6360     1.6
    6370     1.6
    6380     1.5
    6390     1.5
    6400     1.5
    6410     1.5
    6420     1.6
    6430     1.6
    6440     1.7
    6450     1.9
    6460     2.0
    6470     2.1
    6480     2.2
    6490     2.3
    6500     2.1
    6510     1.9
    6520     1.6
    6530     1.5
    6540     1.5
    6550     1.6
    6560     1.6
    6570     1.6
    6580     1.6
    6590     1.7
    6600     1.6
    6610     1.6
    6620     1.6
    6630     1.6
    6640     1.6
    6650     1.6
    6660     1.6
    6670     1.6
    6680     1.6
    6690     1.6
    6700     1.6
    6710     1.6
    6720     1.7
    6730     1.7
    6740     1.7
    6750     1.7
    6760     1.7
    6770     1.7
    6780     1.6
    6790     1.6
    6800     1.6
    6810     1.7
    6820     1.7
    6830     1.7
    6840     1.7
    6850     1.8
    6860     1.8
    6870     1.7
    6880     1.7
    6890     1.6
    6900     1.7
    6910     1.7
    6920     1.7
    6930     1.7
    6940     1.7
    6950     1.7
    6960     1.7
    6970     1.8
    6980     1.8
    6990     1.8
    7000     1.9
    7010     1.9
    7020     1.9
    7030     1.9
    7040     1.8
    7050     1.7
    7060     1.8
    7070     1.9
    7080     1.9
    7090     2.0
    7100     2.0
    7110     2.0
    7120     2.0
    7130     2.1
    7140     2.2
    7150     2.2
    7160     2.1
    7170     2.0
    7180     1.9
    7190     1.9
    7200     1.9
    7210     1.8
    7220     1.8
    7230     1.8
    7240     1.9
    7250     1.9
    7260     1.9
    7270     1.9
    7280     1.9
    7290     1.9
    7300     1.8
    7310     1.8
    7320     1.8
    7330     1.8
    7340     1.8
    7350     1.9
    7360     1.9
    7370     1.9
    7380     2.3
    7390     2.3
    7400     2.2
    7410     2.2
    7420     2.2
    7430     2.2
    7440     2.1
    7450     2.0
    7460     1.9
    7470     1.9
    7480     1.9
    7490     1.9
    7500     1.9
    7510     1.8
    7520     1.8
    7530     1.7
    7540     1.7
    7550     1.8
    7560     1.9
    7570     2.1
    7580     2.3
    7590     2.3
    7600     2.1
    7610     2.0
    7620     1.9
    7630     1.8
    7640     1.7
    7650     1.7
    7660     1.8
    7670     1.8
    7680     2.0
    7690     2.0
    7700     1.8
    7710     1.9
    7720     1.9
    7730     2.0
    7740     1.8
    7750     1.8
    7760     1.9
    7770     1.8
    7780     1.7
    7790     1.8
    7800     1.9
    7810     2.0
    7820     2.0
    7830     2.2
    7840     2.2
    7850     2.1
    7860     2.0
    7870     1.9
    7880     2.1
    7890     2.1
    7900     2.0
    7910     1.8
    7920     1.8
    7930     1.7
    7940     1.8
    7950     1.9
    7960     1.9
    7970     1.8
    7980     1.8
    7990     1.9
    8000     1.9
    8010     1.9
    8020     1.9
    8030     1.9
    8040     1.9
    8050     2.0
    8060     1.9
    8070     1.9
    8080     1.9
    8090     2.0
    8100     2.2
    8110     2.1
    8120     2.2
    8130     2.4
    8140     2.4
    8150     2.4
    8160     2.4
    8170     2.3
    8180     2.2
    8190     1.7
    8200     1.8
    8210     1.9
    8220     1.7
    8230     1.7
    8240     1.6
    8250     1.5
    8260     1.6
    8270     1.6
    8280     1.6
    8290     1.8
    8300     2.0
    8310     2.0
    8320     1.9
    8330     1.8
    8340     1.8
    8350     1.9
    8360     2.2
    8370     2.2
    8380     2.2
    8390     2.1
    8400     2.1
    8410     2.2
    8420     2.4
    8430     2.6
    8440     2.7
    8450     2.5
    8460     2.3
    8470     2.2
    8480     2.1
    8490     2.1
    8500     2.1
    8510     2.1
    8520     2.1
    8530     2.1
    8540     2.1
    8550     2.1
    8560     2.1
    8570     2.1
    8580     2.2
    8590     2.2
    8600     2.4
    8610     2.4
    8620     2.3
    8630     2.4
    8640     2.5
    8650     2.6
    8660     2.4
    8670     2.2
    8680     2.2
    8690     2.2
    8700     2.2
    8710     2.2
    8720     2.2
    8730     2.2
    8740     2.5
    8750     2.6
    8760     2.5
    8770     2.7
    8780     2.6
    8790     2.2
    8800     2.2
    8810     2.2
    8820     2.2
    8830     2.2
    8840     2.2
    8850     2.2
    8860     2.2
    8870     2.2
    8880     2.2
    8890     2.2
    8900     2.2
    8910     2.2
    8920     2.2
    8930     2.3
    8940     2.3
    8950     2.3
    8960     2.2
    8970     2.4
    8980     2.3
    8990     1.9
    9000     2.3
    9010     2.5
    9020     2.5
    9030     2.5
    9040     2.4
    9050     2.3
    9060     2.7
    9070     2.9
    9080     2.6
    9090     2.4
    9100     2.4
    9110     2.3
    9120     2.3
    9130     2.4
    9140     2.4
    9150     2.3
    9160     2.3
    9170     2.0
    9180     1.9
    9190     1.9
    9200     1.9
    9210     2.3
    9220     2.6
    9230     2.7
    9240     2.5
    9250     2.2
    9260     2.2
    9270     2.3
    9280     2.3
    9290     2.1
    9300     2.2
    9310     2.4
    9320     2.5
    9330     2.7
    9340     2.7
    9350     2.6
    9360     2.4
    9370     2.5
    9380     2.3
    9390     2.0
    9400     2.1
    9410     2.1
    9420     2.2
    9430     2.5
    9440     2.7
    9450     2.7
    9460     2.6
    9470     2.3
    9480     2.3
    9490     2.3
    9500     2.2
    9510     2.4
    9520     2.6
    9530     2.8
    9540     2.6
    9550     2.3
    9560     2.1
    9570     2.0
    9580     2.0
    9590     2.1
    9600     2.1
    9610     2.9
    9620     3.0
    9630     2.8
    9640     2.3
    9650     2.3
    9660     2.3
    9670     2.3
    9680     2.3
    9690     2.4
    9700     2.5
    9710     2.5
    9720     3.4
    9730     3.7
    9740     2.4
    9750     2.2
    9760     2.3
    9770     2.6
    9780     2.8
    9790     2.8
    9800     2.8
    9810     2.7
    9820     3.0
    9830     3.1
    9840     3.2
    9850     3.4
    9860     3.5
    9870     3.5
    9880     2.8
    9890     2.5
    9900     2.2
    9910     2.1
    9920     2.1
    9930     2.2
    9940     2.4
    9950     2.3
    9960     2.4
    9970     2.5
    9980     2.3
    9990     2.4
   10000     2.7
   10010     3.2
   10020     3.1
   10030     3.4
   10040     3.8
   10050     3.9
   10060     3.9
   10070     3.6
   10080     3.0
   10090     2.9
   10100     3.0
   10110     3.2
   10120     3.0
   10130     3.0
   10140     3.0
   10150     2.9
   10160     2.8
   10170     2.8
   10180     2.8
   10190     3.1
   10200     3.3
   10210     3.5
   10220     3.9
   10230     3.4
   10240     3.0
   10250     2.9
   10260     2.7
   10270     2.5
   10280     2.4
   10290     2.5
   10300     2.6
   10310     2.8
   10320     2.9
   10330     2.9
   10340     3.1
   10350     3.3
   10360     3.3
   10370     3.2
   10380     2.9
   10390     2.9
   10400     3.0
   10410     3.0
   10420     2.8
   10430     2.8
   10440     2.7
   10450     2.6
   10460     3.0
   10470     3.2
   10480     3.2
   10490     2.9
   10500     3.2
   10510     3.6
   10520     4.0
   10530     3.9
   10540     3.9
   10550     3.9
   10560     3.7
   10570     3.4
   10580     3.2
   10590     2.8
   10600     3.0
   10610     3.3
   10620     3.4
   10630     2.9
   10640     2.9
   10650     3.1
   10660     3.4
   10670     3.7
   10680     3.8
   10690     3.3
   10700     3.4
   10710     3.4
   10720     3.2
   10730     2.9
   10740     2.8
   10750     2.9
   10760     3.1
   10770     3.6
   10780     3.7
   10790     3.3
   10800     3.1
   10810     3.0
   10820     3.0
   10830     3.1
   10840     3.0
   10850     2.8
   10860     2.5
   10870     2.4
   10880     2.4
   10890     2.4
   10900     3.0
   10910     3.1
   10920     3.1
   10930     3.1
   10940     3.3
   10950     3.4
   10960     3.2
   10970     3.1
   10980     3.1
   10990     3.2
   11000     3.4
   11010     3.6
   11020     3.5
   11030     3.3
   11040     3.3
   11050     3.4
   11060     3.3
   11070     3.7
   11080     3.8
   11090     3.3
   11100     3.3
   11110     3.3
   11120     3.3
   11130     3.4
   11140     3.8
   11150     4.0
   11160     4.0
   11170     3.8
   11180     3.6
   11190     3.5
   11200     6.2
   11210    10.5
   11220     2.5
   11230     2.8
   11240     4.6
   11250     2.6
   11260     2.6
   11270     3.6
   11280     4.0
   11290     3.2
   11300     6.2
   11310     6.4
   11320     7.5
   11330     6.8
   11340     5.3
   11350     4.7
   11360     2.7
   11370     3.8
   11380     6.3
   11390     2.6
   11400     2.6
   11410     2.6
   11420     2.6
   11430     2.7
   11440     2.7
   11450     3.2
   11460     3.1
   11470     2.8
   11480     2.7
   11490     2.7
   11500     2.7
   11510     2.6
   11520     2.7
   11530     2.7
   11540     3.0
   11550     6.1
   11560     2.9
   11570     2.7
   11580     3.5
   11590     4.1
   11600     6.8
   11610     9.5
   11620     6.6
   11630     3.1
   11640     2.8
   11650     2.8
   11660     2.8
   11670     2.8
   11680     2.9
   11690     2.8
   11700     2.8
   11710     2.8
   11720     2.8
   11730     2.8
   11740     3.2
   11750     3.3
   11760     3.3
   11770     3.1
   11780     2.8
   11790     3.1
   11800     3.6
   11810     4.4
   11820     5.1
   11830     2.9
   11840     3.3
   11850     3.0
   11860     3.6
   11870     3.1
   11880     2.9
   11890     3.0
   11900     3.0
   11910     3.4
   11920     3.4
   11930     3.4
   11940     3.3
   11950     3.1
   11960     2.9
   11970     2.8
   11980     2.8
   11990     3.1
   12000     3.3
   12010     3.4
   12020     3.4
   12030     3.4
   12040     3.4
   12050     3.4
   12060     3.4
   12070     3.4
   12080     3.4
   12090     3.4
   12100     3.4
   12110     3.4
   12120     3.4
   12130     3.4
   12140     3.4
   12150     3.4
   12160     3.4
   12170     3.3
   12180     3.1
   12190     3.2
   12200     3.1
   12210     2.9
   12220     3.0
   12230     3.3
   12240     3.3
   12250     3.3
   12260     3.3
   12270     3.4
   12280     3.5
   12290     3.5
   12300     3.5
   12310     3.5
   12320     3.5
   12330     3.5
   12340     3.5
   12350     3.3
   12360     3.4
   12370     3.4
   12380     3.3
   12390     3.5
   12400     3.5
   12410     3.5
   12420     3.5
   12430     3.6
   12440     3.6
   12450     3.6
   12460     3.6
   12470     3.6
   12480     3.5
   12490     3.5
   12500     3.6
   12510     3.5
   12520     3.5
   12530     3.5
   12540     3.6
   12550     3.5
   12560     3.4
   12570     3.5
   12580     3.4
   12590     3.3
   12600     3.4
   12610     3.4
   12620     3.2
   12630     3.4
   12640     3.6
   12650     3.6
   12660     3.5
   12670     3.5
   12680     3.6
   12690     3.5
   12700     3.5
   12710     3.3
   12720     3.2
   12730     3.2
   12740     3.3
   12750     3.2
   12760     3.2
   12770     3.3
   12780     3.4
   12790     3.6
   12800     3.7
   12810     3.7
   12820     3.7
   12830     3.7
   12840     3.7
   12850     3.7
   12860     3.7
   12870     3.7
   12880     3.7
   12890     3.7
   12900     3.6
   12910     3.4
   12920     3.3
   12930     3.4
   12940     3.4
   12950     3.5
   12960     3.6
   12970     3.7
   12980     3.7
   12990     3.7
   13000     3.6
   13010     3.6
   13020     3.7
   13030     3.7
   13040     3.7
   13050     3.7
   13060     3.7
   13070     3.7
   13080     3.6
   13090     3.6
   13100     3.8
   13110     3.7
   13120     3.7
   13130     3.7
   13140     3.8
   13150     3.8
   13160     3.7
   13170     3.5
   13180     3.5
   13190     3.6
   13200     3.7
   13210     3.8
   13220     3.8
   13230     3.7
   13240     3.7
   13250     3.7
   13260     3.8
   13270     3.6
   13280     3.7
   13290     3.8
   13300     3.8
   13310     3.9
   13320     3.9
   13330     3.9
   13340     3.9
   13350   100.0
   13360   100.0
   13370   100.0
   13380   100.0
   13390   100.0
   13400   100.0
   13410   100.0
   13420   100.0
   13430   100.0
   13440   100.0
   13450   100.0
   13460   100.0
   13470   100.0
   13480   100.0
   13490   100.0
   13500   100.0
   13510   100.0
   13520   100.0
   13530   100.0
   13540   100.0
   13550   100.0
   13560   100.0
   13570   100.0
   13580   100.0
   13590   100.0
   13600   100.0
   13610   100.0
   13620   100.0
   13630   100.0
   13640   100.0
   13650   100.0
   13660   100.0
   13670   100.0
   13680   100.0
   13690   100.0
   13700   100.0
   13710   100.0
   13720   100.0
   13730   100.0
   13740   100.0
   13750   100.0
   13760   100.0
   13770   100.0
   13780   100.0
   13790   100.0
   13800   100.0
   13810   100.0
   13820   100.0
   13830   100.0
   13840   100.0
   13850   100.0
   13860   100.0
   13870   100.0
   13880   100.0
   13890   100.0
   13900   100.0
   13910   100.0
   13920   100.0
   13930   100.0
   13940   100.0
   13950   100.0
   13960   100.0
   13970   100.0
   13980   100.0
   13990   100.0
   14000   100.0
   14010   100.0
   14020   100.0
   14030   100.0
   14040   100.0
   14050   100.0
   14060   100.0
   14070   100.0
   14080   100.0
   14090   100.0
   14100   100.0
   14110   100.0
   14120   100.0
   14130   100.0
   14140   100.0
   14150   100.0
   14160   100.0
   14170   100.0
   14180   100.0
   14190   100.0
   14200   100.0
   14210   100.0
   14220   100.0
   14230   100.0
   14240   100.0
   14250   100.0
   14260   100.0
   14270   100.0
   14280   100.0
   14290   100.0
   14300   100.0
   14310   100.0
   14320   100.0
   14330   100.0
   14340   100.0
   14350   100.0
   14360   100.0
   14370   100.0
   14380   100.0
   14390   100.0
   14400   100.0
   14410   100.0
   14420   100.0
   14430   100.0
   14440   100.0
   14450   100.0
   14460   100.0
   14470   100.0
   14480   100.0
   14490   100.0
   14500   100.0
   14510   100.0
   14520   100.0
   14530   100.0
   14540   100.0
   14550   100.0
   14560   100.0
   14570   100.0
   14580   100.0
   14590   100.0
   14600   100.0
   14610   100.0
   14620   100.0
   14630   100.0
   14640   100.0
   14650   100.0
   14660   100.0
   14670   100.0
   14680   100.0
   14690   100.0
   14700   100.0
   14710   100.0
   14720   100.0
   14730   100.0
   14740   100.0
   14750   100.0
   14760   100.0
   14770   100.0
   14780   100.0
   14790   100.0
   14800   100.0
   14810   100.0
   14820   100.0
   14830   100.0
   14840   100.0
   14850   100.0
   14860    20.0
   14870    20.0
   14880    20.0
   14890    20.0
   14900    20.0
   14910    20.0
   14920    20.0
   14930    20.0
   14940    20.0
   14950    20.0
   14960    20.0
   14970    20.0
   14980    20.0
   14990    20.0
   15000    20.0
