       0  0.0000
      10  0.0000
      20  0.0000
      30  0.0000
      40  0.0000
      50  0.0000
      60  0.0000
      70  0.0000
      80  0.0000
      90  0.0000
     100  0.0000
     110  0.0000
     120  0.0000
     130  0.0000
     140  0.0000
     150  0.0000
     160  0.0000
     170  0.0000
     180  0.0000
     190  0.0000
     200  0.0000
     210  0.0000
     220  0.0000
     230  0.0000
     240  0.0000
     250  0.0000
     260  0.0000
     270  0.0000
     280  0.0000
     290  0.0000
     300  0.0000
     310  0.0000
     320  0.0000
     330  0.0000
     340  0.0000
     350  0.0000
     360  0.0000
     370  0.0000
     380  0.0000
     390  0.0000
     400  0.0000
     410  0.0000
     420  0.0000
     430  0.0000
     440  0.0000
     450  0.0000
     460  0.0000
     470  0.0000
     480  0.0000
     490  0.0000
     500  0.0000
     510  0.0000
     520  0.0000
     530  0.0000
     540  0.0000
     550  0.0000
     560  0.0000
     570  0.0000
     580  0.0000
     590  0.0000
     600  0.0000
     610  0.0000
     620  0.0000
     630  0.0000
     640  0.0000
     650  0.0000
     660  0.0000
     670  0.0000
     680  0.0000
     690  0.0000
     700  0.0000
     710  0.0000
     720  0.0000
     730  0.0000
     740  0.0000
     750  0.0000
     760  0.0000
     770  0.0000
     780  0.0000
     790  0.0000
     800  0.0000
     810  0.0000
     820  0.0000
     830  0.0000
     840  0.0000
     850  0.0000
     860  0.0000
     870  0.0000
     880  0.0000
     890  0.0000
     900  0.0000
     910  0.0000
     920  0.0000
     930  0.0000
     940  0.0000
     950  0.0000
     960  0.0000
     970  0.0000
     980  0.0000
     990  0.0000
    1000  0.0000
    1010  0.0000
    1020  0.0000
    1030  0.0000
    1040  0.0000
    1050  0.0000
    1060  0.0000
    1070  0.0000
    1080  0.0000
    1090  0.0000
    1100  0.0000
    1110  0.0000
    1120  0.0000
    1130  0.0000
    1140  0.0000
    1150  0.0000
    1160  0.0000
    1170  0.0000
    1180  0.0000
    1190  0.0000
    1200  0.0000
    1210  0.0000
    1220  0.0000
    1230  0.0000
    1240  0.0000
    1250  0.0000
    1260  0.0000
    1270  0.0000
    1280  0.0000
    1290  0.0000
    1300  0.0000
    1310  0.0000
    1320  0.0000
    1330  0.0000
    1340  0.0000
    1350  0.0000
    1360  0.0000
    1370  0.0000
    1380  0.0000
    1390  0.0000
    1400  0.0000
    1410  0.0000
    1420  0.0000
    1430  0.0000
    1440  0.0000
    1450  0.0000
    1460  0.0000
    1470  0.0000
    1480  0.0000
    1490  0.0000
    1500  0.0000
    1510  0.0000
    1520  0.0000
    1530  0.0000
    1540  0.0000
    1550  0.0000
    1560  0.0000
    1570  0.0144
    1580  0.0145
    1590  0.0146
    1600  0.0147
    1610  0.0147
    1620  0.0148
    1630  0.0149
    1640  0.0150
    1650  0.0151
    1660  0.0152
    1670  0.0153
    1680  0.0154
    1690  0.0155
    1700  0.0156
    1710  0.0157
    1720  0.0157
    1730  0.0158
    1740  0.0159
    1750  0.0160
    1760  0.0161
    1770  0.0162
    1780  0.0163
    1790  0.0164
    1800  0.0165
    1810  0.0166
    1820  0.0167
    1830  0.0168
    1840  0.0168
    1850  0.0169
    1860  0.0170
    1870  0.0171
    1880  0.0172
    1890  0.0173
    1900  0.0174
    1910  0.0175
    1920  0.0176
    1930  0.0177
    1940  0.0178
    1950  0.0179
    1960  0.0180
    1970  0.0180
    1980  0.0181
    1990  0.0182
    2000  0.0183
    2010  0.0184
    2020  0.0185
    2030  0.0186
    2040  0.0187
    2050  0.0188
    2060  0.0189
    2070  0.0190
    2080  0.0191
    2090  0.0192
    2100  0.0193
    2110  0.0193
    2120  0.0194
    2130  0.0195
    2140  0.0196
    2150  0.0197
    2160  0.0198
    2170  0.0199
    2180  0.0200
    2190  0.0201
    2200  0.0202
    2210  0.0203
    2220  0.0204
    2230  0.0205
    2240  0.0206
    2250  0.0207
    2260  0.0208
    2270  0.0209
    2280  0.0209
    2290  0.0210
    2300  0.0211
    2310  0.0212
    2320  0.0213
    2330  0.0214
    2340  0.0215
    2350  0.0216
    2360  0.0217
    2370  0.0218
    2380  0.0219
    2390  0.0220
    2400  0.0221
    2410  0.0222
    2420  0.0223
    2430  0.0224
    2440  0.0225
    2450  0.0226
    2460  0.0227
    2470  0.0227
    2480  0.0228
    2490  0.0229
    2500  0.0230
    2510  0.0231
    2520  0.0232
    2530  0.0233
    2540  0.0234
    2550  0.0235
    2560  0.0236
    2570  0.0237
    2580  0.0238
    2590  0.0239
    2600  0.0240
    2610  0.0241
    2620  0.0242
    2630  0.0243
    2640  0.0244
    2650  0.0245
    2660  0.0246
    2670  0.0247
    2680  0.0248
    2690  0.0249
    2700  0.0250
    2710  0.0250
    2720  0.0251
    2730  0.0252
    2740  0.0253
    2750  0.0254
    2760  0.0255
    2770  0.0256
    2780  0.0257
    2790  0.0258
    2800  0.0259
    2810  0.0260
    2820  0.0261
    2830  0.0262
    2840  0.0263
    2850  0.0264
    2860  0.0265
    2870  0.0266
    2880  0.0267
    2890  0.0268
    2900  0.0269
    2910  0.0270
    2920  0.0271
    2930  0.0272
    2940  0.0273
    2950  0.0274
    2960  0.0275
    2970  0.0276
    2980  0.0277
    2990  0.0278
    3000  0.0279
    3010  0.0280
    3020  0.0281
    3030  0.0282
    3040  0.0283
    3050  0.0284
    3060  0.0285
    3070  0.0286
    3080  0.0287
    3090  0.0288
    3100  0.0289
    3110  0.0290
    3120  0.0291
    3130  0.0292
    3140  0.0293
    3150  0.0294
    3160  0.0294
    3170  0.0295
    3180  0.0296
    3190  0.0297
    3200  0.0298
    3210  0.0299
    3220  0.0300
    3230  0.0301
    3240  0.0302
    3250  0.0303
    3260  0.0304
    3270  0.0305
    3280  0.0306
    3290  0.0307
    3300  0.0308
    3310  0.0309
    3320  0.0310
    3330  0.0311
    3340  0.0314
    3350  0.0311
    3360  0.0309
    3370  0.0307
    3380  0.0304
    3390  0.0302
    3400  0.0299
    3410  0.0297
    3420  0.0294
    3430  0.0292
    3440  0.0289
    3450  0.0287
    3460  0.0285
    3470  0.0282
    3480  0.0280
    3490  0.0277
    3500  0.0275
    3510  0.0272
    3520  0.0270
    3530  0.0268
    3540  0.0265
    3550  0.0263
    3560  0.0260
    3570  0.0258
    3580  0.0255
    3590  0.0253
    3600  0.0250
    3610  0.0248
    3620  0.0246
    3630  0.0243
    3640  0.0241
    3650  0.0238
    3660  0.0236
    3670  0.0233
    3680  0.0231
    3690  0.0229
    3700  0.0226
    3710  0.0224
    3720  0.0221
    3730  0.0219
    3740  0.0216
    3750  0.0214
    3760  0.0211
    3770  0.0209
    3780  0.0207
    3790  0.0204
    3800  0.0202
    3810  0.0199
    3820  0.0197
    3830  0.0194
    3840  0.0192
    3850  0.0190
    3860  0.0187
    3870  0.0185
    3880  0.0182
    3890  0.0180
    3900  0.0177
    3910  0.0175
    3920  0.0172
    3930  0.0170
    3940  0.0168
    3950  0.0165
    3960  0.0163
    3970  0.0160
    3980  0.0158
    3990  0.0155
    4000  0.0153
    4010  0.0151
    4020  0.0148
    4030  0.0146
    4040  0.0143
    4050  0.0141
    4060  0.0138
    4070  0.0136
    4080  0.0133
    4090  0.0131
    4100  0.0129
    4110  0.0126
    4120  0.0124
    4130  0.0121
    4140  0.0119
    4150  0.0116
    4160  0.0114
    4170  0.0112
    4180  0.0109
    4190  0.0107
    4200  0.0104
    4210  0.0102
    4220  0.0099
    4230  0.0097
    4240  0.0095
    4250  0.0092
    4260  0.0090
    4270  0.0087
    4280  0.0085
    4290  0.0082
    4300  0.0080
    4310  0.0077
    4320  0.0075
    4330  0.0073
    4340  0.0070
    4350  0.0068
    4360  0.0065
    4370  0.0063
    4380  0.0060
    4390  0.0058
    4400  0.0056
    4410  0.0053
    4420  0.0051
    4430  0.0048
    4440  0.0046
    4450  0.0043
    4460  0.0041
    4470  0.0038
    4480  0.0036
    4490  0.0034
    4500  0.0031
    4510  0.0029
    4520  0.0026
    4530  0.0024
    4540  0.0021
    4550  0.0019
    4560  0.0017
    4570  0.0014
    4580  0.0012
    4590  0.0009
    4600  0.0007
    4610  0.0004
    4620  0.0002
    4630 -0.0001
    4640 -0.0003
    4650 -0.0005
    4660 -0.0008
    4670 -0.0010
    4680 -0.0013
    4690 -0.0015
    4700 -0.0018
    4710 -0.0020
    4720 -0.0022
    4730 -0.0025
    4740 -0.0027
    4750 -0.0030
    4760 -0.0032
    4770 -0.0035
    4780 -0.0037
    4790 -0.0040
    4800 -0.0042
    4810 -0.0044
    4820 -0.0047
    4830 -0.0049
    4840 -0.0052
    4850 -0.0054
    4860 -0.0057
    4870 -0.0059
    4880 -0.0061
    4890 -0.0064
    4900 -0.0066
    4910 -0.0069
    4920 -0.0071
    4930 -0.0074
    4940 -0.0076
    4950 -0.0079
    4960 -0.0081
    4970 -0.0083
    4980 -0.0086
    4990 -0.0088
    5000 -0.0091
    5010 -0.0093
    5020 -0.0096
    5030 -0.0098
    5040 -0.0100
    5050 -0.0103
    5060 -0.0105
    5070 -0.0108
    5080 -0.0110
    5090 -0.0113
    5100 -0.0115
    5110 -0.0118
    5120 -0.0120
    5130 -0.0122
    5140 -0.0125
    5150 -0.0127
    5160 -0.0130
    5170 -0.0132
    5180 -0.0135
    5190 -0.0137
    5200 -0.0139
    5210 -0.0142
    5220 -0.0144
    5230 -0.0147
    5240 -0.0149
    5250 -0.0152
    5260 -0.0154
    5270 -0.0157
    5280 -0.0159
    5290 -0.0161
    5300 -0.0164
    5310 -0.0166
    5320 -0.0169
    5330 -0.0171
    5340 -0.0174
    5350 -0.0176
    5360 -0.0178
    5370 -0.0181
    5380 -0.0183
    5390 -0.0186
    5400 -0.0188
    5410 -0.0191
    5420 -0.0193
    5430 -0.0196
    5440 -0.0198
    5450 -0.0200
    5460 -0.0203
    5470 -0.0205
    5480 -0.0208
    5490 -0.0210
    5500 -0.0213
    5510 -0.0215
    5520 -0.0217
    5530 -0.0220
    5540 -0.0222
    5550 -0.0225
    5560 -0.0227
    5570 -0.0230
    5580 -0.0232
    5590 -0.0235
    5600 -0.0237
    5610 -0.0239
    5620 -0.0242
    5630 -0.0244
    5640 -0.0247
    5650 -0.0249
    5660 -0.0252
    5670 -0.0254
    5680 -0.0256
    5690 -0.0259
    5700 -0.0261
    5710 -0.0264
    5720 -0.0266
    5730 -0.0269
    5740 -0.0271
    5750 -0.0274
    5760 -0.0276
    5770 -0.0278
    5780 -0.0281
    5790 -0.0283
    5800 -0.0286
    5810 -0.0288
    5820 -0.0291
    5830 -0.0293
    5840 -0.0295
    5850 -0.0298
    5860 -0.0181
    5870  0.0023
    5880  0.0059
    5890  0.0094
    5900  0.0130
    5910  0.0137
    5920  0.0137
    5930  0.0137
    5940  0.0137
    5950  0.0137
    5960  0.0137
    5970  0.0137
    5980  0.0137
    5990  0.0137
    6000  0.0137
    6010  0.0137
    6020  0.0137
    6030  0.0137
    6040  0.0137
    6050  0.0137
    6060  0.0137
    6070  0.0137
    6080  0.0137
    6090  0.0137
    6100  0.0137
    6110  0.0137
    6120  0.0137
    6130  0.0137
    6140  0.0137
    6150  0.0137
    6160  0.0137
    6170  0.0137
    6180  0.0137
    6190  0.0137
    6200  0.0137
    6210  0.0137
    6220  0.0137
    6230  0.0137
    6240  0.0137
    6250  0.0137
    6260  0.0137
    6270  0.0137
    6280  0.0137
    6290  0.0137
    6300  0.0137
    6310  0.0137
    6320  0.0137
    6330  0.0137
    6340  0.0137
    6350  0.0137
    6360  0.0137
    6370  0.0137
    6380  0.0137
    6390  0.0137
    6400  0.0137
    6410  0.0137
    6420  0.0137
    6430  0.0137
    6440  0.0137
    6450  0.0137
    6460  0.0137
    6470  0.0137
    6480  0.0137
    6490  0.0137
    6500  0.0137
    6510  0.0137
    6520  0.0137
    6530  0.0137
    6540  0.0137
    6550  0.0137
    6560  0.0137
    6570  0.0137
    6580  0.0137
    6590  0.0137
    6600  0.0137
    6610  0.0137
    6620  0.0137
    6630  0.0137
    6640  0.0137
    6650  0.0137
    6660  0.0137
    6670  0.0137
    6680  0.0137
    6690  0.0137
    6700  0.0137
    6710  0.0137
    6720  0.0137
    6730  0.0137
    6740  0.0137
    6750  0.0137
    6760  0.0137
    6770  0.0137
    6780  0.0137
    6790  0.0137
    6800  0.0137
    6810  0.0137
    6820  0.0137
    6830  0.0137
    6840  0.0137
    6850  0.0137
    6860  0.0137
    6870  0.0137
    6880  0.0137
    6890  0.0137
    6900  0.0137
    6910  0.0137
    6920  0.0137
    6930  0.0137
    6940  0.0137
    6950  0.0137
    6960  0.0137
    6970  0.0137
    6980  0.0137
    6990  0.0137
    7000  0.0137
    7010  0.0137
    7020  0.0137
    7030  0.0137
    7040  0.0137
    7050  0.0137
    7060  0.0137
    7070  0.0137
    7080  0.0137
    7090  0.0137
    7100  0.0137
    7110  0.0137
    7120  0.0137
    7130  0.0137
    7140  0.0137
    7150  0.0137
    7160  0.0137
    7170  0.0137
    7180  0.0137
    7190  0.0137
    7200  0.0137
    7210  0.0137
    7220  0.0137
    7230  0.0137
    7240  0.0137
    7250  0.0137
    7260  0.0137
    7270  0.0137
    7280  0.0137
    7290  0.0137
    7300  0.0137
    7310  0.0137
    7320  0.0137
    7330  0.0137
    7340  0.0137
    7350  0.0137
    7360  0.0137
    7370  0.0137
    7380  0.0136
    7390  0.0134
    7400  0.0132
    7410  0.0130
    7420  0.0128
    7430  0.0127
    7440  0.0125
    7450  0.0123
    7460  0.0121
    7470  0.0119
    7480  0.0117
    7490  0.0115
    7500  0.0113
    7510  0.0112
    7520  0.0110
    7530  0.0108
    7540  0.0106
    7550  0.0104
    7560  0.0102
    7570  0.0100
    7580  0.0098
    7590  0.0096
    7600  0.0095
    7610  0.0093
    7620  0.0091
    7630  0.0089
    7640  0.0087
    7650  0.0085
    7660  0.0083
    7670  0.0082
    7680  0.0080
    7690  0.0078
    7700  0.0076
    7710  0.0074
    7720  0.0072
    7730  0.0070
    7740  0.0068
    7750  0.0067
    7760  0.0065
    7770  0.0063
    7780  0.0061
    7790  0.0059
    7800  0.0057
    7810  0.0055
    7820  0.0053
    7830  0.0052
    7840  0.0050
    7850  0.0048
    7860  0.0046
    7870  0.0044
    7880  0.0042
    7890  0.0040
    7900  0.0038
    7910  0.0037
    7920  0.0035
    7930  0.0033
    7940  0.0031
    7950  0.0029
    7960  0.0027
    7970  0.0025
    7980  0.0023
    7990  0.0022
    8000  0.0020
    8010  0.0018
    8020  0.0016
    8030  0.0014
    8040  0.0012
    8050  0.0010
    8060  0.0009
    8070  0.0007
    8080  0.0005
    8090  0.0003
    8100  0.0001
    8110 -0.0001
    8120 -0.0003
    8130 -0.0005
    8140 -0.0006
    8150 -0.0008
    8160 -0.0010
    8170 -0.0012
    8180 -0.0014
    8190 -0.0016
    8200 -0.0018
    8210 -0.0019
    8220 -0.0021
    8230 -0.0023
    8240 -0.0025
    8250 -0.0027
    8260 -0.0029
    8270 -0.0031
    8280 -0.0033
    8290 -0.0034
    8300 -0.0036
    8310 -0.0038
    8320 -0.0040
    8330 -0.0042
    8340 -0.0044
    8350 -0.0046
    8360 -0.0047
    8370 -0.0049
    8380 -0.0051
    8390 -0.0053
    8400 -0.0055
    8410 -0.0057
    8420 -0.0059
    8430 -0.0060
    8440 -0.0062
    8450 -0.0064
    8460 -0.0066
    8470 -0.0068
    8480 -0.0070
    8490 -0.0072
    8500 -0.0073
    8510 -0.0075
    8520 -0.0077
    8530 -0.0079
    8540 -0.0081
    8550 -0.0083
    8560 -0.0085
    8570 -0.0086
    8580 -0.0088
    8590 -0.0090
    8600 -0.0092
    8610 -0.0094
    8620 -0.0096
    8630 -0.0097
    8640 -0.0099
    8650 -0.0101
    8660 -0.0103
    8670 -0.0105
    8680 -0.0107
    8690 -0.0109
    8700 -0.0110
    8710 -0.0112
    8720 -0.0114
    8730 -0.0116
    8740 -0.0118
    8750 -0.0120
    8760 -0.0122
    8770 -0.0123
    8780 -0.0125
    8790 -0.0127
    8800 -0.0129
    8810 -0.0131
    8820 -0.0133
    8830 -0.0135
    8840 -0.0136
    8850 -0.0138
    8860 -0.0140
    8870 -0.0142
    8880 -0.0144
    8890 -0.0146
    8900 -0.0147
    8910 -0.0149
    8920 -0.0151
    8930 -0.0153
    8940 -0.0155
    8950 -0.0157
    8960 -0.0159
    8970 -0.0160
    8980 -0.0162
    8990 -0.0164
    9000 -0.0166
    9010 -0.0168
    9020 -0.0170
    9030 -0.0172
    9040 -0.0173
    9050 -0.0175
    9060 -0.0177
    9070 -0.0179
    9080 -0.0181
    9090 -0.0183
    9100 -0.0184
    9110 -0.0186
    9120 -0.0188
    9130 -0.0190
    9140 -0.0192
    9150 -0.0194
    9160 -0.0196
    9170 -0.0197
    9180 -0.0199
    9190 -0.0201
    9200 -0.0203
    9210 -0.0232
    9220 -0.0232
    9230 -0.0233
    9240 -0.0234
    9250 -0.0235
    9260 -0.0235
    9270 -0.0236
    9280 -0.0237
    9290 -0.0238
    9300 -0.0239
    9310 -0.0240
    9320 -0.0240
    9330 -0.0241
    9340 -0.0242
    9350 -0.0243
    9360 -0.0244
    9370 -0.0244
    9380 -0.0245
    9390 -0.0246
    9400 -0.0247
    9410 -0.0248
    9420 -0.0249
    9430 -0.0250
    9440 -0.0250
    9450 -0.0251
    9460 -0.0252
    9470 -0.0253
    9480 -0.0254
    9490 -0.0255
    9500 -0.0256
    9510 -0.0256
    9520 -0.0257
    9530 -0.0258
    9540 -0.0259
    9550 -0.0260
    9560 -0.0261
    9570 -0.0261
    9580 -0.0262
    9590 -0.0263
    9600 -0.0264
    9610 -0.0265
    9620 -0.0266
    9630 -0.0266
    9640 -0.0267
    9650 -0.0268
    9660 -0.0269
    9670 -0.0269
    9680 -0.0270
    9690 -0.0271
    9700 -0.0272
    9710 -0.0272
    9720 -0.0273
    9730 -0.0274
    9740 -0.0274
    9750 -0.0275
    9760 -0.0276
    9770 -0.0277
    9780 -0.0277
    9790 -0.0278
    9800 -0.0279
    9810 -0.0279
    9820 -0.0280
    9830 -0.0281
    9840 -0.0282
    9850 -0.0283
    9860 -0.0283
    9870 -0.0284
    9880 -0.0285
    9890 -0.0286
    9900 -0.0287
    9910 -0.0287
    9920 -0.0288
    9930 -0.0289
    9940 -0.0290
    9950 -0.0291
    9960 -0.0292
    9970 -0.0293
    9980 -0.0294
    9990 -0.0295
   10000 -0.0296
   10010 -0.0296
   10020 -0.0297
   10030 -0.0298
   10040 -0.0299
   10050 -0.0300
   10060 -0.0301
   10070 -0.0302
   10080 -0.0303
   10090 -0.0304
   10100 -0.0305
   10110 -0.0306
   10120 -0.0307
   10130 -0.0308
   10140 -0.0309
   10150 -0.0309
   10160 -0.0310
   10170 -0.0311
   10180 -0.0312
   10190 -0.0313
   10200 -0.0314
   10210 -0.0315
   10220 -0.0316
   10230 -0.0317
   10240 -0.0318
   10250 -0.0319
   10260 -0.0320
   10270 -0.0321
   10280 -0.0322
   10290 -0.0323
   10300 -0.0324
   10310 -0.0325
   10320 -0.0326
   10330 -0.0327
   10340 -0.0328
   10350 -0.0330
   10360 -0.0331
   10370 -0.0332
   10380 -0.0333
   10390 -0.0334
   10400 -0.0335
   10410 -0.0336
   10420 -0.0337
   10430 -0.0338
   10440 -0.0339
   10450 -0.0340
   10460 -0.0342
   10470 -0.0343
   10480 -0.0344
   10490 -0.0345
   10500 -0.0346
   10510 -0.0347
   10520 -0.0348
   10530 -0.0350
   10540 -0.0351
   10550 -0.0352
   10560 -0.0353
   10570 -0.0354
   10580 -0.0356
   10590 -0.0357
   10600 -0.0358
   10610 -0.0359
   10620 -0.0360
   10630 -0.0362
   10640 -0.0363
   10650 -0.0364
   10660 -0.0365
   10670 -0.0367
   10680 -0.0368
   10690 -0.0369
   10700 -0.0371
   10710 -0.0372
   10720 -0.0373
   10730 -0.0374
   10740 -0.0376
   10750 -0.0377
   10760 -0.0378
   10770 -0.0380
   10780 -0.0381
   10790 -0.0382
   10800 -0.0384
   10810 -0.0385
   10820 -0.0387
   10830 -0.0388
   10840 -0.0389
   10850 -0.0391
   10860 -0.0392
   10870 -0.0394
   10880 -0.0396
   10890 -0.0447
   10900 -0.0447
   10910 -0.0452
   10920 -0.0456
   10930 -0.0461
   10940 -0.0466
   10950 -0.0470
   10960 -0.0475
   10970 -0.0479
   10980 -0.0484
   10990 -0.0489
   11000 -0.0493
   11010 -0.0498
   11020 -0.0503
   11030 -0.0507
   11040 -0.0512
   11050 -0.0516
   11060 -0.0521
   11070 -0.0526
   11080 -0.0530
   11090 -0.0535
   11100 -0.0540
   11110 -0.0544
   11120 -0.0549
   11130 -0.0553
   11140 -0.0558
   11150 -0.0563
   11160 -0.0567
   11170 -0.0572
   11180 -0.0576
   11190 -0.0581
   11200 -0.0586
   11210 -0.0590
   11220 -0.0595
   11230 -0.0599
   11240 -0.0604
   11250 -0.0609
   11260 -0.0613
   11270 -0.0618
   11280 -0.0622
   11290 -0.0627
   11300 -0.0632
   11310 -0.0636
   11320 -0.0641
   11330 -0.0645
   11340 -0.0650
   11350 -0.0654
   11360 -0.0659
   11370 -0.0664
   11380 -0.0668
   11390 -0.0673
   11400 -0.0677
   11410 -0.0682
   11420 -0.0686
   11430 -0.0691
   11440 -0.0695
   11450 -0.0700
   11460 -0.0704
   11470 -0.0709
   11480 -0.0713
   11490 -0.0718
   11500 -0.0722
   11510 -0.0727
   11520 -0.0731
   11530 -0.0736
   11540 -0.0740
   11550 -0.0745
   11560 -0.0750
   11570 -0.0754
   11580 -0.0759
   11590 -0.0764
   11600 -0.0768
   11610 -0.0773
   11620 -0.0778
   11630 -0.0783
   11640 -0.0787
   11650 -0.0792
   11660 -0.0797
   11670 -0.0802
   11680 -0.0807
   11690 -0.0811
   11700 -0.0816
   11710 -0.0821
   11720 -0.0826
   11730 -0.0831
   11740 -0.0836
   11750 -0.0841
   11760 -0.0846
   11770 -0.0851
   11780 -0.0856
   11790 -0.0861
   11800 -0.0866
   11810 -0.0871
   11820 -0.0876
   11830 -0.0881
   11840 -0.0886
   11850 -0.0891
   11860 -0.0896
   11870 -0.0900
   11880 -0.0905
   11890 -0.0910
   11900 -0.0915
   11910 -0.1016
   11920 -0.1016
   11930 -0.1016
   11940 -0.1015
   11950 -0.1015
   11960 -0.1014
   11970 -0.1014
   11980 -0.1013
   11990 -0.1013
   12000 -0.1013
   12010 -0.1012
   12020 -0.1012
   12030 -0.1011
   12040 -0.1011
   12050 -0.1010
   12060 -0.1010
   12070 -0.1010
   12080 -0.1009
   12090 -0.1009
   12100 -0.1008
   12110 -0.1008
   12120 -0.1007
   12130 -0.1007
   12140 -0.1006
   12150 -0.1006
   12160 -0.1006
   12170 -0.1005
   12180 -0.1005
   12190 -0.1004
   12200 -0.1004
   12210 -0.1003
   12220 -0.1003
   12230 -0.1003
   12240 -0.1002
   12250 -0.1002
   12260 -0.1001
   12270 -0.1001
   12280 -0.1000
   12290 -0.1000
   12300 -0.1000
   12310 -0.0999
   12320 -0.0999
   12330 -0.0998
   12340 -0.0998
   12350 -0.0997
   12360 -0.0997
   12370 -0.0997
   12380 -0.0996
   12390 -0.0996
   12400 -0.0995
   12410 -0.0995
   12420 -0.0994
   12430 -0.0994
   12440 -0.0994
   12450 -0.0993
   12460 -0.0993
   12470 -0.0992
   12480 -0.0992
   12490 -0.0991
   12500 -0.0991
   12510 -0.0991
   12520 -0.0990
   12530 -0.0990
   12540 -0.0989
   12550 -0.0989
   12560 -0.0988
   12570 -0.0988
   12580 -0.0988
   12590 -0.0987
   12600 -0.0987
   12610 -0.0986
   12620 -0.0986
   12630 -0.0985
   12640 -0.0985
   12650 -0.0985
   12660 -0.0984
   12670 -0.0984
   12680 -0.0983
   12690 -0.0983
   12700 -0.0982
   12710 -0.0982
   12720 -0.0982
   12730 -0.0981
   12740 -0.0981
   12750 -0.0980
   12760 -0.0980
   12770 -0.0979
   12780 -0.0979
   12790 -0.0978
   12800 -0.0978
   12810 -0.0978
   12820 -0.0977
   12830 -0.0977
   12840 -0.0976
   12850 -0.0976
   12860 -0.0975
   12870 -0.0975
   12880 -0.0975
   12890 -0.0974
   12900 -0.0974
   12910 -0.0973
   12920 -0.0973
   12930 -0.0972
   12940 -0.0972
   12950 -0.0972
   12960 -0.0971
   12970 -0.0971
   12980 -0.0970
   12990 -0.0970
   13000 -0.0969
   13010 -0.0969
   13020 -0.0969
   13030 -0.0968
   13040 -0.0968
   13050 -0.0967
   13060 -0.0967
   13070 -0.0966
   13080 -0.0966
   13090 -0.0966
   13100 -0.0965
   13110 -0.0965
   13120 -0.0964
   13130 -0.0964
   13140 -0.0963
   13150 -0.0963
   13160 -0.0963
   13170 -0.0962
   13180 -0.0962
   13190 -0.0961
   13200 -0.0961
   13210 -0.0960
   13220 -0.0960
   13230 -0.0960
   13240 -0.0959
   13250 -0.0959
   13260 -0.0958
   13270 -0.0958
   13280 -0.0957
   13290 -0.0957
   13300 -0.0957
   13310 -0.0956
   13320 -0.0956
   13330 -0.0955
   13340 -0.0955
   13350  0.0000
   13360  0.0000
   13370  0.0000
   13380  0.0000
   13390  0.0000
   13400  0.0000
   13410  0.0000
   13420  0.0000
   13430  0.0000
   13440  0.0000
   13450  0.0000
   13460  0.0000
   13470  0.0000
   13480  0.0000
   13490  0.0000
   13500  0.0000
   13510  0.0000
   13520  0.0000
   13530  0.0000
   13540  0.0000
   13550  0.0000
   13560  0.0000
   13570  0.0000
   13580  0.0000
   13590  0.0000
   13600  0.0000
   13610  0.0000
   13620  0.0000
   13630  0.0000
   13640  0.0000
   13650  0.0000
   13660  0.0000
   13670  0.0000
   13680  0.0000
   13690  0.0000
   13700  0.0000
   13710  0.0000
   13720  0.0000
   13730  0.0000
   13740  0.0000
   13750  0.0000
   13760  0.0000
   13770  0.0000
   13780  0.0000
   13790  0.0000
   13800  0.0000
   13810  0.0000
   13820  0.0000
   13830  0.0000
   13840  0.0000
   13850  0.0000
   13860  0.0000
   13870  0.0000
   13880  0.0000
   13890  0.0000
   13900  0.0000
   13910  0.0000
   13920  0.0000
   13930  0.0000
   13940  0.0000
   13950  0.0000
   13960  0.0000
   13970  0.0000
   13980  0.0000
   13990  0.0000
   14000  0.0000
   14010  0.0000
   14020  0.0000
   14030  0.0000
   14040  0.0000
   14050  0.0000
   14060  0.0000
   14070  0.0000
   14080  0.0000
   14090  0.0000
   14100  0.0000
   14110  0.0000
   14120  0.0000
   14130  0.0000
   14140  0.0000
   14150  0.0000
   14160  0.0000
   14170  0.0000
   14180  0.0000
   14190  0.0000
   14200  0.0000
   14210  0.0000
   14220  0.0000
   14230  0.0000
   14240  0.0000
   14250  0.0000
   14260  0.0000
   14270  0.0000
   14280  0.0000
   14290  0.0000
   14300  0.0000
   14310  0.0000
   14320  0.0000
   14330  0.0000
   14340  0.0000
   14350  0.0000
   14360  0.0000
   14370  0.0000
   14380  0.0000
   14390  0.0000
   14400  0.0000
   14410  0.0000
   14420  0.0000
   14430  0.0000
   14440  0.0000
   14450  0.0000
   14460  0.0000
   14470  0.0000
   14480  0.0000
   14490  0.0000
   14500  0.0000
   14510  0.0000
   14520  0.0000
   14530  0.0000
   14540  0.0000
   14550  0.0000
   14560  0.0000
   14570  0.0000
   14580  0.0000
   14590  0.0000
   14600  0.0000
   14610  0.0000
   14620  0.0000
   14630  0.0000
   14640  0.0000
   14650  0.0000
   14660  0.0000
   14670  0.0000
   14680  0.0000
   14690  0.0000
   14700  0.0000
   14710  0.0000
   14720  0.0000
   14730  0.0000
   14740  0.0000
   14750  0.0000
   14760  0.0000
   14770  0.0000
   14780  0.0000
   14790  0.0000
   14800  0.0000
   14810  0.0000
   14820  0.0000
   14830  0.0000
   14840  0.0000
   14850  0.0000
   14860  0.0000
   14870  0.0000
   14880  0.0000
   14890  0.0000
   14900  0.0000
   14910  0.0000
   14920  0.0000
   14930  0.0000
   14940  0.0000
   14950  0.0000
   14960  0.0000
   14970  0.0000
   14980  0.0000
   14990  0.0000
   15000  0.0000
