       0  0.0000
      10  0.0000
      20  0.0000
      30  0.0000
      40  0.0000
      50  0.0000
      60  0.0000
      70  0.0000
      80  0.0000
      90  0.0000
     100  0.0000
     110  0.0000
     120  0.0000
     130  0.0000
     140  0.0000
     150  0.0000
     160  0.0000
     170  0.0000
     180  0.0000
     190  0.0000
     200  0.0000
     210  0.0000
     220  0.0000
     230  0.0000
     240  0.0000
     250  0.0000
     260  0.0000
     270  0.0000
     280  0.0000
     290  0.0000
     300  0.0000
     310  0.0000
     320  0.0000
     330  0.0000
     340  0.0000
     350  0.0000
     360  0.0000
     370  0.0000
     380  0.0000
     390  0.0000
     400  0.0000
     410  0.0000
     420  0.0000
     430  0.0000
     440  0.0000
     450  0.0000
     460  0.0000
     470  0.0000
     480  0.0000
     490  0.0000
     500  0.0000
     510  0.0000
     520  0.0000
     530  0.0000
     540  0.0000
     550  0.0000
     560  0.0000
     570  0.0000
     580  0.0000
     590  0.0000
     600  0.0000
     610  0.0000
     620  0.0000
     630  0.0000
     640  0.0000
     650  0.0000
     660  0.0000
     670  0.0000
     680  0.0000
     690  0.0000
     700  0.0000
     710  0.0000
     720  0.0000
     730  0.0000
     740  0.0000
     750  0.0000
     760  0.0000
     770  0.0000
     780  0.0000
     790  0.0000
     800  0.0000
     810  0.0000
     820  0.0000
     830  0.0000
     840  0.0000
     850  0.0000
     860  0.0000
     870  0.0000
     880  0.0000
     890  0.0000
     900  0.0000
     910  0.0000
     920  0.0000
     930  0.0000
     940  0.0000
     950  0.0000
     960  0.0000
     970  0.0000
     980  0.0000
     990  0.0000
    1000  0.0000
    1010  0.0000
    1020  0.0000
    1030  0.0000
    1040  0.0000
    1050  0.0000
    1060  0.0000
    1070  0.0000
    1080  0.0000
    1090  0.0000
    1100  0.0000
    1110  0.0000
    1120  0.0000
    1130  0.0000
    1140  0.0000
    1150  0.0000
    1160  0.0000
    1170  0.0000
    1180  0.0000
    1190  0.0000
    1200  0.0000
    1210  0.0000
    1220  0.0000
    1230  0.0000
    1240  0.0000
    1250  0.0000
    1260  0.0000
    1270  0.0000
    1280  0.0000
    1290  0.0000
    1300  0.0000
    1310  0.0000
    1320  0.0000
    1330  0.0000
    1340  0.0000
    1350  0.0000
    1360  0.0000
    1370  0.0000
    1380  0.0000
    1390  0.0000
    1400  0.0000
    1410  0.0000
    1420  0.0054
    1430  0.0047
    1440  0.0040
    1450  0.0033
    1460  0.0026
    1470  0.0019
    1480  0.0011
    1490  0.0004
    1500 -0.0003
    1510 -0.0010
    1520 -0.0017
    1530 -0.0024
    1540 -0.0031
    1550 -0.0038
    1560 -0.0045
    1570 -0.0052
    1580 -0.0059
    1590 -0.0066
    1600 -0.0073
    1610 -0.0080
    1620 -0.0087
    1630 -0.0094
    1640 -0.0102
    1650 -0.0109
    1660 -0.0116
    1670 -0.0123
    1680 -0.0130
    1690 -0.0137
    1700 -0.0144
    1710 -0.0151
    1720 -0.0158
    1730 -0.0165
    1740 -0.0172
    1750 -0.0179
    1760 -0.0186
    1770 -0.0193
    1780 -0.0200
    1790 -0.0208
    1800 -0.0215
    1810 -0.0222
    1820 -0.0229
    1830 -0.0236
    1840 -0.0243
    1850 -0.0250
    1860 -0.0257
    1870 -0.0264
    1880 -0.0271
    1890 -0.0278
    1900 -0.0285
    1910 -0.0292
    1920 -0.0300
    1930 -0.0307
    1940 -0.0314
    1950 -0.0321
    1960 -0.0328
    1970 -0.0335
    1980 -0.0342
    1990 -0.0349
    2000 -0.0356
    2010 -0.0363
    2020 -0.0370
    2030 -0.0377
    2040 -0.0384
    2050 -0.0391
    2060 -0.0399
    2070 -0.0406
    2080 -0.0413
    2090 -0.0420
    2100 -0.0427
    2110 -0.0434
    2120 -0.0441
    2130 -0.0448
    2140 -0.0455
    2150 -0.0462
    2160 -0.0469
    2170 -0.0476
    2180 -0.0484
    2190 -0.0491
    2200 -0.0498
    2210 -0.0505
    2220 -0.0512
    2230 -0.0519
    2240 -0.0526
    2250 -0.0533
    2260 -0.0540
    2270 -0.0547
    2280 -0.0554
    2290 -0.0561
    2300 -0.0569
    2310 -0.0576
    2320 -0.0583
    2330 -0.0590
    2340 -0.0597
    2350 -0.0604
    2360 -0.0611
    2370 -0.0618
    2380 -0.0625
    2390 -0.0632
    2400 -0.0639
    2410 -0.0647
    2420 -0.0654
    2430 -0.0661
    2440 -0.0668
    2450 -0.0675
    2460 -0.0682
    2470 -0.0689
    2480 -0.0696
    2490 -0.0703
    2500 -0.0710
    2510 -0.0717
    2520 -0.0725
    2530 -0.0732
    2540 -0.0739
    2550 -0.0746
    2560 -0.0753
    2570 -0.0760
    2580 -0.0767
    2590 -0.0774
    2600 -0.0781
    2610 -0.0788
    2620 -0.0795
    2630 -0.0803
    2640 -0.0810
    2650 -0.0817
    2660 -0.0824
    2670 -0.0831
    2680 -0.0838
    2690 -0.0845
    2700 -0.0852
    2710 -0.0859
    2720 -0.0866
    2730 -0.0874
    2740 -0.0881
    2750 -0.0888
    2760 -0.0895
    2770 -0.0902
    2780 -0.0909
    2790 -0.0916
    2800 -0.0923
    2810 -0.0930
    2820 -0.0937
    2830 -0.0945
    2840 -0.0952
    2850 -0.0959
    2860 -0.0966
    2870 -0.0973
    2880 -0.0980
    2890 -0.0987
    2900 -0.0994
    2910 -0.1001
    2920 -0.1009
    2930 -0.1016
    2940 -0.1023
    2950 -0.1030
    2960 -0.1037
    2970 -0.1044
    2980 -0.1051
    2990 -0.1058
    3000 -0.1065
    3010 -0.1073
    3020 -0.1080
    3030 -0.1087
    3040 -0.1094
    3050 -0.1101
    3060 -0.1108
    3070 -0.1115
    3080 -0.1122
    3090 -0.1129
    3100 -0.1137
    3110 -0.1144
    3120 -0.1151
    3130 -0.1158
    3140 -0.1165
    3150 -0.1172
    3160 -0.1179
    3170 -0.1186
    3180 -0.1193
    3190 -0.1201
    3200 -0.1208
    3210 -0.1215
    3220 -0.1222
    3230 -0.1229
    3240 -0.1236
    3250 -0.1243
    3260 -0.1250
    3270 -0.1257
    3280 -0.1265
    3290 -0.1272
    3300 -0.1279
    3310 -0.1286
    3320 -0.1293
    3330 -0.1300
    3340 -0.1307
    3350 -0.1314
    3360 -0.1322
    3370 -0.1329
    3380 -0.1336
    3390 -0.1343
    3400 -0.1350
    3410 -0.1357
    3420 -0.1364
    3430 -0.1371
    3440 -0.1379
    3450 -0.1386
    3460 -0.1393
    3470 -0.1400
    3480 -0.1407
    3490 -0.1414
    3500 -0.1421
    3510 -0.1428
    3520 -0.1436
    3530 -0.1443
    3540 -0.1450
    3550 -0.1457
    3560 -0.1464
    3570 -0.1471
    3580 -0.1478
    3590 -0.1485
    3600 -0.1493
    3610 -0.1500
    3620 -0.1507
    3630 -0.1514
    3640 -0.1521
    3650 -0.1528
    3660 -0.1535
    3670 -0.1542
    3680 -0.1550
    3690 -0.1557
    3700 -0.1564
    3710 -0.1571
    3720 -0.1578
    3730 -0.1585
    3740 -0.1592
    3750 -0.1600
    3760 -0.1607
    3770 -0.1614
    3780 -0.1621
    3790 -0.1628
    3800 -0.1635
    3810 -0.1642
    3820 -0.1649
    3830 -0.1657
    3840 -0.1664
    3850 -0.1671
    3860 -0.1678
    3870 -0.1685
    3880 -0.1692
    3890 -0.1699
    3900 -0.1707
    3910 -0.1714
    3920 -0.1721
    3930 -0.1728
    3940 -0.1735
    3950 -0.1742
    3960 -0.1749
    3970 -0.1757
    3980 -0.1764
    3990 -0.1771
    4000 -0.1778
    4010 -0.1785
    4020 -0.1792
    4030 -0.1799
    4040 -0.1807
    4050 -0.1814
    4060 -0.1821
    4070 -0.1828
    4080 -0.1835
    4090 -0.1842
    4100 -0.1849
    4110 -0.1857
    4120 -0.1864
    4130 -0.1871
    4140 -0.1878
    4150 -0.1885
    4160 -0.1892
    4170 -0.1899
    4180 -0.1907
    4190 -0.1914
    4200 -0.1921
    4210 -0.1928
    4220 -0.1935
    4230 -0.1942
    4240 -0.1950
    4250 -0.1957
    4260 -0.1964
    4270 -0.1971
    4280 -0.1978
    4290 -0.1985
    4300 -0.1992
    4310 -0.2000
    4320 -0.2007
    4330 -0.2014
    4340 -0.2021
    4350 -0.2028
    4360 -0.2035
    4370 -0.2043
    4380 -0.2050
    4390 -0.2057
    4400 -0.2064
    4410 -0.2071
    4420 -0.2078
    4430 -0.2085
    4440 -0.2093
    4450 -0.2100
    4460 -0.2107
    4470 -0.2114
    4480 -0.2121
    4490 -0.2128
    4500 -0.2136
    4510 -0.2143
    4520 -0.2150
    4530 -0.2157
    4540 -0.2164
    4550 -0.2171
    4560 -0.2179
    4570 -0.2186
    4580 -0.2193
    4590 -0.2200
    4600 -0.2207
    4610 -0.2214
    4620 -0.2222
    4630 -0.2229
    4640 -0.2236
    4650 -0.2243
    4660 -0.2250
    4670 -0.2257
    4680 -0.2265
    4690 -0.2272
    4700 -0.2279
    4710 -0.2286
    4720 -0.2293
    4730 -0.2300
    4740 -0.2308
    4750 -0.2315
    4760 -0.2322
    4770 -0.2329
    4780 -0.2336
    4790 -0.2343
    4800 -0.2351
    4810 -0.2358
    4820 -0.2365
    4830 -0.2372
    4840 -0.2379
    4850 -0.2386
    4860 -0.2394
    4870 -0.2401
    4880 -0.2408
    4890 -0.2415
    4900 -0.2422
    4910 -0.2430
    4920 -0.2437
    4930 -0.2444
    4940 -0.2451
    4950 -0.2458
    4960 -0.2465
    4970 -0.2473
    4980 -0.2480
    4990 -0.2487
    5000 -0.2494
    5010 -0.2501
    5020 -0.2508
    5030 -0.2516
    5040 -0.2523
    5050 -0.2530
    5060 -0.2537
    5070 -0.2544
    5080 -0.2552
    5090 -0.2559
    5100 -0.2566
    5110 -0.2573
    5120 -0.2580
    5130 -0.2587
    5140 -0.2595
    5150 -0.2602
    5160 -0.2609
    5170 -0.2616
    5180 -0.2623
    5190 -0.2631
    5200 -0.2638
    5210 -0.2645
    5220 -0.2652
    5230 -0.2659
    5240 -0.2667
    5250 -0.2674
    5260 -0.2681
    5270 -0.2688
    5280 -0.2695
    5290 -0.2702
    5300 -0.2710
    5310 -0.2717
    5320 -0.2724
    5330 -0.2731
    5340 -0.2738
    5350 -0.2746
    5360 -0.2753
    5370 -0.2760
    5380 -0.2767
    5390 -0.2774
    5400 -0.2782
    5410 -0.2789
    5420 -0.2796
    5430 -0.2803
    5440 -0.2810
    5450 -0.2818
    5460 -0.2825
    5470 -0.2832
    5480 -0.2839
    5490 -0.2846
    5500 -0.2854
    5510 -0.2861
    5520 -0.2868
    5530 -0.2875
    5540 -0.2882
    5550 -0.2890
    5560 -0.2897
    5570 -0.2904
    5580 -0.2911
    5590 -0.2918
    5600 -0.2926
    5610 -0.2933
    5620 -0.2940
    5630 -0.2947
    5640 -0.2954
    5650 -0.2962
    5660 -0.2972
    5670 -0.2978
    5680 -0.2984
    5690 -0.2990
    5700 -0.2996
    5710 -0.3002
    5720 -0.3008
    5730 -0.3014
    5740 -0.3020
    5750 -0.3026
    5760 -0.3032
    5770 -0.3038
    5780 -0.3044
    5790 -0.3050
    5800 -0.3056
    5810 -0.3062
    5820 -0.3069
    5830 -0.3075
    5840 -0.3081
    5850 -0.3087
    5860 -0.3093
    5870 -0.3099
    5880 -0.3105
    5890 -0.3111
    5900 -0.3117
    5910 -0.3123
    5920 -0.3129
    5930 -0.3135
    5940 -0.3141
    5950 -0.3147
    5960 -0.3153
    5970 -0.3159
    5980 -0.3166
    5990 -0.3172
    6000 -0.3178
    6010 -0.3184
    6020 -0.3190
    6030 -0.3196
    6040 -0.3202
    6050 -0.3208
    6060 -0.3214
    6070 -0.3220
    6080 -0.3226
    6090 -0.3232
    6100 -0.3238
    6110 -0.3244
    6120 -0.3250
    6130 -0.3256
    6140 -0.3262
    6150 -0.3269
    6160 -0.3275
    6170 -0.3281
    6180 -0.3287
    6190 -0.3293
    6200 -0.3299
    6210 -0.3305
    6220 -0.3311
    6230 -0.3317
    6240 -0.3323
    6250 -0.3329
    6260 -0.3335
    6270 -0.3341
    6280 -0.3347
    6290 -0.3353
    6300 -0.3359
    6310 -0.3366
    6320 -0.3372
    6330 -0.3378
    6340 -0.3384
    6350 -0.3390
    6360 -0.3396
    6370 -0.3402
    6380 -0.3408
    6390 -0.3414
    6400 -0.3420
    6410 -0.3426
    6420 -0.3432
    6430 -0.3438
    6440 -0.3444
    6450 -0.3450
    6460 -0.3456
    6470 -0.3462
    6480 -0.3469
    6490 -0.3475
    6500 -0.3481
    6510 -0.3487
    6520 -0.3493
    6530 -0.3499
    6540 -0.3505
    6550 -0.3511
    6560 -0.3517
    6570 -0.3523
    6580 -0.3529
    6590 -0.3535
    6600 -0.3541
    6610 -0.3547
    6620 -0.3553
    6630 -0.3559
    6640 -0.3566
    6650 -0.3572
    6660 -0.3578
    6670 -0.3584
    6680 -0.3590
    6690 -0.3596
    6700 -0.3602
    6710 -0.3608
    6720 -0.3614
    6730 -0.3620
    6740 -0.3626
    6750 -0.3632
    6760 -0.3638
    6770 -0.3644
    6780 -0.3650
    6790 -0.3656
    6800 -0.3663
    6810 -0.3669
    6820 -0.3675
    6830 -0.3681
    6840 -0.3687
    6850 -0.3693
    6860 -0.3699
    6870 -0.3705
    6880 -0.3711
    6890 -0.3717
    6900 -0.3723
    6910 -0.3729
    6920 -0.3735
    6930 -0.3741
    6940 -0.3747
    6950 -0.3753
    6960 -0.3759
    6970 -0.3766
    6980 -0.3772
    6990 -0.3778
    7000 -0.3784
    7010 -0.3790
    7020 -0.3796
    7030 -0.3802
    7040 -0.3808
    7050 -0.3814
    7060 -0.3820
    7070 -0.3826
    7080 -0.3832
    7090 -0.3838
    7100 -0.3844
    7110 -0.3850
    7120 -0.3856
    7130 -0.3863
    7140 -0.3869
    7150 -0.3875
    7160 -0.3881
    7170 -0.3887
    7180 -0.3893
    7190 -0.3899
    7200 -0.3905
    7210 -0.3911
    7220 -0.3917
    7230 -0.3923
    7240 -0.3929
    7250 -0.3935
    7260 -0.3941
    7270 -0.3947
    7280 -0.3953
    7290 -0.3959
    7300 -0.3966
    7310 -0.3972
    7320 -0.3978
    7330 -0.3984
    7340 -0.3990
    7350 -0.3996
    7360 -0.4002
    7370 -0.4008
    7380 -0.4014
    7390 -0.4020
    7400 -0.4026
    7410 -0.4032
    7420 -0.4038
    7430 -0.4044
    7440 -0.4050
    7450 -0.4056
    7460 -0.4063
    7470 -0.4069
    7480 -0.4075
    7490 -0.4081
    7500 -0.4087
    7510 -0.4093
    7520 -0.4099
    7530 -0.4105
    7540 -0.4111
    7550 -0.4117
    7560 -0.4123
    7570 -0.4129
    7580 -0.4135
    7590 -0.4141
    7600 -0.4147
    7610 -0.4153
    7620 -0.4160
    7630 -0.4166
    7640 -0.4172
    7650 -0.4178
    7660 -0.4184
    7670 -0.4190
    7680 -0.4196
    7690 -0.4202
    7700 -0.4208
    7710 -0.4214
    7720 -0.4220
    7730 -0.4226
    7740 -0.4232
    7750 -0.4238
    7760 -0.4244
    7770 -0.4250
    7780 -0.4256
    7790 -0.4263
    7800 -0.4269
    7810 -0.4275
    7820 -0.4281
    7830 -0.4287
    7840  0.0000
    7850  0.0000
    7860  0.0000
    7870  0.0000
    7880  0.0000
    7890  0.0000
    7900  0.0000
    7910  0.0000
    7920  0.0000
    7930  0.0000
    7940  0.0000
    7950  0.0000
    7960  0.0000
    7970  0.0000
    7980  0.0000
    7990  0.0000
    8000  0.0000
    8010  0.0000
    8020  0.0000
    8030  0.0000
    8040  0.0000
    8050  0.0000
    8060  0.0000
    8070  0.0000
    8080  0.0000
    8090  0.0000
    8100  0.0000
    8110  0.0000
    8120  0.0000
    8130  0.0000
    8140  0.0000
    8150  0.0000
    8160  0.0000
    8170  0.0000
    8180  0.0000
    8190  0.0000
    8200  0.0000
    8210  0.0000
    8220  0.0000
    8230  0.0000
    8240  0.0000
    8250  0.0000
    8260  0.0000
    8270  0.0000
    8280  0.0000
    8290  0.0000
    8300  0.0000
    8310  0.0000
    8320  0.0000
    8330  0.0000
    8340  0.0000
    8350  0.0000
    8360  0.0000
    8370  0.0000
    8380  0.0000
    8390  0.0000
    8400  0.0000
    8410  0.0000
    8420  0.0000
    8430  0.0000
    8440  0.0000
    8450  0.0000
    8460  0.0000
    8470  0.0000
    8480  0.0000
    8490  0.0000
    8500  0.0000
    8510  0.0000
    8520  0.0000
    8530  0.0000
    8540  0.0000
    8550  0.0000
    8560  0.0000
    8570  0.0000
    8580  0.0000
    8590  0.0000
    8600  0.0000
    8610  0.0000
    8620  0.0000
    8630  0.0000
    8640  0.0000
    8650  0.0000
    8660  0.0000
    8670  0.0000
    8680  0.0000
    8690  0.0000
    8700  0.0000
    8710  0.0000
    8720  0.0000
    8730  0.0000
    8740  0.0000
    8750  0.0000
    8760  0.0000
    8770  0.0000
    8780  0.0000
    8790  0.0000
    8800  0.0000
    8810  0.0000
    8820  0.0000
    8830  0.0000
    8840  0.0000
    8850  0.0000
    8860  0.0000
    8870  0.0000
    8880  0.0000
    8890  0.0000
    8900  0.0000
    8910  0.0000
    8920  0.0000
    8930  0.0000
    8940  0.0000
    8950  0.0000
    8960  0.0000
    8970  0.0000
    8980  0.0000
    8990  0.0000
    9000  0.0000
    9010  0.0000
    9020  0.0000
    9030  0.0000
    9040  0.0000
    9050  0.0000
    9060  0.0000
    9070  0.0000
    9080  0.0000
    9090  0.0000
    9100  0.0000
    9110  0.0000
    9120  0.0000
    9130  0.0000
    9140  0.0000
    9150  0.0000
    9160  0.0000
    9170  0.0000
    9180  0.0000
    9190  0.0000
    9200  0.0000
    9210  0.0000
    9220  0.0000
    9230  0.0000
    9240  0.0000
    9250  0.0000
    9260  0.0000
    9270  0.0000
    9280  0.0000
    9290  0.0000
    9300  0.0000
    9310  0.0000
    9320  0.0000
    9330  0.0000
    9340  0.0000
    9350  0.0000
    9360  0.0000
    9370  0.0000
    9380  0.0000
    9390  0.0000
    9400  0.0000
    9410  0.0000
    9420  0.0000
    9430  0.0000
    9440  0.0000
    9450  0.0000
    9460  0.0000
    9470  0.0000
    9480  0.0000
    9490  0.0000
    9500  0.0000
    9510  0.0000
    9520  0.0000
    9530  0.0000
    9540  0.0000
    9550  0.0000
    9560  0.0000
    9570  0.0000
    9580 -0.6932
    9590 -0.6958
    9600 -0.6984
    9610 -0.7010
    9620 -0.7037
    9630 -0.7063
    9640 -0.7089
    9650 -0.7116
    9660 -0.7142
    9670 -0.7168
    9680 -0.7194
    9690 -0.7221
    9700 -0.7247
    9710 -0.7273
    9720 -0.7299
    9730 -0.7326
    9740 -0.7352
    9750 -0.7378
    9760 -0.7404
    9770 -0.7431
    9780 -0.7457
    9790 -0.7483
    9800 -0.7510
    9810 -0.7536
    9820 -0.7562
    9830 -0.7588
    9840 -0.7615
    9850 -0.7641
    9860 -0.7667
    9870 -0.7693
    9880 -0.7720
    9890 -0.7746
    9900 -0.7772
    9910 -0.7799
    9920 -0.7825
    9930 -0.7851
    9940 -0.7877
    9950 -0.7904
    9960 -0.7930
    9970 -0.7956
    9980 -0.7982
    9990 -0.8009
   10000 -0.8035
   10010 -0.8061
   10020 -0.8087
   10030 -0.8114
   10040 -0.8140
   10050 -0.8166
   10060 -0.8193
   10070 -0.8219
   10080 -0.8245
   10090 -0.8271
   10100 -0.8298
   10110 -0.8324
   10120 -0.8350
   10130 -0.8376
   10140 -0.8403
   10150 -0.8429
   10160 -0.8455
   10170 -0.8482
   10180 -0.8508
   10190 -0.8534
   10200 -0.8560
   10210 -0.8587
   10220 -0.8613
   10230 -0.8639
   10240 -0.8665
   10250 -0.8692
   10260 -0.8718
   10270 -0.8744
   10280 -0.8770
   10290 -0.8797
   10300 -0.8823
   10310 -0.8849
   10320 -0.8876
   10330 -0.8902
   10340 -0.8928
   10350 -0.8954
   10360 -0.8981
   10370 -0.9007
   10380 -0.9033
   10390 -0.9059
   10400 -0.9086
   10410 -0.9112
   10420 -0.9138
   10430 -0.9165
   10440 -0.9191
   10450 -0.9217
   10460  0.0000
   10470  0.0000
   10480  0.0000
   10490  0.0000
   10500  0.0000
   10510  0.0000
   10520  0.0000
   10530  0.0000
   10540  0.0000
   10550  0.0000
   10560  0.0000
   10570  0.0000
   10580  0.0000
   10590  0.0000
   10600  0.0000
   10610  0.0000
   10620  0.0000
   10630  0.0000
   10640  0.0000
   10650  0.0000
   10660  0.0000
   10670  0.0000
   10680  0.0000
   10690  0.0000
   10700  0.0000
   10710  0.0000
   10720  0.0000
   10730  0.0000
   10740  0.0000
   10750  0.0000
   10760  0.0000
   10770  0.0000
   10780  0.0000
   10790  0.0000
   10800  0.0000
   10810  0.0000
   10820  0.0000
   10830  0.0000
   10840  0.0000
   10850  0.0000
   10860  0.0000
   10870  0.0000
   10880  0.0000
   10890  0.0000
   10900  0.0000
   10910  0.0000
   10920  0.0000
   10930  0.0000
   10940  0.0000
   10950  0.0000
   10960  0.0000
   10970  0.0000
   10980  0.0000
   10990  0.0000
   11000  0.0000
   11010  0.0000
   11020  0.0000
   11030  0.0000
   11040  0.0000
   11050  0.0000
   11060  0.0000
   11070  0.0000
   11080  0.0000
   11090  0.0000
   11100  0.0000
   11110  0.0000
   11120  0.0000
   11130  0.0000
   11140  0.0000
   11150  0.0000
   11160  0.0000
   11170  0.0000
   11180  0.0000
   11190  0.0000
   11200  0.0000
   11210  0.0000
   11220  0.0000
   11230  0.0000
   11240  0.0000
   11250  0.0000
   11260  0.0000
   11270  0.0000
   11280  0.0000
   11290  0.0000
   11300  0.0000
   11310  0.0000
   11320  0.0000
   11330  0.0000
   11340  0.0000
   11350  0.0000
   11360  0.0000
   11370  0.0000
   11380  0.0000
   11390  0.0000
   11400  0.0000
   11410  0.0000
   11420  0.0000
   11430  0.0000
   11440  0.0000
   11450  0.0000
   11460  0.0000
   11470  0.0000
   11480  0.0000
   11490  0.0000
   11500  0.0000
   11510  0.0000
   11520  0.0000
   11530  0.0000
   11540  0.0000
   11550  0.0000
   11560  0.0000
   11570  0.0000
   11580  0.0000
   11590  0.0000
   11600  0.0000
   11610  0.0000
   11620  0.0000
   11630  0.0000
   11640  0.0000
   11650  0.0000
   11660  0.0000
   11670  0.0000
   11680  0.0000
   11690  0.0000
   11700  0.0000
   11710  0.0000
   11720  0.0000
   11730  0.0000
   11740  0.0000
   11750  0.0000
   11760  0.0000
   11770  0.0000
   11780  0.0000
   11790  0.0000
   11800  0.0000
   11810  0.0000
   11820  0.0000
   11830  0.0000
   11840  0.0000
   11850  0.0000
   11860  0.0000
   11870  0.0000
   11880  0.0000
   11890  0.0000
   11900  0.0000
   11910  0.0000
   11920  0.0000
   11930  0.0000
   11940  0.0000
   11950  0.0000
   11960  0.0000
   11970  0.0000
   11980  0.0000
   11990  0.0000
   12000  0.0000
   12010  0.0000
   12020  0.0000
   12030  0.0000
   12040  0.0000
   12050  0.0000
   12060  0.0000
   12070  0.0000
   12080  0.0000
   12090  0.0000
   12100  0.0000
   12110  0.0000
   12120  0.0000
   12130  0.0000
   12140  0.0000
   12150  0.0000
   12160  0.0000
   12170  0.0000
   12180  0.0000
   12190  0.0000
   12200  0.0000
   12210  0.0000
   12220  0.0000
   12230  0.0000
   12240  0.0000
   12250  0.0000
   12260  0.0000
   12270  0.0000
   12280  0.0000
   12290  0.0000
   12300  0.0000
   12310  0.0000
   12320  0.0000
   12330  0.0000
   12340  0.0000
   12350  0.0000
   12360  0.0000
   12370  0.0000
   12380  0.0000
   12390  0.0000
   12400  0.0000
   12410  0.0000
   12420  0.0000
   12430  0.0000
   12440  0.0000
   12450  0.0000
   12460  0.0000
   12470  0.0000
   12480  0.0000
   12490  0.0000
   12500  0.0000
   12510  0.0000
   12520  0.0000
   12530  0.0000
   12540  0.0000
   12550  0.0000
   12560  0.0000
   12570  0.0000
   12580  0.0000
   12590  0.0000
   12600  0.0000
   12610  0.0000
   12620  0.0000
   12630  0.0000
   12640  0.0000
   12650  0.0000
   12660  0.0000
   12670  0.0000
   12680  0.0000
   12690  0.0000
   12700  0.0000
   12710  0.0000
   12720  0.0000
   12730  0.0000
   12740  0.0000
   12750  0.0000
   12760  0.0000
   12770  0.0000
   12780  0.0000
   12790  0.0000
   12800  0.0000
   12810  0.0000
   12820  0.0000
   12830  0.0000
   12840  0.0000
   12850  0.0000
   12860  0.0000
   12870  0.0000
   12880  0.0000
   12890  0.0000
   12900  0.0000
   12910  0.0000
   12920  0.0000
   12930  0.0000
   12940  0.0000
   12950  0.0000
   12960  0.0000
   12970  0.0000
   12980  0.0000
   12990  0.0000
   13000  0.0000
   13010  0.0000
   13020  0.0000
   13030  0.0000
   13040  0.0000
   13050  0.0000
   13060  0.0000
   13070  0.0000
   13080  0.0000
   13090  0.0000
   13100  0.0000
   13110  0.0000
   13120  0.0000
   13130  0.0000
   13140  0.0000
   13150  0.0000
   13160  0.0000
   13170  0.0000
   13180  0.0000
   13190  0.0000
   13200  0.0000
   13210  0.0000
   13220  0.0000
   13230  0.0000
   13240  0.0000
   13250  0.0000
   13260  0.0000
   13270  0.0000
   13280  0.0000
   13290  0.0000
   13300  0.0000
   13310  0.0000
   13320  0.0000
   13330  0.0000
   13340  0.0000
   13350  0.0000
   13360  0.0000
   13370  0.0000
   13380  0.0000
   13390  0.0000
   13400  0.0000
   13410  0.0000
   13420  0.0000
   13430  0.0000
   13440  0.0000
   13450  0.0000
   13460  0.0000
   13470  0.0000
   13480  0.0000
   13490  0.0000
   13500  0.0000
   13510  0.0000
   13520  0.0000
   13530  0.0000
   13540  0.0000
   13550  0.0000
   13560  0.0000
   13570  0.0000
   13580  0.0000
   13590  0.0000
   13600  0.0000
   13610  0.0000
   13620  0.0000
   13630  0.0000
   13640  0.0000
   13650  0.0000
   13660  0.0000
   13670  0.0000
   13680  0.0000
   13690  0.0000
   13700  0.0000
   13710  0.0000
   13720  0.0000
   13730  0.0000
   13740  0.0000
   13750  0.0000
   13760  0.0000
   13770  0.0000
   13780  0.0000
   13790  0.0000
   13800  0.0000
   13810  0.0000
   13820  0.0000
   13830  0.0000
   13840  0.0000
   13850  0.0000
   13860  0.0000
   13870  0.0000
   13880  0.0000
   13890  0.0000
   13900  0.0000
   13910  0.0000
   13920  0.0000
   13930  0.0000
   13940  0.0000
   13950  0.0000
   13960  0.0000
   13970  0.0000
   13980  0.0000
   13990  0.0000
   14000  0.0000
   14010  0.0000
   14020  0.0000
   14030  0.0000
   14040  0.0000
   14050  0.0000
   14060  0.0000
   14070  0.0000
   14080  0.0000
   14090  0.0000
   14100  0.0000
   14110  0.0000
   14120  0.0000
   14130  0.0000
   14140  0.0000
   14150  0.0000
   14160  0.0000
   14170  0.0000
   14180  0.0000
   14190  0.0000
   14200  0.0000
   14210  0.0000
   14220  0.0000
   14230  0.0000
   14240  0.0000
   14250  0.0000
   14260  0.0000
   14270  0.0000
   14280  0.0000
   14290  0.0000
   14300  0.0000
   14310  0.0000
   14320  0.0000
   14330  0.0000
   14340  0.0000
   14350  0.0000
   14360  0.0000
   14370  0.0000
   14380  0.0000
   14390  0.0000
   14400  0.0000
   14410  0.0000
   14420  0.0000
   14430  0.0000
   14440  0.0000
   14450  0.0000
   14460  0.0000
   14470  0.0000
   14480  0.0000
   14490  0.0000
   14500  0.0000
   14510  0.0000
   14520  0.0000
   14530  0.0000
   14540  0.0000
   14550  0.0000
   14560  0.0000
   14570  0.0000
   14580  0.0000
   14590  0.0000
   14600  0.0000
   14610  0.0000
   14620  0.0000
   14630  0.0000
   14640  0.0000
   14650  0.0000
   14660  0.0000
   14670  0.0000
   14680  0.0000
   14690  0.0000
   14700  0.0000
   14710  0.0000
   14720  0.0000
   14730  0.0000
   14740  0.0000
   14750  0.0000
   14760  0.0000
   14770  0.0000
   14780  0.0000
   14790  0.0000
   14800  0.0000
   14810  0.0000
   14820  0.0000
   14830  0.0000
   14840  0.0000
   14850  0.0000
   14860  0.0000
   14870  0.0000
   14880  0.0000
   14890  0.0000
   14900  0.0000
   14910  0.0000
   14920  0.0000
   14930  0.0000
   14940  0.0000
   14950  0.0000
   14960  0.0000
   14970  0.0000
   14980  0.0000
   14990  0.0000
   15000  0.0000
