       0  0.0000
      10  0.0000
      20  0.0000
      30  0.0000
      40  0.0000
      50  0.0000
      60  0.0000
      70  0.0000
      80  0.0000
      90  0.0000
     100  0.0000
     110  0.0000
     120  0.0000
     130  0.0000
     140  0.0000
     150  0.0000
     160  0.0000
     170  0.0000
     180  0.0000
     190  0.0000
     200  0.0000
     210  0.0000
     220  0.0000
     230  0.0000
     240  0.0000
     250  0.0000
     260  0.0000
     270  0.0000
     280  0.0000
     290  0.0000
     300  0.0000
     310  0.0000
     320  0.0000
     330  0.0000
     340  0.0000
     350  0.0000
     360  0.0000
     370  0.0000
     380  0.0000
     390  0.0000
     400  0.0000
     410  0.0000
     420  0.0000
     430  0.0000
     440  0.0000
     450  0.0000
     460  0.0000
     470  0.0000
     480  0.0000
     490  0.0000
     500  0.0000
     510  0.0000
     520  0.0000
     530  0.0000
     540  0.0000
     550  0.0000
     560  0.0000
     570  0.0000
     580  0.0000
     590  0.0000
     600  0.0000
     610  0.0000
     620  0.0000
     630  0.0000
     640  0.0000
     650  0.0000
     660  0.0000
     670  0.0000
     680  0.0000
     690  0.0000
     700  0.0000
     710  0.0000
     720  0.0000
     730  0.0000
     740  0.0000
     750  0.0000
     760  0.0000
     770  0.0000
     780  0.0000
     790  0.0000
     800  0.0000
     810  0.0000
     820  0.0000
     830  0.0000
     840  0.0000
     850  0.0000
     860  0.0000
     870  0.0000
     880  0.0000
     890  0.0000
     900  0.0000
     910  0.0000
     920  0.0000
     930  0.0000
     940  0.0000
     950  0.0000
     960  0.0000
     970  0.0000
     980  0.0000
     990  0.0000
    1000  0.0000
    1010  0.0000
    1020  0.0000
    1030  0.0000
    1040  0.0000
    1050  0.0000
    1060  0.0000
    1070  0.0000
    1080  0.0000
    1090  0.0000
    1100  0.0000
    1110  0.0000
    1120  0.0000
    1130  0.0000
    1140  0.0000
    1150  0.0000
    1160  0.0000
    1170  0.0000
    1180  0.0000
    1190  0.0000
    1200  0.0000
    1210  0.0000
    1220  0.0000
    1230  0.0000
    1240  0.0000
    1250  0.0000
    1260  0.0000
    1270  0.0000
    1280  0.0000
    1290  0.0000
    1300  0.0000
    1310  0.0000
    1320  0.0000
    1330  0.0000
    1340  0.0000
    1350  0.0000
    1360  0.0000
    1370  0.0000
    1380  0.0000
    1390  0.0000
    1400  0.0000
    1410  0.0000
    1420  0.0000
    1430  0.0000
    1440  0.0000
    1450  0.0000
    1460  0.0000
    1470  0.0000
    1480  0.0000
    1490  0.0000
    1500  0.0000
    1510  0.0000
    1520  0.0000
    1530  0.0000
    1540  0.0000
    1550  0.0000
    1560  0.0000
    1570 -0.0210
    1580 -0.0209
    1590 -0.0209
    1600 -0.0209
    1610 -0.0209
    1620 -0.0209
    1630 -0.0209
    1640 -0.0209
    1650 -0.0208
    1660 -0.0208
    1670 -0.0208
    1680 -0.0208
    1690 -0.0208
    1700 -0.0208
    1710 -0.0208
    1720 -0.0207
    1730 -0.0207
    1740 -0.0207
    1750 -0.0207
    1760 -0.0207
    1770 -0.0207
    1780 -0.0206
    1790 -0.0206
    1800 -0.0206
    1810 -0.0206
    1820 -0.0206
    1830 -0.0206
    1840 -0.0205
    1850 -0.0205
    1860 -0.0205
    1870 -0.0205
    1880 -0.0205
    1890 -0.0205
    1900 -0.0204
    1910 -0.0204
    1920 -0.0204
    1930 -0.0204
    1940 -0.0204
    1950 -0.0204
    1960 -0.0203
    1970 -0.0203
    1980 -0.0203
    1990 -0.0203
    2000 -0.0203
    2010 -0.0202
    2020 -0.0202
    2030 -0.0202
    2040 -0.0202
    2050 -0.0202
    2060 -0.0201
    2070 -0.0201
    2080 -0.0201
    2090 -0.0201
    2100 -0.0201
    2110 -0.0200
    2120 -0.0200
    2130 -0.0200
    2140 -0.0200
    2150 -0.0200
    2160 -0.0199
    2170 -0.0199
    2180 -0.0199
    2190 -0.0199
    2200 -0.0199
    2210 -0.0198
    2220 -0.0198
    2230 -0.0198
    2240 -0.0198
    2250 -0.0198
    2260 -0.0197
    2270 -0.0197
    2280 -0.0197
    2290 -0.0197
    2300 -0.0196
    2310 -0.0196
    2320 -0.0196
    2330 -0.0196
    2340 -0.0196
    2350 -0.0195
    2360 -0.0195
    2370 -0.0195
    2380 -0.0195
    2390 -0.0194
    2400 -0.0194
    2410 -0.0194
    2420 -0.0194
    2430 -0.0194
    2440 -0.0193
    2450 -0.0193
    2460 -0.0193
    2470 -0.0193
    2480 -0.0192
    2490 -0.0192
    2500 -0.0192
    2510 -0.0192
    2520 -0.0191
    2530 -0.0191
    2540 -0.0191
    2550 -0.0191
    2560 -0.0190
    2570 -0.0190
    2580 -0.0190
    2590 -0.0190
    2600 -0.0189
    2610 -0.0189
    2620 -0.0189
    2630 -0.0188
    2640 -0.0188
    2650 -0.0188
    2660 -0.0188
    2670 -0.0187
    2680 -0.0187
    2690 -0.0187
    2700 -0.0187
    2710 -0.0186
    2720 -0.0186
    2730 -0.0186
    2740 -0.0186
    2750 -0.0185
    2760 -0.0185
    2770 -0.0185
    2780 -0.0184
    2790 -0.0184
    2800 -0.0184
    2810 -0.0184
    2820 -0.0183
    2830 -0.0183
    2840 -0.0183
    2850 -0.0183
    2860 -0.0182
    2870 -0.0182
    2880 -0.0182
    2890 -0.0181
    2900 -0.0181
    2910 -0.0181
    2920 -0.0181
    2930 -0.0180
    2940 -0.0180
    2950 -0.0180
    2960 -0.0179
    2970 -0.0179
    2980 -0.0179
    2990 -0.0179
    3000 -0.0178
    3010 -0.0178
    3020 -0.0178
    3030 -0.0177
    3040 -0.0177
    3050 -0.0177
    3060 -0.0176
    3070 -0.0176
    3080 -0.0176
    3090 -0.0176
    3100 -0.0175
    3110 -0.0175
    3120 -0.0175
    3130 -0.0174
    3140 -0.0174
    3150 -0.0174
    3160 -0.0173
    3170 -0.0173
    3180 -0.0173
    3190 -0.0173
    3200 -0.0172
    3210 -0.0172
    3220 -0.0172
    3230 -0.0171
    3240 -0.0171
    3250 -0.0171
    3260 -0.0170
    3270 -0.0170
    3280 -0.0170
    3290 -0.0169
    3300 -0.0169
    3310 -0.0169
    3320 -0.0168
    3330 -0.0168
    3340 -0.0165
    3350 -0.0158
    3360 -0.0152
    3370 -0.0146
    3380 -0.0139
    3390 -0.0133
    3400 -0.0126
    3410 -0.0120
    3420 -0.0113
    3430 -0.0107
    3440 -0.0100
    3450 -0.0094
    3460 -0.0087
    3470 -0.0081
    3480 -0.0074
    3490 -0.0068
    3500 -0.0062
    3510 -0.0055
    3520 -0.0049
    3530 -0.0042
    3540 -0.0036
    3550 -0.0029
    3560 -0.0023
    3570 -0.0016
    3580 -0.0010
    3590 -0.0003
    3600  0.0003
    3610  0.0009
    3620  0.0016
    3630  0.0022
    3640  0.0029
    3650  0.0035
    3660  0.0042
    3670  0.0048
    3680  0.0055
    3690  0.0061
    3700  0.0068
    3710  0.0074
    3720  0.0080
    3730  0.0087
    3740  0.0093
    3750  0.0100
    3760  0.0106
    3770  0.0113
    3780  0.0119
    3790  0.0126
    3800  0.0132
    3810  0.0139
    3820  0.0145
    3830  0.0151
    3840  0.0158
    3850  0.0164
    3860  0.0171
    3870  0.0177
    3880  0.0184
    3890  0.0190
    3900  0.0197
    3910  0.0203
    3920  0.0210
    3930  0.0216
    3940  0.0223
    3950  0.0229
    3960  0.0235
    3970  0.0242
    3980  0.0248
    3990  0.0255
    4000  0.0261
    4010  0.0268
    4020  0.0274
    4030  0.0281
    4040  0.0287
    4050  0.0294
    4060  0.0300
    4070  0.0306
    4080  0.0313
    4090  0.0319
    4100  0.0326
    4110  0.0332
    4120  0.0339
    4130  0.0345
    4140  0.0352
    4150  0.0358
    4160  0.0365
    4170  0.0371
    4180  0.0377
    4190  0.0384
    4200  0.0390
    4210  0.0397
    4220  0.0403
    4230  0.0410
    4240  0.0416
    4250  0.0423
    4260  0.0429
    4270  0.0436
    4280  0.0442
    4290  0.0448
    4300  0.0455
    4310  0.0461
    4320  0.0468
    4330  0.0474
    4340  0.0481
    4350  0.0487
    4360  0.0494
    4370  0.0500
    4380  0.0507
    4390  0.0513
    4400  0.0520
    4410  0.0526
    4420  0.0532
    4430  0.0539
    4440  0.0545
    4450  0.0552
    4460  0.0558
    4470  0.0565
    4480  0.0571
    4490  0.0578
    4500  0.0584
    4510  0.0591
    4520  0.0597
    4530  0.0603
    4540  0.0610
    4550  0.0616
    4560  0.0623
    4570  0.0629
    4580  0.0636
    4590  0.0642
    4600  0.0649
    4610  0.0655
    4620  0.0662
    4630  0.0668
    4640  0.0674
    4650  0.0681
    4660  0.0687
    4670  0.0694
    4680  0.0700
    4690  0.0707
    4700  0.0713
    4710  0.0720
    4720  0.0726
    4730  0.0733
    4740  0.0739
    4750  0.0746
    4760  0.0752
    4770  0.0758
    4780  0.0765
    4790  0.0771
    4800  0.0778
    4810  0.0784
    4820  0.0791
    4830  0.0797
    4840  0.0804
    4850  0.0810
    4860  0.0817
    4870  0.0823
    4880  0.0829
    4890  0.0836
    4900  0.0842
    4910  0.0849
    4920  0.0855
    4930  0.0862
    4940  0.0868
    4950  0.0875
    4960  0.0881
    4970  0.0888
    4980  0.0894
    4990  0.0900
    5000  0.0907
    5010  0.0913
    5020  0.0920
    5030  0.0926
    5040  0.0933
    5050  0.0939
    5060  0.0946
    5070  0.0952
    5080  0.0959
    5090  0.0965
    5100  0.0971
    5110  0.0978
    5120  0.0984
    5130  0.0991
    5140  0.0997
    5150  0.1004
    5160  0.1010
    5170  0.1017
    5180  0.1023
    5190  0.1030
    5200  0.1036
    5210  0.1043
    5220  0.1049
    5230  0.1055
    5240  0.1062
    5250  0.1068
    5260  0.1075
    5270  0.1081
    5280  0.1088
    5290  0.1094
    5300  0.1101
    5310  0.1107
    5320  0.1114
    5330  0.1120
    5340  0.1126
    5350  0.1133
    5360  0.1139
    5370  0.1146
    5380  0.1152
    5390  0.1159
    5400  0.1165
    5410  0.1172
    5420  0.1178
    5430  0.1185
    5440  0.1191
    5450  0.1197
    5460  0.1204
    5470  0.1210
    5480  0.1217
    5490  0.1223
    5500  0.1230
    5510  0.1236
    5520  0.1243
    5530  0.1249
    5540  0.1256
    5550  0.1262
    5560  0.1268
    5570  0.1275
    5580  0.1281
    5590  0.1288
    5600  0.1294
    5610  0.1301
    5620  0.1307
    5630  0.1314
    5640  0.1320
    5650  0.1327
    5660  0.1333
    5670  0.1340
    5680  0.1346
    5690  0.1352
    5700  0.1359
    5710  0.1365
    5720  0.1372
    5730  0.1378
    5740  0.1385
    5750  0.1391
    5760  0.1398
    5770  0.1404
    5780  0.1411
    5790  0.1417
    5800  0.1423
    5810  0.1430
    5820  0.1436
    5830  0.1443
    5840  0.1449
    5850  0.1456
    5860  0.1153
    5870  0.0600
    5880  0.0532
    5890  0.0465
    5900  0.0398
    5910  0.0385
    5920  0.0385
    5930  0.0385
    5940  0.0385
    5950  0.0385
    5960  0.0385
    5970  0.0385
    5980  0.0385
    5990  0.0385
    6000  0.0385
    6010  0.0385
    6020  0.0385
    6030  0.0385
    6040  0.0385
    6050  0.0385
    6060  0.0385
    6070  0.0385
    6080  0.0385
    6090  0.0385
    6100  0.0385
    6110  0.0385
    6120  0.0385
    6130  0.0385
    6140  0.0385
    6150  0.0385
    6160  0.0385
    6170  0.0385
    6180  0.0385
    6190  0.0385
    6200  0.0385
    6210  0.0385
    6220  0.0385
    6230  0.0385
    6240  0.0385
    6250  0.0385
    6260  0.0385
    6270  0.0385
    6280  0.0385
    6290  0.0385
    6300  0.0385
    6310  0.0385
    6320  0.0385
    6330  0.0385
    6340  0.0385
    6350  0.0385
    6360  0.0385
    6370  0.0385
    6380  0.0385
    6390  0.0385
    6400  0.0385
    6410  0.0385
    6420  0.0385
    6430  0.0385
    6440  0.0385
    6450  0.0385
    6460  0.0385
    6470  0.0385
    6480  0.0385
    6490  0.0385
    6500  0.0385
    6510  0.0385
    6520  0.0385
    6530  0.0385
    6540  0.0385
    6550  0.0385
    6560  0.0385
    6570  0.0385
    6580  0.0385
    6590  0.0385
    6600  0.0385
    6610  0.0385
    6620  0.0385
    6630  0.0385
    6640  0.0385
    6650  0.0385
    6660  0.0385
    6670  0.0385
    6680  0.0385
    6690  0.0385
    6700  0.0385
    6710  0.0385
    6720  0.0385
    6730  0.0385
    6740  0.0385
    6750  0.0385
    6760  0.0385
    6770  0.0385
    6780  0.0385
    6790  0.0385
    6800  0.0385
    6810  0.0385
    6820  0.0385
    6830  0.0385
    6840  0.0385
    6850  0.0385
    6860  0.0385
    6870  0.0385
    6880  0.0385
    6890  0.0385
    6900  0.0385
    6910  0.0385
    6920  0.0385
    6930  0.0385
    6940  0.0385
    6950  0.0385
    6960  0.0385
    6970  0.0385
    6980  0.0385
    6990  0.0385
    7000  0.0385
    7010  0.0385
    7020  0.0385
    7030  0.0385
    7040  0.0385
    7050  0.0385
    7060  0.0385
    7070  0.0385
    7080  0.0385
    7090  0.0385
    7100  0.0385
    7110  0.0385
    7120  0.0385
    7130  0.0385
    7140  0.0385
    7150  0.0385
    7160  0.0385
    7170  0.0385
    7180  0.0385
    7190  0.0385
    7200  0.0385
    7210  0.0385
    7220  0.0385
    7230  0.0385
    7240  0.0385
    7250  0.0385
    7260  0.0385
    7270  0.0385
    7280  0.0385
    7290  0.0385
    7300  0.0385
    7310  0.0385
    7320  0.0385
    7330  0.0385
    7340  0.0385
    7350  0.0385
    7360  0.0385
    7370  0.0385
    7380  0.0385
    7390  0.0385
    7400  0.0385
    7410  0.0386
    7420  0.0386
    7430  0.0386
    7440  0.0386
    7450  0.0387
    7460  0.0387
    7470  0.0387
    7480  0.0388
    7490  0.0388
    7500  0.0388
    7510  0.0389
    7520  0.0389
    7530  0.0389
    7540  0.0389
    7550  0.0390
    7560  0.0390
    7570  0.0390
    7580  0.0391
    7590  0.0391
    7600  0.0391
    7610  0.0392
    7620  0.0392
    7630  0.0392
    7640  0.0393
    7650  0.0393
    7660  0.0393
    7670  0.0393
    7680  0.0394
    7690  0.0394
    7700  0.0394
    7710  0.0395
    7720  0.0395
    7730  0.0395
    7740  0.0396
    7750  0.0396
    7760  0.0396
    7770  0.0396
    7780  0.0397
    7790  0.0397
    7800  0.0397
    7810  0.0398
    7820  0.0398
    7830  0.0398
    7840  0.0399
    7850  0.0399
    7860  0.0399
    7870  0.0399
    7880  0.0400
    7890  0.0400
    7900  0.0400
    7910  0.0401
    7920  0.0401
    7930  0.0401
    7940  0.0402
    7950  0.0402
    7960  0.0402
    7970  0.0403
    7980  0.0403
    7990  0.0403
    8000  0.0403
    8010  0.0404
    8020  0.0404
    8030  0.0404
    8040  0.0405
    8050  0.0405
    8060  0.0405
    8070  0.0406
    8080  0.0406
    8090  0.0406
    8100  0.0407
    8110  0.0407
    8120  0.0407
    8130  0.0407
    8140  0.0408
    8150  0.0408
    8160  0.0408
    8170  0.0409
    8180  0.0409
    8190  0.0409
    8200  0.0410
    8210  0.0410
    8220  0.0410
    8230  0.0411
    8240  0.0411
    8250  0.0411
    8260  0.0411
    8270  0.0412
    8280  0.0412
    8290  0.0412
    8300  0.0413
    8310  0.0413
    8320  0.0413
    8330  0.0414
    8340  0.0414
    8350  0.0414
    8360  0.0415
    8370  0.0415
    8380  0.0415
    8390  0.0416
    8400  0.0416
    8410  0.0416
    8420  0.0416
    8430  0.0417
    8440  0.0417
    8450  0.0417
    8460  0.0418
    8470  0.0418
    8480  0.0418
    8490  0.0419
    8500  0.0419
    8510  0.0419
    8520  0.0420
    8530  0.0420
    8540  0.0420
    8550  0.0421
    8560  0.0421
    8570  0.0421
    8580  0.0421
    8590  0.0422
    8600  0.0422
    8610  0.0422
    8620  0.0423
    8630  0.0423
    8640  0.0423
    8650  0.0424
    8660  0.0424
    8670  0.0424
    8680  0.0425
    8690  0.0425
    8700  0.0425
    8710  0.0426
    8720  0.0426
    8730  0.0426
    8740  0.0427
    8750  0.0427
    8760  0.0427
    8770  0.0428
    8780  0.0428
    8790  0.0428
    8800  0.0428
    8810  0.0429
    8820  0.0429
    8830  0.0429
    8840  0.0430
    8850  0.0430
    8860  0.0430
    8870  0.0431
    8880  0.0431
    8890  0.0431
    8900  0.0432
    8910  0.0432
    8920  0.0432
    8930  0.0433
    8940  0.0433
    8950  0.0433
    8960  0.0434
    8970  0.0434
    8980  0.0434
    8990  0.0435
    9000  0.0435
    9010  0.0435
    9020  0.0436
    9030  0.0436
    9040  0.0436
    9050  0.0436
    9060  0.0437
    9070  0.0437
    9080  0.0437
    9090  0.0438
    9100  0.0438
    9110  0.0438
    9120  0.0439
    9130  0.0439
    9140  0.0439
    9150  0.0440
    9160  0.0440
    9170  0.0440
    9180  0.0441
    9190  0.0441
    9200  0.0441
    9210  0.0521
    9220  0.0522
    9230  0.0524
    9240  0.0525
    9250  0.0526
    9260  0.0528
    9270  0.0529
    9280  0.0531
    9290  0.0532
    9300  0.0533
    9310  0.0535
    9320  0.0536
    9330  0.0538
    9340  0.0539
    9350  0.0540
    9360  0.0542
    9370  0.0543
    9380  0.0545
    9390  0.0546
    9400  0.0548
    9410  0.0549
    9420  0.0551
    9430  0.0552
    9440  0.0554
    9450  0.0555
    9460  0.0557
    9470  0.0558
    9480  0.0560
    9490  0.0561
    9500  0.0563
    9510  0.0564
    9520  0.0566
    9530  0.0567
    9540  0.0569
    9550  0.0570
    9560  0.0572
    9570  0.0574
    9580  0.0575
    9590  0.0577
    9600  0.0578
    9610  0.0580
    9620  0.0581
    9630  0.0583
    9640  0.0585
    9650  0.0586
    9660  0.0588
    9670  0.0589
    9680  0.0591
    9690  0.0593
    9700  0.0594
    9710  0.0596
    9720  0.0598
    9730  0.0599
    9740  0.0601
    9750  0.0602
    9760  0.0604
    9770  0.0606
    9780  0.0607
    9790  0.0609
    9800  0.0611
    9810  0.0612
    9820  0.0614
    9830  0.0616
    9840  0.0617
    9850  0.0619
    9860  0.0621
    9870  0.0622
    9880  0.0624
    9890  0.0626
    9900  0.0627
    9910  0.0629
    9920  0.0631
    9930  0.0633
    9940  0.0634
    9950  0.0636
    9960  0.0638
    9970  0.0639
    9980  0.0641
    9990  0.0643
   10000  0.0645
   10010  0.0646
   10020  0.0648
   10030  0.0650
   10040  0.0651
   10050  0.0653
   10060  0.0655
   10070  0.0657
   10080  0.0658
   10090  0.0660
   10100  0.0662
   10110  0.0664
   10120  0.0666
   10130  0.0667
   10140  0.0669
   10150  0.0671
   10160  0.0673
   10170  0.0675
   10180  0.0676
   10190  0.0678
   10200  0.0680
   10210  0.0682
   10220  0.0684
   10230  0.0685
   10240  0.0687
   10250  0.0689
   10260  0.0691
   10270  0.0693
   10280  0.0695
   10290  0.0697
   10300  0.0698
   10310  0.0700
   10320  0.0702
   10330  0.0704
   10340  0.0706
   10350  0.0708
   10360  0.0710
   10370  0.0712
   10380  0.0714
   10390  0.0715
   10400  0.0717
   10410  0.0719
   10420  0.0721
   10430  0.0723
   10440  0.0725
   10450  0.0727
   10460  0.0729
   10470  0.0731
   10480  0.0733
   10490  0.0735
   10500  0.0737
   10510  0.0739
   10520  0.0741
   10530  0.0743
   10540  0.0745
   10550  0.0747
   10560  0.0749
   10570  0.0751
   10580  0.0753
   10590  0.0755
   10600  0.0758
   10610  0.0760
   10620  0.0762
   10630  0.0764
   10640  0.0766
   10650  0.0768
   10660  0.0770
   10670  0.0772
   10680  0.0774
   10690  0.0776
   10700  0.0779
   10710  0.0781
   10720  0.0783
   10730  0.0785
   10740  0.0787
   10750  0.0789
   10760  0.0792
   10770  0.0794
   10780  0.0796
   10790  0.0798
   10800  0.0800
   10810  0.0802
   10820  0.0805
   10830  0.0807
   10840  0.0809
   10850  0.0811
   10860  0.0813
   10870  0.0816
   10880  0.0818
   10890  0.0923
   10900  0.0913
   10910  0.0919
   10920  0.0925
   10930  0.0931
   10940  0.0936
   10950  0.0942
   10960  0.0948
   10970  0.0954
   10980  0.0960
   10990  0.0966
   11000  0.0972
   11010  0.0978
   11020  0.0984
   11030  0.0990
   11040  0.0996
   11050  0.1002
   11060  0.1007
   11070  0.1013
   11080  0.1019
   11090  0.1025
   11100  0.1031
   11110  0.1037
   11120  0.1043
   11130  0.1049
   11140  0.1055
   11150  0.1061
   11160  0.1067
   11170  0.1073
   11180  0.1079
   11190  0.1085
   11200  0.1091
   11210  0.1097
   11220  0.1103
   11230  0.1109
   11240  0.1114
   11250  0.1120
   11260  0.1126
   11270  0.1132
   11280  0.1138
   11290  0.1144
   11300  0.1150
   11310  0.1156
   11320  0.1162
   11330  0.1168
   11340  0.1174
   11350  0.1180
   11360  0.1186
   11370  0.1192
   11380  0.1198
   11390  0.1204
   11400  0.1210
   11410  0.1216
   11420  0.1222
   11430  0.1228
   11440  0.1234
   11450  0.1240
   11460  0.1246
   11470  0.1252
   11480  0.1258
   11490  0.1264
   11500  0.1270
   11510  0.1276
   11520  0.1282
   11530  0.1289
   11540  0.1295
   11550  0.1301
   11560  0.1307
   11570  0.1313
   11580  0.1319
   11590  0.1325
   11600  0.1331
   11610  0.1337
   11620  0.1343
   11630  0.1349
   11640  0.1355
   11650  0.1361
   11660  0.1368
   11670  0.1374
   11680  0.1380
   11690  0.1386
   11700  0.1392
   11710  0.1398
   11720  0.1404
   11730  0.1410
   11740  0.1416
   11750  0.1422
   11760  0.1429
   11770  0.1435
   11780  0.1441
   11790  0.1447
   11800  0.1453
   11810  0.1459
   11820  0.1465
   11830  0.1471
   11840  0.1477
   11850  0.1483
   11860  0.1490
   11870  0.1496
   11880  0.1502
   11890  0.1508
   11900  0.1514
   11910  0.1686
   11920  0.1678
   11930  0.1670
   11940  0.1661
   11950  0.1653
   11960  0.1645
   11970  0.1636
   11980  0.1628
   11990  0.1620
   12000  0.1612
   12010  0.1603
   12020  0.1595
   12030  0.1587
   12040  0.1579
   12050  0.1570
   12060  0.1562
   12070  0.1554
   12080  0.1545
   12090  0.1537
   12100  0.1529
   12110  0.1521
   12120  0.1512
   12130  0.1504
   12140  0.1496
   12150  0.1488
   12160  0.1479
   12170  0.1471
   12180  0.1463
   12190  0.1454
   12200  0.1446
   12210  0.1438
   12220  0.1430
   12230  0.1421
   12240  0.1413
   12250  0.1405
   12260  0.1397
   12270  0.1388
   12280  0.1380
   12290  0.1372
   12300  0.1363
   12310  0.1355
   12320  0.1347
   12330  0.1339
   12340  0.1330
   12350  0.1322
   12360  0.1314
   12370  0.1306
   12380  0.1297
   12390  0.1289
   12400  0.1281
   12410  0.1273
   12420  0.1264
   12430  0.1256
   12440  0.1248
   12450  0.1239
   12460  0.1231
   12470  0.1223
   12480  0.1215
   12490  0.1206
   12500  0.1198
   12510  0.1190
   12520  0.1182
   12530  0.1173
   12540  0.1165
   12550  0.1157
   12560  0.1148
   12570  0.1140
   12580  0.1132
   12590  0.1124
   12600  0.1115
   12610  0.1107
   12620  0.1099
   12630  0.1091
   12640  0.1082
   12650  0.1074
   12660  0.1066
   12670  0.1057
   12680  0.1049
   12690  0.1041
   12700  0.1033
   12710  0.1024
   12720  0.1016
   12730  0.1008
   12740  0.1000
   12750  0.0991
   12760  0.0983
   12770  0.0975
   12780  0.0966
   12790  0.0958
   12800  0.0950
   12810  0.0942
   12820  0.0933
   12830  0.0925
   12840  0.0917
   12850  0.0909
   12860  0.0900
   12870  0.0892
   12880  0.0884
   12890  0.0875
   12900  0.0867
   12910  0.0859
   12920  0.0851
   12930  0.0842
   12940  0.0834
   12950  0.0826
   12960  0.0818
   12970  0.0809
   12980  0.0801
   12990  0.0793
   13000  0.0785
   13010  0.0776
   13020  0.0768
   13030  0.0760
   13040  0.0751
   13050  0.0743
   13060  0.0735
   13070  0.0727
   13080  0.0718
   13090  0.0710
   13100  0.0702
   13110  0.0694
   13120  0.0685
   13130  0.0677
   13140  0.0669
   13150  0.0660
   13160  0.0652
   13170  0.0644
   13180  0.0636
   13190  0.0627
   13200  0.0619
   13210  0.0611
   13220  0.0603
   13230  0.0594
   13240  0.0586
   13250  0.0578
   13260  0.0569
   13270  0.0561
   13280  0.0553
   13290  0.0545
   13300  0.0536
   13310  0.0528
   13320  0.0520
   13330  0.0512
   13340  0.0503
   13350  0.0000
   13360  0.0000
   13370  0.0000
   13380  0.0000
   13390  0.0000
   13400  0.0000
   13410  0.0000
   13420  0.0000
   13430  0.0000
   13440  0.0000
   13450  0.0000
   13460  0.0000
   13470  0.0000
   13480  0.0000
   13490  0.0000
   13500  0.0000
   13510  0.0000
   13520  0.0000
   13530  0.0000
   13540  0.0000
   13550  0.0000
   13560  0.0000
   13570  0.0000
   13580  0.0000
   13590  0.0000
   13600  0.0000
   13610  0.0000
   13620  0.0000
   13630  0.0000
   13640  0.0000
   13650  0.0000
   13660  0.0000
   13670  0.0000
   13680  0.0000
   13690  0.0000
   13700  0.0000
   13710  0.0000
   13720  0.0000
   13730  0.0000
   13740  0.0000
   13750  0.0000
   13760  0.0000
   13770  0.0000
   13780  0.0000
   13790  0.0000
   13800  0.0000
   13810  0.0000
   13820  0.0000
   13830  0.0000
   13840  0.0000
   13850  0.0000
   13860  0.0000
   13870  0.0000
   13880  0.0000
   13890  0.0000
   13900  0.0000
   13910  0.0000
   13920  0.0000
   13930  0.0000
   13940  0.0000
   13950  0.0000
   13960  0.0000
   13970  0.0000
   13980  0.0000
   13990  0.0000
   14000  0.0000
   14010  0.0000
   14020  0.0000
   14030  0.0000
   14040  0.0000
   14050  0.0000
   14060  0.0000
   14070  0.0000
   14080  0.0000
   14090  0.0000
   14100  0.0000
   14110  0.0000
   14120  0.0000
   14130  0.0000
   14140  0.0000
   14150  0.0000
   14160  0.0000
   14170  0.0000
   14180  0.0000
   14190  0.0000
   14200  0.0000
   14210  0.0000
   14220  0.0000
   14230  0.0000
   14240  0.0000
   14250  0.0000
   14260  0.0000
   14270  0.0000
   14280  0.0000
   14290  0.0000
   14300  0.0000
   14310  0.0000
   14320  0.0000
   14330  0.0000
   14340  0.0000
   14350  0.0000
   14360  0.0000
   14370  0.0000
   14380  0.0000
   14390  0.0000
   14400  0.0000
   14410  0.0000
   14420  0.0000
   14430  0.0000
   14440  0.0000
   14450  0.0000
   14460  0.0000
   14470  0.0000
   14480  0.0000
   14490  0.0000
   14500  0.0000
   14510  0.0000
   14520  0.0000
   14530  0.0000
   14540  0.0000
   14550  0.0000
   14560  0.0000
   14570  0.0000
   14580  0.0000
   14590  0.0000
   14600  0.0000
   14610  0.0000
   14620  0.0000
   14630  0.0000
   14640  0.0000
   14650  0.0000
   14660  0.0000
   14670  0.0000
   14680  0.0000
   14690  0.0000
   14700  0.0000
   14710  0.0000
   14720  0.0000
   14730  0.0000
   14740  0.0000
   14750  0.0000
   14760  0.0000
   14770  0.0000
   14780  0.0000
   14790  0.0000
   14800  0.0000
   14810  0.0000
   14820  0.0000
   14830  0.0000
   14840  0.0000
   14850  0.0000
   14860  0.0000
   14870  0.0000
   14880  0.0000
   14890  0.0000
   14900  0.0000
   14910  0.0000
   14920  0.0000
   14930  0.0000
   14940  0.0000
   14950  0.0000
   14960  0.0000
   14970  0.0000
   14980  0.0000
   14990  0.0000
   15000  0.0000
