       0   1490.
      10   1490.
      20   1490.
      30   1490.
      40   1490.
      50   1490.
      60   1490.
      70   1490.
      80   1490.
      90   1490.
     100   1490.
     110   1490.
     120   1490.
     130   1490.
     140   1490.
     150   1490.
     160   1490.
     170   1490.
     180   1490.
     190   1490.
     200   1490.
     210   1490.
     220   1490.
     230   1490.
     240   1490.
     250   1490.
     260   1490.
     270   1490.
     280   1490.
     290   1490.
     300   1490.
     310   1490.
     320   1490.
     330   1490.
     340   1490.
     350   1490.
     360   1490.
     370   1490.
     380   1490.
     390   1490.
     400   1490.
     410   1490.
     420   1490.
     430   1490.
     440   1490.
     450   1490.
     460   1490.
     470   1490.
     480   1490.
     490   1490.
     500   1490.
     510   1490.
     520   1490.
     530   1490.
     540   1490.
     550   1490.
     560   1490.
     570   1490.
     580   1490.
     590   1490.
     600   1490.
     610   1490.
     620   1490.
     630   1490.
     640   1490.
     650   1490.
     660   1490.
     670   1490.
     680   1490.
     690   1490.
     700   1490.
     710   1490.
     720   1490.
     730   1490.
     740   1490.
     750   1490.
     760   1490.
     770   1490.
     780   1490.
     790   1490.
     800   1490.
     810   1490.
     820   1490.
     830   1490.
     840   1490.
     850   1490.
     860   1490.
     870   1490.
     880   1490.
     890   1490.
     900   1490.
     910   1490.
     920   1490.
     930   1490.
     940   1490.
     950   1490.
     960   1490.
     970   1490.
     980   1490.
     990   1490.
    1000   1490.
    1010   1490.
    1020   1490.
    1030   1490.
    1040   1490.
    1050   1490.
    1060   1490.
    1070   1490.
    1080   1490.
    1090   1490.
    1100   1490.
    1110   1490.
    1120   1490.
    1130   1490.
    1140   1490.
    1150   1490.
    1160   1490.
    1170   1490.
    1180   1490.
    1190   1490.
    1200   1490.
    1210   1490.
    1220   1490.
    1230   1490.
    1240   1490.
    1250   1490.
    1260   1490.
    1270   1490.
    1280   1490.
    1290   1490.
    1300   1490.
    1310   1490.
    1320   1490.
    1330   1490.
    1340   1490.
    1350   1490.
    1360   1490.
    1370   1490.
    1380   1490.
    1390   1490.
    1400   1490.
    1410   1490.
    1420   1583.
    1430   1583.
    1440   1584.
    1450   1586.
    1460   1593.
    1470   1600.
    1480   1607.
    1490   1612.
    1500   1615.
    1510   1618.
    1520   1620.
    1530   1612.
    1540   1603.
    1550   1594.
    1560   1593.
    1570   1600.
    1580   1607.
    1590   1614.
    1600   1623.
    1610   1631.
    1620   1640.
    1630   1643.
    1640   1637.
    1650   1631.
    1660   1625.
    1670   1629.
    1680   1635.
    1690   1641.
    1700   1646.
    1710   1645.
    1720   1645.
    1730   1644.
    1740   1654.
    1750   1671.
    1760   1687.
    1770   1703.
    1780   1703.
    1790   1703.
    1800   1703.
    1810   1707.
    1820   1715.
    1830   1723.
    1840   1731.
    1850   1736.
    1860   1741.
    1870   1746.
    1880   1752.
    1890   1758.
    1900   1764.
    1910   1769.
    1920   1799.
    1930   1836.
    1940   1873.
    1950   1907.
    1960   1925.
    1970   1944.
    1980   1962.
    1990   1945.
    2000   1904.
    2010   1864.
    2020   1824.
    2030   1823.
    2040   1822.
    2050   1821.
    2060   1823.
    2070   1828.
    2080   1833.
    2090   1838.
    2100   1851.
    2110   1865.
    2120   1879.
    2130   1895.
    2140   1916.
    2150   1936.
    2160   1957.
    2170   1947.
    2180   1927.
    2190   1907.
    2200   1890.
    2210   1895.
    2220   1899.
    2230   1904.
    2240   1907.
    2250   1909.
    2260   1912.
    2270   1914.
    2280   1912.
    2290   1909.
    2300   1906.
    2310   1906.
    2320   1910.
    2330   1913.
    2340   1916.
    2350   1928.
    2360   1940.
    2370   1953.
    2380   1964.
    2390   1970.
    2400   1976.
    2410   1982.
    2420   1982.
    2430   1979.
    2440   1976.
    2450   1975.
    2460   1984.
    2470   1993.
    2480   2002.
    2490   2008.
    2500   2014.
    2510   2019.
    2520   2024.
    2530   2027.
    2540   2030.
    2550   2033.
    2560   2037.
    2570   2043.
    2580   2049.
    2590   2055.
    2600   2061.
    2610   2068.
    2620   2075.
    2630   2077.
    2640   2068.
    2650   2059.
    2660   2050.
    2670   2044.
    2680   2040.
    2690   2036.
    2700   2033.
    2710   2035.
    2720   2036.
    2730   2038.
    2740   2046.
    2750   2058.
    2760   2070.
    2770   2082.
    2780   2090.
    2790   2098.
    2800   2106.
    2810   2118.
    2820   2133.
    2830   2148.
    2840   2163.
    2850   2169.
    2860   2174.
    2870   2179.
    2880   2183.
    2890   2187.
    2900   2191.
    2910   2194.
    2920   2203.
    2930   2214.
    2940   2225.
    2950   2233.
    2960   2226.
    2970   2218.
    2980   2211.
    2990   2210.
    3000   2214.
    3010   2217.
    3020   2220.
    3030   2225.
    3040   2230.
    3050   2235.
    3060   2236.
    3070   2234.
    3080   2232.
    3090   2230.
    3100   2239.
    3110   2249.
    3120   2259.
    3130   2279.
    3140   2320.
    3150   2360.
    3160   2401.
    3170   2402.
    3180   2390.
    3190   2378.
    3200   2369.
    3210   2372.
    3220   2376.
    3230   2379.
    3240   2388.
    3250   2400.
    3260   2413.
    3270   2424.
    3280   2419.
    3290   2414.
    3300   2408.
    3310   2407.
    3320   2409.
    3330   2412.
    3340   2414.
    3350   2416.
    3360   2418.
    3370   2420.
    3380   2424.
    3390   2432.
    3400   2440.
    3410   2448.
    3420   2441.
    3430   2431.
    3440   2420.
    3450   2413.
    3460   2423.
    3470   2432.
    3480   2441.
    3490   2443.
    3500   2440.
    3510   2437.
    3520   2435.
    3530   2436.
    3540   2438.
    3550   2440.
    3560   2441.
    3570   2443.
    3580   2445.
    3590   2447.
    3600   2443.
    3610   2438.
    3620   2433.
    3630   2432.
    3640   2438.
    3650   2444.
    3660   2450.
    3670   2457.
    3680   2465.
    3690   2472.
    3700   2482.
    3710   2501.
    3720   2519.
    3730   2538.
    3740   2548.
    3750   2552.
    3760   2556.
    3770   2561.
    3780   2562.
    3790   2564.
    3800   2566.
    3810   2563.
    3820   2555.
    3830   2548.
    3840   2540.
    3850   2548.
    3860   2556.
    3870   2564.
    3880   2573.
    3890   2582.
    3900   2592.
    3910   2601.
    3920   2619.
    3930   2638.
    3940   2657.
    3950   2673.
    3960   2681.
    3970   2688.
    3980   2695.
    3990   2719.
    4000   2750.
    4010   2781.
    4020   2804.
    4030   2781.
    4040   2757.
    4050   2734.
    4060   2727.
    4070   2734.
    4080   2741.
    4090   2748.
    4100   2758.
    4110   2768.
    4120   2778.
    4130   2784.
    4140   2785.
    4150   2786.
    4160   2787.
    4170   2787.
    4180   2787.
    4190   2786.
    4200   2782.
    4210   2771.
    4220   2760.
    4230   2748.
    4240   2748.
    4250   2753.
    4260   2757.
    4270   2761.
    4280   2765.
    4290   2769.
    4300   2773.
    4310   2787.
    4320   2809.
    4330   2831.
    4340   2852.
    4350   2837.
    4360   2823.
    4370   2809.
    4380   2808.
    4390   2821.
    4400   2834.
    4410   2847.
    4420   2864.
    4430   2882.
    4440   2899.
    4450   2904.
    4460   2884.
    4470   2864.
    4480   2844.
    4490   2838.
    4500   2837.
    4510   2836.
    4520   2834.
    4530   2830.
    4540   2826.
    4550   2821.
    4560   2822.
    4570   2824.
    4580   2827.
    4590   2830.
    4600   2837.
    4610   2843.
    4620   2850.
    4630   2854.
    4640   2854.
    4650   2854.
    4660   2854.
    4670   2872.
    4680   2892.
    4690   2912.
    4700   2918.
    4710   2904.
    4720   2889.
    4730   2875.
    4740   2868.
    4750   2863.
    4760   2858.
    4770   2856.
    4780   2864.
    4790   2871.
    4800   2878.
    4810   2885.
    4820   2891.
    4830   2897.
    4840   2903.
    4850   2908.
    4860   2913.
    4870   2917.
    4880   2922.
    4890   2926.
    4900   2930.
    4910   2934.
    4920   2940.
    4930   2947.
    4940   2953.
    4950   2982.
    4960   3041.
    4970   3099.
    4980   3157.
    4990   3184.
    5000   3206.
    5010   3229.
    5020   3223.
    5030   3152.
    5040   3082.
    5050   3012.
    5060   2993.
    5070   2991.
    5080   2990.
    5090   2989.
    5100   2988.
    5110   2987.
    5120   2987.
    5130   3001.
    5140   3024.
    5150   3047.
    5160   3072.
    5170   3126.
    5180   3181.
    5190   3235.
    5200   3243.
    5210   3202.
    5220   3162.
    5230   3121.
    5240   3107.
    5250   3096.
    5260   3084.
    5270   3081.
    5280   3092.
    5290   3104.
    5300   3115.
    5310   3140.
    5320   3168.
    5330   3196.
    5340   3214.
    5350   3199.
    5360   3184.
    5370   3170.
    5380   3160.
    5390   3152.
    5400   3145.
    5410   3138.
    5420   3136.
    5430   3134.
    5440   3132.
    5450   3130.
    5460   3128.
    5470   3125.
    5480   3123.
    5490   3193.
    5500   3263.
    5510   3334.
    5520   3383.
    5530   3404.
    5540   3424.
    5550   3445.
    5560   3462.
    5570   3480.
    5580   3497.
    5590   3507.
    5600   3500.
    5610   3494.
    5620   3488.
    5630   3495.
    5640   3508.
    5650   3520.
    5660   3091.
    5670   3102.
    5680   3113.
    5690   3138.
    5700   3172.
    5710   3200.
    5720   3174.
    5730   3148.
    5740   3146.
    5750   3161.
    5760   3176.
    5770   3190.
    5780   3204.
    5790   3191.
    5800   3159.
    5810   3128.
    5820   3122.
    5830   3115.
    5840   3107.
    5850   3097.
    5860   3088.
    5870   3099.
    5880   3110.
    5890   3126.
    5900   3148.
    5910   3169.
    5920   3197.
    5930   3225.
    5940   3234.
    5950   3226.
    5960   3218.
    5970   3198.
    5980   3179.
    5990   3187.
    6000   3223.
    6010   3259.
    6020   3242.
    6030   3224.
    6040   3213.
    6050   3210.
    6060   3207.
    6070   3212.
    6080   3217.
    6090   3236.
    6100   3270.
    6110   3304.
    6120   3348.
    6130   3392.
    6140   3401.
    6150   3369.
    6160   3336.
    6170   3347.
    6180   3362.
    6190   3363.
    6200   3349.
    6210   3335.
    6220   3326.
    6230   3317.
    6240   3306.
    6250   3292.
    6260   3278.
    6270   3279.
    6280   3281.
    6290   3280.
    6300   3273.
    6310   3266.
    6320   3256.
    6330   3244.
    6340   3236.
    6350   3231.
    6360   3227.
    6370   3228.
    6380   3230.
    6390   3238.
    6400   3256.
    6410   3274.
    6420   3317.
    6430   3366.
    6440   3385.
    6450   3350.
    6460   3314.
    6470   3316.
    6480   3326.
    6490   3332.
    6500   3328.
    6510   3325.
    6520   3338.
    6530   3355.
    6540   3369.
    6550   3377.
    6560   3385.
    6570   3399.
    6580   3415.
    6590   3421.
    6600   3403.
    6610   3385.
    6620   3380.
    6630   3379.
    6640   3384.
    6650   3404.
    6660   3424.
    6670   3460.
    6680   3501.
    6690   3523.
    6700   3485.
    6710   3447.
    6720   3430.
    6730   3419.
    6740   3413.
    6750   3421.
    6760   3429.
    6770   3488.
    6780   3566.
    6790   3626.
    6800   3615.
    6810   3603.
    6820   3608.
    6830   3619.
    6840   3619.
    6850   3566.
    6860   3512.
    6870   3491.
    6880   3486.
    6890   3483.
    6900   3493.
    6910   3504.
    6920   3511.
    6930   3517.
    6940   3520.
    6950   3506.
    6960   3493.
    6970   3499.
    6980   3516.
    6990   3532.
    7000   3545.
    7010   3558.
    7020   3557.
    7030   3547.
    7040   3538.
    7050   3537.
    7060   3535.
    7070   3543.
    7080   3556.
    7090   3569.
    7100   3572.
    7110   3575.
    7120   3580.
    7130   3588.
    7140   3595.
    7150   3606.
    7160   3617.
    7170   3614.
    7180   3599.
    7190   3585.
    7200   3579.
    7210   3573.
    7220   3576.
    7230   3587.
    7240   3598.
    7250   3596.
    7260   3595.
    7270   3596.
    7280   3599.
    7290   3602.
    7300   3594.
    7310   3585.
    7320   3589.
    7330   3606.
    7340   3622.
    7350   3671.
    7360   3720.
    7370   3750.
    7380   3759.
    7390   3769.
    7400   3781.
    7410   3793.
    7420   3758.
    7430   3669.
    7440   3580.
    7450   3619.
    7460   3663.
    7470   3716.
    7480   3779.
    7490   3841.
    7500   3784.
    7510   3719.
    7520   3670.
    7530   3641.
    7540   3613.
    7550   3631.
    7560   3654.
    7570   3667.
    7580   3668.
    7590   3669.
    7600   3682.
    7610   3696.
    7620   3717.
    7630   3748.
    7640   3779.
    7650   3778.
    7660   3773.
    7670   3766.
    7680   3757.
    7690   3747.
    7700   3736.
    7710   3724.
    7720   3717.
    7730   3719.
    7740   3722.
    7750   3725.
    7760   3727.
    7770   3737.
    7780   3759.
    7790   3782.
    7800   3786.
    7810   3786.
    7820   3782.
    7830   3767.
    7840   4480.
    7850   4480.
    7860   4480.
    7870   4480.
    7880   4480.
    7890   4480.
    7900   4480.
    7910   4480.
    7920   4480.
    7930   4480.
    7940   4480.
    7950   4480.
    7960   4480.
    7970   4480.
    7980   4480.
    7990   4480.
    8000   4480.
    8010   4480.
    8020   4480.
    8030   4480.
    8040   4480.
    8050   4480.
    8060   4480.
    8070   4480.
    8080   4480.
    8090   4480.
    8100   4480.
    8110   4480.
    8120   4480.
    8130   4480.
    8140   4480.
    8150   4480.
    8160   4480.
    8170   4480.
    8180   4480.
    8190   4480.
    8200   4480.
    8210   4480.
    8220   4480.
    8230   4480.
    8240   4480.
    8250   4480.
    8260   4480.
    8270   4480.
    8280   4480.
    8290   4480.
    8300   4480.
    8310   4480.
    8320   4480.
    8330   4480.
    8340   4480.
    8350   4480.
    8360   4480.
    8370   4480.
    8380   4480.
    8390   4480.
    8400   4480.
    8410   4480.
    8420   4480.
    8430   4480.
    8440   4480.
    8450   4480.
    8460   4480.
    8470   4480.
    8480   4480.
    8490   4480.
    8500   4480.
    8510   4480.
    8520   4480.
    8530   4480.
    8540   4480.
    8550   4480.
    8560   4480.
    8570   4480.
    8580   4480.
    8590   4480.
    8600   4480.
    8610   4480.
    8620   4480.
    8630   4480.
    8640   4480.
    8650   4480.
    8660   4480.
    8670   4480.
    8680   4480.
    8690   4480.
    8700   4480.
    8710   4480.
    8720   4480.
    8730   4480.
    8740   4480.
    8750   4480.
    8760   4480.
    8770   4480.
    8780   4480.
    8790   4480.
    8800   4480.
    8810   4480.
    8820   4480.
    8830   4480.
    8840   4480.
    8850   4480.
    8860   4480.
    8870   4480.
    8880   4480.
    8890   4480.
    8900   4480.
    8910   4480.
    8920   4480.
    8930   4480.
    8940   4480.
    8950   4480.
    8960   4480.
    8970   4480.
    8980   4480.
    8990   4480.
    9000   4480.
    9010   4480.
    9020   4480.
    9030   4480.
    9040   4480.
    9050   4480.
    9060   4480.
    9070   4480.
    9080   4480.
    9090   4480.
    9100   4480.
    9110   4480.
    9120   4480.
    9130   4480.
    9140   4480.
    9150   4480.
    9160   4480.
    9170   4480.
    9180   4480.
    9190   4480.
    9200   4480.
    9210   4480.
    9220   4480.
    9230   4480.
    9240   4480.
    9250   4480.
    9260   4480.
    9270   4480.
    9280   4480.
    9290   4480.
    9300   4480.
    9310   4480.
    9320   4480.
    9330   4480.
    9340   4480.
    9350   4480.
    9360   4480.
    9370   4480.
    9380   4480.
    9390   4480.
    9400   4480.
    9410   4480.
    9420   4480.
    9430   4480.
    9440   4480.
    9450   4480.
    9460   4480.
    9470   4480.
    9480   4480.
    9490   4480.
    9500   4480.
    9510   4480.
    9520   4480.
    9530   4480.
    9540   4480.
    9550   4480.
    9560   4480.
    9570   4480.
    9580   4780.
    9590   4774.
    9600   4775.
    9610   4777.
    9620   4777.
    9630   4778.
    9640   4779.
    9650   4780.
    9660   4781.
    9670   4782.
    9680   4783.
    9690   4784.
    9700   4787.
    9710   4787.
    9720   4787.
    9730   4788.
    9740   4789.
    9750   4790.
    9760   4790.
    9770   4791.
    9780   4792.
    9790   4793.
    9800   4794.
    9810   4799.
    9820   4796.
    9830   4797.
    9840   4798.
    9850   4799.
    9860   4800.
    9870   4800.
    9880   4800.
    9890   4800.
    9900   4800.
    9910   4800.
    9920   4800.
    9930   4800.
    9940   4800.
    9950   4800.
    9960   4800.
    9970   4800.
    9980   4800.
    9990   4800.
   10000   4800.
   10010   4800.
   10020   4800.
   10030   4800.
   10040   4800.
   10050   4800.
   10060   4800.
   10070   4800.
   10080   4800.
   10090   4800.
   10100   4800.
   10110   4800.
   10120   4800.
   10130   4800.
   10140   4800.
   10150   4800.
   10160   4800.
   10170   4800.
   10180   4800.
   10190   4800.
   10200   4800.
   10210   4800.
   10220   4800.
   10230   4800.
   10240   4800.
   10250   4800.
   10260   4800.
   10270   4800.
   10280   4800.
   10290   4800.
   10300   4800.
   10310   4800.
   10320   4800.
   10330   4800.
   10340   4800.
   10350   4800.
   10360   4800.
   10370   4800.
   10380   4800.
   10390   4800.
   10400   4800.
   10410   4800.
   10420   4800.
   10430   4800.
   10440   4800.
   10450   4800.
   10460   4480.
   10470   4480.
   10480   4480.
   10490   4480.
   10500   4480.
   10510   4480.
   10520   4480.
   10530   4480.
   10540   4480.
   10550   4480.
   10560   4480.
   10570   4480.
   10580   4480.
   10590   4480.
   10600   4480.
   10610   4480.
   10620   4480.
   10630   4480.
   10640   4480.
   10650   4480.
   10660   4480.
   10670   4480.
   10680   4480.
   10690   4480.
   10700   4480.
   10710   4480.
   10720   4480.
   10730   4480.
   10740   4480.
   10750   4480.
   10760   4480.
   10770   4480.
   10780   4480.
   10790   4480.
   10800   4480.
   10810   4480.
   10820   4480.
   10830   4480.
   10840   4480.
   10850   4480.
   10860   4480.
   10870   4480.
   10880   4480.
   10890   4480.
   10900   4480.
   10910   4480.
   10920   4480.
   10930   4480.
   10940   4480.
   10950   4480.
   10960   4480.
   10970   4480.
   10980   4480.
   10990   4480.
   11000   4480.
   11010   4480.
   11020   4480.
   11030   4480.
   11040   4480.
   11050   4480.
   11060   4480.
   11070   4480.
   11080   4480.
   11090   4480.
   11100   4480.
   11110   4480.
   11120   4480.
   11130   4480.
   11140   4480.
   11150   4480.
   11160   4480.
   11170   4480.
   11180   4480.
   11190   4480.
   11200   4480.
   11210   4480.
   11220   4480.
   11230   4480.
   11240   4480.
   11250   4480.
   11260   4480.
   11270   4480.
   11280   4480.
   11290   4480.
   11300   4480.
   11310   4480.
   11320   4480.
   11330   4480.
   11340   4480.
   11350   4480.
   11360   4480.
   11370   4480.
   11380   4480.
   11390   4480.
   11400   4480.
   11410   4480.
   11420   4480.
   11430   4480.
   11440   4480.
   11450   4480.
   11460   4480.
   11470   4480.
   11480   4480.
   11490   4480.
   11500   4480.
   11510   4480.
   11520   4480.
   11530   4480.
   11540   4480.
   11550   4480.
   11560   4480.
   11570   4480.
   11580   4480.
   11590   4480.
   11600   4480.
   11610   4480.
   11620   4480.
   11630   4480.
   11640   4480.
   11650   4480.
   11660   4480.
   11670   4480.
   11680   4480.
   11690   4480.
   11700   4480.
   11710   4480.
   11720   4480.
   11730   4480.
   11740   4480.
   11750   4480.
   11760   4480.
   11770   4480.
   11780   4480.
   11790   4480.
   11800   4480.
   11810   4480.
   11820   4480.
   11830   4480.
   11840   4480.
   11850   4480.
   11860   4480.
   11870   4480.
   11880   4480.
   11890   4480.
   11900   4480.
   11910   4480.
   11920   4480.
   11930   4480.
   11940   4480.
   11950   4480.
   11960   4480.
   11970   4480.
   11980   4480.
   11990   4480.
   12000   4480.
   12010   4480.
   12020   4480.
   12030   4480.
   12040   4480.
   12050   4480.
   12060   4480.
   12070   4480.
   12080   4480.
   12090   4480.
   12100   4480.
   12110   4480.
   12120   4480.
   12130   4480.
   12140   4480.
   12150   4480.
   12160   4480.
   12170   4480.
   12180   4480.
   12190   4480.
   12200   4480.
   12210   4480.
   12220   4480.
   12230   4480.
   12240   4480.
   12250   4480.
   12260   4480.
   12270   4480.
   12280   4480.
   12290   4480.
   12300   4480.
   12310   4480.
   12320   4480.
   12330   4480.
   12340   4480.
   12350   4480.
   12360   4480.
   12370   4480.
   12380   4480.
   12390   4480.
   12400   4480.
   12410   4480.
   12420   4480.
   12430   4480.
   12440   4480.
   12450   4480.
   12460   4480.
   12470   4480.
   12480   4480.
   12490   4480.
   12500   4480.
   12510   4480.
   12520   4480.
   12530   4480.
   12540   4480.
   12550   4480.
   12560   4480.
   12570   4480.
   12580   4480.
   12590   4480.
   12600   4480.
   12610   4480.
   12620   4480.
   12630   4480.
   12640   4480.
   12650   4480.
   12660   4480.
   12670   4480.
   12680   4480.
   12690   4480.
   12700   4480.
   12710   4480.
   12720   4480.
   12730   4480.
   12740   4480.
   12750   4480.
   12760   4480.
   12770   4480.
   12780   4480.
   12790   4480.
   12800   4480.
   12810   4480.
   12820   4480.
   12830   4480.
   12840   4480.
   12850   4480.
   12860   4480.
   12870   4480.
   12880   4480.
   12890   4480.
   12900   4480.
   12910   4480.
   12920   4480.
   12930   4480.
   12940   4480.
   12950   4480.
   12960   4480.
   12970   4480.
   12980   4480.
   12990   4480.
   13000   4480.
   13010   4480.
   13020   4480.
   13030   4480.
   13040   4480.
   13050   4480.
   13060   4480.
   13070   4480.
   13080   4480.
   13090   4480.
   13100   4480.
   13110   4480.
   13120   4480.
   13130   4480.
   13140   4480.
   13150   4480.
   13160   4480.
   13170   4480.
   13180   4480.
   13190   4480.
   13200   4480.
   13210   4480.
   13220   4480.
   13230   4480.
   13240   4480.
   13250   4480.
   13260   4480.
   13270   4480.
   13280   4480.
   13290   4480.
   13300   4480.
   13310   4480.
   13320   4480.
   13330   4480.
   13340   4480.
   13350   4480.
   13360   4480.
   13370   4480.
   13380   4480.
   13390   4480.
   13400   4480.
   13410   4480.
   13420   4480.
   13430   4480.
   13440   4480.
   13450   4480.
   13460   4480.
   13470   4480.
   13480   4480.
   13490   4480.
   13500   4480.
   13510   4480.
   13520   4480.
   13530   4480.
   13540   4480.
   13550   4480.
   13560   4480.
   13570   4480.
   13580   4480.
   13590   4480.
   13600   4480.
   13610   4480.
   13620   4480.
   13630   4480.
   13640   4480.
   13650   4480.
   13660   4480.
   13670   4480.
   13680   4480.
   13690   4480.
   13700   4480.
   13710   4480.
   13720   4480.
   13730   4480.
   13740   4480.
   13750   4480.
   13760   4480.
   13770   4480.
   13780   4480.
   13790   4480.
   13800   4480.
   13810   4480.
   13820   4480.
   13830   4480.
   13840   4480.
   13850   4480.
   13860   4480.
   13870   4480.
   13880   4480.
   13890   4480.
   13900   4480.
   13910   4480.
   13920   4480.
   13930   4480.
   13940   4480.
   13950   4480.
   13960   4480.
   13970   4480.
   13980   4480.
   13990   4480.
   14000   4480.
   14010   4480.
   14020   4480.
   14030   4480.
   14040   4480.
   14050   4480.
   14060   4480.
   14070   4480.
   14080   4480.
   14090   4480.
   14100   4480.
   14110   4480.
   14120   4480.
   14130   4480.
   14140   4480.
   14150   4480.
   14160   4480.
   14170   4480.
   14180   4480.
   14190   4480.
   14200   4480.
   14210   4480.
   14220   4480.
   14230   4480.
   14240   4480.
   14250   4480.
   14260   4480.
   14270   4480.
   14280   4480.
   14290   4480.
   14300   4480.
   14310   4480.
   14320   4480.
   14330   4480.
   14340   4480.
   14350   4480.
   14360   4480.
   14370   4480.
   14380   4480.
   14390   4480.
   14400   4480.
   14410   4480.
   14420   4480.
   14430   4480.
   14440   4480.
   14450   4480.
   14460   4480.
   14470   4480.
   14480   4480.
   14490   4480.
   14500   4480.
   14510   4480.
   14520   4480.
   14530   4480.
   14540   4480.
   14550   4480.
   14560   4480.
   14570   4480.
   14580   4480.
   14590   4480.
   14600   4480.
   14610   4480.
   14620   4480.
   14630   4480.
   14640   4480.
   14650   4480.
   14660   4480.
   14670   4480.
   14680   4480.
   14690   4480.
   14700   4480.
   14710   4480.
   14720   4480.
   14730   4480.
   14740   4480.
   14750   4480.
   14760   4480.
   14770   4480.
   14780   4480.
   14790   4480.
   14800   4480.
   14810   4480.
   14820   4480.
   14830   4480.
   14840   4480.
   14850   4480.
   14860   4200.
   14870   4200.
   14880   4200.
   14890   4200.
   14900   4200.
   14910   4200.
   14920   4200.
   14930   4200.
   14940   4200.
   14950   4200.
   14960   4200.
   14970   4200.
   14980   4200.
   14990   4200.
   15000   4200.
