       0   1490.
      10   1490.
      20   1490.
      30   1490.
      40   1490.
      50   1490.
      60   1490.
      70   1490.
      80   1490.
      90   1490.
     100   1490.
     110   1490.
     120   1490.
     130   1490.
     140   1490.
     150   1490.
     160   1490.
     170   1490.
     180   1490.
     190   1490.
     200   1490.
     210   1490.
     220   1490.
     230   1490.
     240   1490.
     250   1490.
     260   1490.
     270   1490.
     280   1490.
     290   1490.
     300   1490.
     310   1490.
     320   1490.
     330   1490.
     340   1490.
     350   1490.
     360   1490.
     370   1490.
     380   1490.
     390   1490.
     400   1490.
     410   1490.
     420   1490.
     430   1490.
     440   1490.
     450   1490.
     460   1490.
     470   1490.
     480   1490.
     490   1490.
     500   1490.
     510   1490.
     520   1490.
     530   1490.
     540   1490.
     550   1490.
     560   1490.
     570   1490.
     580   1490.
     590   1490.
     600   1490.
     610   1490.
     620   1490.
     630   1490.
     640   1490.
     650   1490.
     660   1490.
     670   1490.
     680   1490.
     690   1490.
     700   1490.
     710   1490.
     720   1490.
     730   1490.
     740   1490.
     750   1490.
     760   1490.
     770   1490.
     780   1490.
     790   1490.
     800   1490.
     810   1490.
     820   1490.
     830   1490.
     840   1490.
     850   1490.
     860   1490.
     870   1490.
     880   1490.
     890   1490.
     900   1490.
     910   1490.
     920   1490.
     930   1490.
     940   1573.
     950   1573.
     960   1573.
     970   1574.
     980   1575.
     990   1575.
    1000   1574.
    1010   1574.
    1020   1578.
    1030   1583.
    1040   1583.
    1050   1581.
    1060   1580.
    1070   1586.
    1080   1593.
    1090   1600.
    1100   1608.
    1110   1611.
    1120   1607.
    1130   1604.
    1140   1605.
    1150   1606.
    1160   1612.
    1170   1620.
    1180   1630.
    1190   1645.
    1200   1661.
    1210   1672.
    1220   1683.
    1230   1704.
    1240   1735.
    1250   1766.
    1260   1795.
    1270   1824.
    1280   1808.
    1290   1771.
    1300   1737.
    1310   1712.
    1320   1686.
    1330   1690.
    1340   1697.
    1350   1706.
    1360   1718.
    1370   1729.
    1380   1738.
    1390   4409.
    1400   4090.
    1410   4427.
    1420   4454.
    1430   4463.
    1440   4386.
    1450   4161.
    1460   4226.
    1470   4135.
    1480   4257.
    1490   4235.
    1500   4220.
    1510   4327.
    1520   4470.
    1530   4107.
    1540   4398.
    1550   4255.
    1560   4377.
    1570   4080.
    1580   4327.
    1590   4390.
    1600   4128.
    1610   4267.
    1620   4417.
    1630   4457.
    1640   4229.
    1650   4243.
    1660   4427.
    1670   4432.
    1680   4269.
    1690   4108.
    1700   4389.
    1710   4267.
    1720   4271.
    1730   4137.
    1740   4175.
    1750   4325.
    1760   4146.
    1770   4450.
    1780   4193.
    1790   4334.
    1800   4268.
    1810   4252.
    1820   4084.
    1830   4263.
    1840   4191.
    1850   4244.
    1860   4480.
    1870   4480.
    1880   4480.
    1890   4480.
    1900   4480.
    1910   4480.
    1920   4480.
    1930   4480.
    1940   4480.
    1950   4480.
    1960   4480.
    1970   4480.
    1980   4480.
    1990   4480.
    2000   4480.
    2010   4480.
    2020   4480.
    2030   4480.
    2040   4480.
    2050   4480.
    2060   4480.
    2070   4480.
    2080   4480.
    2090   4480.
    2100   4480.
    2110   4480.
    2120   4480.
    2130   4480.
    2140   4480.
    2150   4480.
    2160   4480.
    2170   4480.
    2180   4480.
    2190   4480.
    2200   4480.
    2210   4480.
    2220   4480.
    2230   4480.
    2240   4480.
    2250   4480.
    2260   4480.
    2270   4480.
    2280   4480.
    2290   4480.
    2300   4480.
    2310   4480.
    2320   4480.
    2330   4480.
    2340   4480.
    2350   4480.
    2360   4480.
    2370   4480.
    2380   4480.
    2390   4480.
    2400   4480.
    2410   4480.
    2420   4480.
    2430   4480.
    2440   4480.
    2450   4480.
    2460   4480.
    2470   4480.
    2480   4480.
    2490   4480.
    2500   4480.
    2510   4480.
    2520   4480.
    2530   4480.
    2540   4480.
    2550   4480.
    2560   4480.
    2570   4480.
    2580   4480.
    2590   4480.
    2600   4480.
    2610   4480.
    2620   4480.
    2630   4480.
    2640   4480.
    2650   4480.
    2660   4480.
    2670   4480.
    2680   4480.
    2690   4480.
    2700   4480.
    2710   4480.
    2720   4480.
    2730   4480.
    2740   4480.
    2750   4480.
    2760   4480.
    2770   4480.
    2780   4480.
    2790   4480.
    2800   4480.
    2810   4480.
    2820   4480.
    2830   4480.
    2840   4480.
    2850   4480.
    2860   4480.
    2870   4480.
    2880   4480.
    2890   4480.
    2900   4480.
    2910   4480.
    2920   4480.
    2930   4480.
    2940   4480.
    2950   4480.
    2960   4480.
    2970   4480.
    2980   4480.
    2990   2451.
    3000   2438.
    3010   2428.
    3020   2421.
    3030   2418.
    3040   2415.
    3050   2438.
    3060   2461.
    3070   2469.
    3080   2466.
    3090   2466.
    3100   2476.
    3110   2487.
    3120   2477.
    3130   2464.
    3140   2459.
    3150   2461.
    3160   2464.
    3170   2470.
    3180   2475.
    3190   2484.
    3200   2493.
    3210   2501.
    3220   2504.
    3230   2508.
    3240   2545.
    3250   2583.
    3260   2620.
    3270   2655.
    3280   2686.
    3290   2705.
    3300   2724.
    3310   2664.
    3320   2588.
    3330   2544.
    3340   2538.
    3350   2532.
    3360   2529.
    3370   2527.
    3380   2544.
    3390   2570.
    3400   2602.
    3410   2645.
    3420   2687.
    3430   2705.
    3440   2721.
    3450   2716.
    3460   2696.
    3470   2676.
    3480   2658.
    3490   2640.
    3500   2645.
    3510   2656.
    3520   2673.
    3530   2698.
    3540   2725.
    3550   2769.
    3560   2813.
    3570   2770.
    3580   2687.
    3590   2640.
    3600   2668.
    3610   2697.
    3620   2705.
    3630   2712.
    3640   2717.
    3650   2721.
    3660   2739.
    3670   2814.
    3680   2889.
    3690   2918.
    3700   2936.
    3710   2950.
    3720   2957.
    3730   2964.
    3740   2974.
    3750   2984.
    3760   2981.
    3770   2972.
    3780   2701.
    3790   2706.
    3800   2710.
    3810   2743.
    3820   2777.
    3830   2784.
    3840   2773.
    3850   2767.
    3860   2780.
    3870   2792.
    3880   2801.
    3890   2810.
    3900   2803.
    3910   2777.
    3920   2757.
    3930   2807.
    3940   2856.
    3950   2833.
    3960   2779.
    3970   2743.
    3980   2741.
    3990   2739.
    4000   2747.
    4010   2756.
    4020   2787.
    4030   2834.
    4040   2873.
    4050   2877.
    4060   2881.
    4070   2857.
    4080   2827.
    4090   2833.
    4100   2883.
    4110   2926.
    4120   2891.
    4130   2855.
    4140   2830.
    4150   2809.
    4160   2798.
    4170   2808.
    4180   2818.
    4190   2861.
    4200   2907.
    4210   2937.
    4220   2954.
    4230   2966.
    4240   2956.
    4250   2945.
    4260   2926.
    4270   2904.
    4280   2898.
    4290   2913.
    4300   2925.
    4310   2917.
    4320   2908.
    4330   2903.
    4340   2898.
    4350   2894.
    4360   2889.
    4370   2885.
    4380   2908.
    4390   2933.
    4400   2923.
    4410   2886.
    4420   2856.
    4430   2855.
    4440   2855.
    4450   2859.
    4460   2866.
    4470   2870.
    4480   2873.
    4490   2879.
    4500   2916.
    4510   2953.
    4520   2960.
    4530   2952.
    4540   2948.
    4550   2955.
    4560   2962.
    4570   2957.
    4580   2953.
    4590   2961.
    4600   2980.
    4610   2997.
    4620   3002.
    4630   3008.
    4640   3032.
    4650   3059.
    4660   3060.
    4670   3025.
    4680   2993.
    4690   3001.
    4700   3008.
    4710   3021.
    4720   3037.
    4730   3054.
    4740   3075.
    4750   3096.
    4760   3085.
    4770   3072.
    4780   3060.
    4790   3049.
    4800   3042.
    4810   3053.
    4820   3063.
    4830   3114.
    4840   3174.
    4850   3203.
    4860   3189.
    4870   3175.
    4880   3163.
    4890   3151.
    4900   3172.
    4910   3209.
    4920   3216.
    4930   3152.
    4940   3088.
    4950   3095.
    4960   3107.
    4970   3114.
    4980   3119.
    4990   3123.
    5000   3126.
    5010   3128.
    5020   3138.
    5030   3151.
    5040   3161.
    5050   3169.
    5060   3176.
    5070   3156.
    5080   3136.
    5090   3133.
    5100   3138.
    5110   3145.
    5120   3156.
    5130   3167.
    5140   3171.
    5150   3175.
    5160   3190.
    5170   3215.
    5180   3236.
    5190   3244.
    5200   3251.
    5210   3242.
    5220   3229.
    5230   3217.
    5240   3207.
    5250   3198.
    5260   3212.
    5270   3226.
    5280   3222.
    5290   3210.
    5300   3203.
    5310   3209.
    5320   3215.
    5330   3211.
    5340   3205.
    5350   3216.
    5360   3240.
    5370   3265.
    5380   3289.
    5390   3313.
    5400   3337.
    5410   3362.
    5420   3386.
    5430   3410.
    5440   3430.
    5450   3336.
    5460   3241.
    5470   3279.
    5480   3384.
    5490   3445.
    5500   3396.
    5510   3346.
    5520   3325.
    5530   3307.
    5540   3288.
    5550   3268.
    5560   3255.
    5570   3269.
    5580   3284.
    5590   3292.
    5600   3297.
    5610   3329.
    5620   3398.
    5630   3465.
    5640   3442.
    5650   3420.
    5660   3401.
    5670   3384.
    5680   3370.
    5690   3364.
    5700   3358.
    5710   3355.
    5720   3352.
    5730   3349.
    5740   3346.
    5750   3347.
    5760   3368.
    5770   3388.
    5780   3399.
    5790   3406.
    5800   3410.
    5810   4480.
    5820   4480.
    5830   4480.
    5840   4480.
    5850   4480.
    5860   4480.
    5870   4480.
    5880   4480.
    5890   4480.
    5900   4480.
    5910   4480.
    5920   4480.
    5930   4480.
    5940   4480.
    5950   4480.
    5960   4480.
    5970   4480.
    5980   4480.
    5990   4480.
    6000   4480.
    6010   4480.
    6020   4480.
    6030   4480.
    6040   4480.
    6050   4480.
    6060   4480.
    6070   4480.
    6080   4480.
    6090   4480.
    6100   4480.
    6110   4480.
    6120   4480.
    6130   4480.
    6140   4480.
    6150   4480.
    6160   4480.
    6170   4480.
    6180   4480.
    6190   4480.
    6200   4480.
    6210   4480.
    6220   4480.
    6230   4480.
    6240   4480.
    6250   4480.
    6260   4480.
    6270   4480.
    6280   4480.
    6290   4480.
    6300   4480.
    6310   4480.
    6320   4480.
    6330   4480.
    6340   4480.
    6350   4480.
    6360   4480.
    6370   4480.
    6380   4480.
    6390   4480.
    6400   4480.
    6410   4480.
    6420   4480.
    6430   4480.
    6440   4480.
    6450   4480.
    6460   4480.
    6470   4480.
    6480   4480.
    6490   4480.
    6500   4480.
    6510   4480.
    6520   4480.
    6530   4480.
    6540   4480.
    6550   4480.
    6560   4480.
    6570   4480.
    6580   4480.
    6590   4480.
    6600   4480.
    6610   4480.
    6620   4480.
    6630   4480.
    6640   4480.
    6650   4480.
    6660   4480.
    6670   4480.
    6680   4480.
    6690   4480.
    6700   4480.
    6710   4480.
    6720   4480.
    6730   4480.
    6740   4480.
    6750   4480.
    6760   4480.
    6770   4480.
    6780   4480.
    6790   4480.
    6800   4480.
    6810   4480.
    6820   4480.
    6830   4480.
    6840   4480.
    6850   4480.
    6860   4480.
    6870   4480.
    6880   4480.
    6890   4480.
    6900   4480.
    6910   4480.
    6920   4480.
    6930   4480.
    6940   4480.
    6950   4480.
    6960   4480.
    6970   4480.
    6980   4480.
    6990   4480.
    7000   4480.
    7010   4480.
    7020   4480.
    7030   4480.
    7040   4480.
    7050   4480.
    7060   4480.
    7070   4480.
    7080   4480.
    7090   4480.
    7100   4480.
    7110   4480.
    7120   4480.
    7130   4480.
    7140   4480.
    7150   4480.
    7160   4480.
    7170   4480.
    7180   4480.
    7190   4480.
    7200   4480.
    7210   4480.
    7220   4480.
    7230   4480.
    7240   4480.
    7250   4480.
    7260   4480.
    7270   4480.
    7280   4480.
    7290   4480.
    7300   4480.
    7310   4480.
    7320   4480.
    7330   4480.
    7340   4480.
    7350   4480.
    7360   4480.
    7370   4480.
    7380   4480.
    7390   4480.
    7400   4480.
    7410   4480.
    7420   4480.
    7430   4480.
    7440   4480.
    7450   4480.
    7460   4480.
    7470   4480.
    7480   4480.
    7490   4480.
    7500   4480.
    7510   4480.
    7520   4480.
    7530   4480.
    7540   4480.
    7550   4480.
    7560   4480.
    7570   4480.
    7580   4480.
    7590   4480.
    7600   4480.
    7610   4480.
    7620   4480.
    7630   4480.
    7640   4480.
    7650   4480.
    7660   4480.
    7670   4480.
    7680   4480.
    7690   4480.
    7700   4480.
    7710   4480.
    7720   4480.
    7730   4480.
    7740   4480.
    7750   4480.
    7760   4480.
    7770   4480.
    7780   4480.
    7790   4480.
    7800   4480.
    7810   4480.
    7820   4480.
    7830   4480.
    7840   4480.
    7850   4480.
    7860   4480.
    7870   4480.
    7880   4480.
    7890   4480.
    7900   4480.
    7910   4480.
    7920   4480.
    7930   4480.
    7940   4480.
    7950   4480.
    7960   4480.
    7970   4480.
    7980   4216.
    7990   4265.
    8000   4215.
    8010   4721.
    8020   4722.
    8030   4724.
    8040   4732.
    8050   4744.
    8060   4751.
    8070   4750.
    8080   4740.
    8090   4739.
    8100   4736.
    8110   4733.
    8120   4733.
    8130   4733.
    8140   4735.
    8150   4735.
    8160   4736.
    8170   4737.
    8180   4739.
    8190   4740.
    8200   4741.
    8210   4742.
    8220   4744.
    8230   4750.
    8240   4762.
    8250   4760.
    8260   4750.
    8270   4758.
    8280   4759.
    8290   4753.
    8300   4751.
    8310   4753.
    8320   4755.
    8330   4755.
    8340   4756.
    8350   4757.
    8360   4757.
    8370   4758.
    8380   4759.
    8390   4761.
    8400   4762.
    8410   4763.
    8420   4765.
    8430   4767.
    8440   4766.
    8450   4766.
    8460   4768.
    8470   4771.
    8480   4770.
    8490   4770.
    8500   4771.
    8510   4772.
    8520   4773.
    8530   4774.
    8540   4776.
    8550   4777.
    8560   4777.
    8570   4778.
    8580   4779.
    8590   4780.
    8600   4782.
    8610   4784.
    8620   4788.
    8630   4793.
    8640   4786.
    8650   4786.
    8660   4786.
    8670   4787.
    8680   4788.
    8690   4790.
    8700   4791.
    8710   4793.
    8720   4797.
    8730   4800.
    8740   4800.
    8750   4800.
    8760   4800.
    8770   4800.
    8780   4799.
    8790   4799.
    8800   4799.
    8810   4800.
    8820   4800.
    8830   4800.
    8840   4800.
    8850   4800.
    8860   4800.
    8870   4800.
    8880   4800.
    8890   4800.
    8900   4800.
    8910   4800.
    8920   4800.
    8930   4800.
    8940   4800.
    8950   4800.
    8960   4800.
    8970   4800.
    8980   4800.
    8990   4800.
    9000   4800.
    9010   4800.
    9020   4800.
    9030   4800.
    9040   4800.
    9050   4800.
    9060   4800.
    9070   4800.
    9080   4800.
    9090   4800.
    9100   4800.
    9110   4800.
    9120   4800.
    9130   4800.
    9140   4800.
    9150   4800.
    9160   4800.
    9170   4800.
    9180   4800.
    9190   4800.
    9200   4800.
    9210   4800.
    9220   4800.
    9230   4800.
    9240   4800.
    9250   4800.
    9260   4800.
    9270   4480.
    9280   4480.
    9290   4480.
    9300   4480.
    9310   4480.
    9320   4480.
    9330   4480.
    9340   4480.
    9350   4480.
    9360   4480.
    9370   4480.
    9380   4480.
    9390   4480.
    9400   4480.
    9410   4480.
    9420   4480.
    9430   4480.
    9440   4480.
    9450   4480.
    9460   4480.
    9470   4480.
    9480   4480.
    9490   4480.
    9500   4480.
    9510   4480.
    9520   4480.
    9530   4480.
    9540   4480.
    9550   4480.
    9560   4480.
    9570   4480.
    9580   4480.
    9590   4480.
    9600   4480.
    9610   4480.
    9620   4480.
    9630   4480.
    9640   4480.
    9650   4480.
    9660   4480.
    9670   4480.
    9680   4480.
    9690   4480.
    9700   4480.
    9710   4480.
    9720   4480.
    9730   4480.
    9740   4480.
    9750   4480.
    9760   4480.
    9770   4480.
    9780   4480.
    9790   4480.
    9800   4480.
    9810   4480.
    9820   4480.
    9830   4480.
    9840   4480.
    9850   4480.
    9860   4480.
    9870   4480.
    9880   4480.
    9890   4480.
    9900   4480.
    9910   4480.
    9920   4480.
    9930   4480.
    9940   4480.
    9950   4480.
    9960   4480.
    9970   4480.
    9980   4480.
    9990   4480.
   10000   4480.
   10010   4480.
   10020   4480.
   10030   4480.
   10040   4480.
   10050   4480.
   10060   4480.
   10070   4480.
   10080   4480.
   10090   4480.
   10100   4480.
   10110   4480.
   10120   4480.
   10130   4480.
   10140   4480.
   10150   4480.
   10160   4480.
   10170   4480.
   10180   4480.
   10190   4480.
   10200   4480.
   10210   4480.
   10220   4480.
   10230   4480.
   10240   4480.
   10250   4480.
   10260   4480.
   10270   4480.
   10280   4480.
   10290   4480.
   10300   4480.
   10310   4480.
   10320   4480.
   10330   4480.
   10340   4480.
   10350   4480.
   10360   4480.
   10370   4480.
   10380   4480.
   10390   4480.
   10400   4480.
   10410   4480.
   10420   4480.
   10430   4480.
   10440   4480.
   10450   4480.
   10460   4480.
   10470   4480.
   10480   4480.
   10490   4480.
   10500   4480.
   10510   4480.
   10520   4480.
   10530   4480.
   10540   4480.
   10550   4480.
   10560   4480.
   10570   4480.
   10580   4480.
   10590   4480.
   10600   4480.
   10610   4480.
   10620   4480.
   10630   4480.
   10640   4480.
   10650   4480.
   10660   4480.
   10670   4480.
   10680   4480.
   10690   4480.
   10700   4480.
   10710   4480.
   10720   4480.
   10730   4480.
   10740   4480.
   10750   4480.
   10760   4480.
   10770   4480.
   10780   4480.
   10790   4480.
   10800   4480.
   10810   4480.
   10820   4480.
   10830   4480.
   10840   4480.
   10850   4480.
   10860   4480.
   10870   4480.
   10880   4480.
   10890   4480.
   10900   4480.
   10910   4480.
   10920   4480.
   10930   4480.
   10940   4480.
   10950   4480.
   10960   4480.
   10970   4480.
   10980   4480.
   10990   4480.
   11000   4480.
   11010   4480.
   11020   4480.
   11030   4480.
   11040   4480.
   11050   4480.
   11060   4480.
   11070   4480.
   11080   4480.
   11090   4480.
   11100   4480.
   11110   4480.
   11120   4480.
   11130   4480.
   11140   4480.
   11150   4480.
   11160   4480.
   11170   4480.
   11180   4480.
   11190   4480.
   11200   4480.
   11210   4480.
   11220   4480.
   11230   4480.
   11240   4480.
   11250   4480.
   11260   4480.
   11270   4480.
   11280   4480.
   11290   4480.
   11300   4480.
   11310   4480.
   11320   4480.
   11330   4480.
   11340   4480.
   11350   4480.
   11360   4480.
   11370   4480.
   11380   4480.
   11390   4480.
   11400   4480.
   11410   4480.
   11420   4480.
   11430   4480.
   11440   4480.
   11450   4480.
   11460   4480.
   11470   4480.
   11480   4480.
   11490   4480.
   11500   4480.
   11510   4480.
   11520   4480.
   11530   4480.
   11540   4480.
   11550   4480.
   11560   4480.
   11570   4480.
   11580   4480.
   11590   4480.
   11600   4480.
   11610   4480.
   11620   4480.
   11630   4480.
   11640   4480.
   11650   4480.
   11660   4480.
   11670   4480.
   11680   4480.
   11690   4480.
   11700   4480.
   11710   4480.
   11720   4480.
   11730   4480.
   11740   4480.
   11750   4480.
   11760   4480.
   11770   4480.
   11780   4480.
   11790   4480.
   11800   4480.
   11810   4480.
   11820   4480.
   11830   4480.
   11840   4480.
   11850   4480.
   11860   4480.
   11870   4480.
   11880   4480.
   11890   4480.
   11900   4480.
   11910   4480.
   11920   4480.
   11930   4480.
   11940   4480.
   11950   4480.
   11960   4480.
   11970   4480.
   11980   4480.
   11990   4480.
   12000   4480.
   12010   4480.
   12020   4480.
   12030   4480.
   12040   4480.
   12050   4480.
   12060   4480.
   12070   4480.
   12080   4480.
   12090   4480.
   12100   4480.
   12110   4480.
   12120   4480.
   12130   4480.
   12140   4480.
   12150   4480.
   12160   4480.
   12170   4480.
   12180   4480.
   12190   4480.
   12200   4480.
   12210   4480.
   12220   4480.
   12230   4480.
   12240   4480.
   12250   4480.
   12260   4480.
   12270   4480.
   12280   4480.
   12290   4480.
   12300   4480.
   12310   4480.
   12320   4480.
   12330   4480.
   12340   4480.
   12350   4480.
   12360   4480.
   12370   4480.
   12380   4480.
   12390   4480.
   12400   4480.
   12410   4480.
   12420   4480.
   12430   4480.
   12440   4480.
   12450   4480.
   12460   4480.
   12470   4480.
   12480   4480.
   12490   4480.
   12500   4480.
   12510   4480.
   12520   4480.
   12530   4480.
   12540   4480.
   12550   4480.
   12560   4480.
   12570   4480.
   12580   4480.
   12590   4480.
   12600   4480.
   12610   4480.
   12620   4480.
   12630   4480.
   12640   4480.
   12650   4480.
   12660   4480.
   12670   4480.
   12680   4480.
   12690   4480.
   12700   4480.
   12710   4480.
   12720   4480.
   12730   4480.
   12740   4480.
   12750   4480.
   12760   4480.
   12770   4480.
   12780   4480.
   12790   4480.
   12800   4480.
   12810   4480.
   12820   4480.
   12830   4480.
   12840   4480.
   12850   4480.
   12860   4480.
   12870   4480.
   12880   4480.
   12890   4480.
   12900   4480.
   12910   4480.
   12920   4480.
   12930   4480.
   12940   4480.
   12950   4480.
   12960   4480.
   12970   4480.
   12980   4480.
   12990   4480.
   13000   4480.
   13010   4480.
   13020   4480.
   13030   4480.
   13040   4480.
   13050   4480.
   13060   4480.
   13070   4480.
   13080   4480.
   13090   4480.
   13100   4480.
   13110   4480.
   13120   4480.
   13130   4480.
   13140   4480.
   13150   4480.
   13160   4480.
   13170   4480.
   13180   4480.
   13190   4480.
   13200   4480.
   13210   4480.
   13220   4480.
   13230   4480.
   13240   4480.
   13250   4480.
   13260   4480.
   13270   4480.
   13280   4480.
   13290   4480.
   13300   4480.
   13310   4480.
   13320   4480.
   13330   4480.
   13340   4480.
   13350   4480.
   13360   4480.
   13370   4480.
   13380   4480.
   13390   4480.
   13400   4480.
   13410   4480.
   13420   4480.
   13430   4480.
   13440   4480.
   13450   4480.
   13460   4480.
   13470   4480.
   13480   4480.
   13490   4480.
   13500   4480.
   13510   4480.
   13520   4480.
   13530   4480.
   13540   4480.
   13550   4480.
   13560   4480.
   13570   4480.
   13580   4480.
   13590   4480.
   13600   4480.
   13610   4480.
   13620   4480.
   13630   4480.
   13640   4480.
   13650   4480.
   13660   4480.
   13670   4480.
   13680   4480.
   13690   4480.
   13700   4480.
   13710   4480.
   13720   4480.
   13730   4480.
   13740   4480.
   13750   4480.
   13760   4480.
   13770   4480.
   13780   4480.
   13790   4480.
   13800   4480.
   13810   4480.
   13820   4480.
   13830   4480.
   13840   4480.
   13850   4480.
   13860   4480.
   13870   4480.
   13880   4480.
   13890   4480.
   13900   4480.
   13910   4480.
   13920   4480.
   13930   4480.
   13940   4480.
   13950   4480.
   13960   4480.
   13970   4480.
   13980   4480.
   13990   4480.
   14000   4480.
   14010   4480.
   14020   4480.
   14030   4480.
   14040   4480.
   14050   4480.
   14060   4480.
   14070   4480.
   14080   4480.
   14090   4480.
   14100   4480.
   14110   4480.
   14120   4480.
   14130   4480.
   14140   4480.
   14150   4480.
   14160   4480.
   14170   4480.
   14180   4480.
   14190   4480.
   14200   4480.
   14210   4480.
   14220   4480.
   14230   4480.
   14240   4480.
   14250   4480.
   14260   4480.
   14270   4480.
   14280   4480.
   14290   4480.
   14300   4480.
   14310   4480.
   14320   4480.
   14330   4480.
   14340   4480.
   14350   4480.
   14360   4480.
   14370   4480.
   14380   4480.
   14390   4480.
   14400   4480.
   14410   4480.
   14420   4480.
   14430   4480.
   14440   4480.
   14450   4480.
   14460   4480.
   14470   4480.
   14480   4480.
   14490   4480.
   14500   4480.
   14510   4480.
   14520   4480.
   14530   4480.
   14540   4480.
   14550   4480.
   14560   4480.
   14570   4480.
   14580   4480.
   14590   4480.
   14600   4480.
   14610   4480.
   14620   4480.
   14630   4480.
   14640   4480.
   14650   4480.
   14660   4480.
   14670   4480.
   14680   4480.
   14690   4480.
   14700   4480.
   14710   4480.
   14720   4480.
   14730   4480.
   14740   4480.
   14750   4480.
   14760   4480.
   14770   4480.
   14780   4480.
   14790   4480.
   14800   4480.
   14810   4480.
   14820   4480.
   14830   4480.
   14840   4480.
   14850   4480.
   14860   4200.
   14870   4200.
   14880   4200.
   14890   4200.
   14900   4200.
   14910   4200.
   14920   4200.
   14930   4200.
   14940   4200.
   14950   4200.
   14960   4200.
   14970   4200.
   14980   4200.
   14990   4200.
   15000   4200.
