       0   1490.
      10   1490.
      20   1490.
      30   1490.
      40   1490.
      50   1490.
      60   1490.
      70   1490.
      80   1490.
      90   1490.
     100   1490.
     110   1490.
     120   1490.
     130   1490.
     140   1490.
     150   1490.
     160   1490.
     170   1490.
     180   1490.
     190   1490.
     200   1490.
     210   1490.
     220   1490.
     230   1490.
     240   1490.
     250   1490.
     260   1490.
     270   1490.
     280   1490.
     290   1490.
     300   1490.
     310   1490.
     320   1490.
     330   1490.
     340   1490.
     350   1490.
     360   1490.
     370   1490.
     380   1490.
     390   1490.
     400   1490.
     410   1490.
     420   1490.
     430   1490.
     440   1490.
     450   1490.
     460   1490.
     470   1490.
     480   1490.
     490   1490.
     500   1490.
     510   1490.
     520   1490.
     530   1490.
     540   1490.
     550   1490.
     560   1490.
     570   1490.
     580   1490.
     590   1490.
     600   1490.
     610   1490.
     620   1490.
     630   1490.
     640   1490.
     650   1490.
     660   1490.
     670   1490.
     680   1490.
     690   1490.
     700   1490.
     710   1490.
     720   1490.
     730   1490.
     740   1490.
     750   1490.
     760   1490.
     770   1490.
     780   1490.
     790   1490.
     800   1490.
     810   1490.
     820   1490.
     830   1490.
     840   1490.
     850   1490.
     860   1490.
     870   1490.
     880   1490.
     890   1490.
     900   1490.
     910   1490.
     920   1490.
     930   1490.
     940   1490.
     950   1490.
     960   1490.
     970   1572.
     980   1571.
     990   1570.
    1000   1572.
    1010   1573.
    1020   1579.
    1030   1586.
    1040   1584.
    1050   1579.
    1060   1576.
    1070   1577.
    1080   1578.
    1090   1597.
    1100   1616.
    1110   1620.
    1120   1615.
    1130   1609.
    1140   1601.
    1150   1593.
    1160   1597.
    1170   1601.
    1180   1615.
    1190   1636.
    1200   1654.
    1210   1658.
    1220   1662.
    1230   1668.
    1240   1674.
    1250   1693.
    1260   1724.
    1270   1751.
    1280   4137.
    1290   4473.
    1300   4447.
    1310   4224.
    1320   4423.
    1330   4190.
    1340   4165.
    1350   4288.
    1360   4212.
    1370   4406.
    1380   4411.
    1390   4320.
    1400   4372.
    1410   4245.
    1420   4358.
    1430   4327.
    1440   4399.
    1450   4205.
    1460   4360.
    1470   4259.
    1480   4119.
    1490   4152.
    1500   4149.
    1510   4132.
    1520   4139.
    1530   4333.
    1540   4221.
    1550   4217.
    1560   4118.
    1570   4318.
    1580   4258.
    1590   4234.
    1600   4187.
    1610   4180.
    1620   4328.
    1630   4347.
    1640   4141.
    1650   4216.
    1660   4251.
    1670   4465.
    1680   4478.
    1690   4369.
    1700   4205.
    1710   4081.
    1720   4218.
    1730   4136.
    1740   4248.
    1750   4109.
    1760   4223.
    1770   4180.
    1780   4329.
    1790   4399.
    1800   4431.
    1810   4266.
    1820   4218.
    1830   4407.
    1840   4438.
    1850   4274.
    1860   4480.
    1870   4480.
    1880   4480.
    1890   4480.
    1900   4480.
    1910   4480.
    1920   4480.
    1930   4480.
    1940   4480.
    1950   4480.
    1960   4480.
    1970   4480.
    1980   4480.
    1990   4480.
    2000   4480.
    2010   4480.
    2020   4480.
    2030   4480.
    2040   4480.
    2050   4480.
    2060   4480.
    2070   4480.
    2080   4480.
    2090   4480.
    2100   4480.
    2110   4480.
    2120   4480.
    2130   4480.
    2140   4480.
    2150   4480.
    2160   4480.
    2170   4480.
    2180   4480.
    2190   4480.
    2200   4480.
    2210   4480.
    2220   4480.
    2230   4480.
    2240   4480.
    2250   4480.
    2260   4480.
    2270   4480.
    2280   4480.
    2290   4480.
    2300   4480.
    2310   4480.
    2320   4480.
    2330   4480.
    2340   4480.
    2350   4480.
    2360   4480.
    2370   4480.
    2380   4480.
    2390   4480.
    2400   4480.
    2410   4480.
    2420   4480.
    2430   4480.
    2440   4480.
    2450   4480.
    2460   4480.
    2470   4480.
    2480   4480.
    2490   4480.
    2500   4480.
    2510   4480.
    2520   4480.
    2530   4480.
    2540   4480.
    2550   4480.
    2560   4480.
    2570   4480.
    2580   4480.
    2590   4480.
    2600   4480.
    2610   4480.
    2620   4480.
    2630   4480.
    2640   4480.
    2650   4480.
    2660   4480.
    2670   4480.
    2680   4480.
    2690   4480.
    2700   4480.
    2710   4480.
    2720   4480.
    2730   4480.
    2740   4480.
    2750   4480.
    2760   4480.
    2770   4480.
    2780   4480.
    2790   4480.
    2800   4480.
    2810   4480.
    2820   4480.
    2830   4480.
    2840   4480.
    2850   4480.
    2860   4480.
    2870   2404.
    2880   2423.
    2890   2441.
    2900   2460.
    2910   2472.
    2920   2474.
    2930   2477.
    2940   2487.
    2950   2498.
    2960   2469.
    2970   2429.
    2980   2408.
    2990   2410.
    3000   2410.
    3010   2400.
    3020   2391.
    3030   2396.
    3040   2406.
    3050   2415.
    3060   2423.
    3070   2430.
    3080   2438.
    3090   2445.
    3100   2446.
    3110   2444.
    3120   2442.
    3130   2441.
    3140   2439.
    3150   2443.
    3160   2447.
    3170   2455.
    3180   2465.
    3190   2471.
    3200   2473.
    3210   2481.
    3220   2518.
    3230   2555.
    3240   2589.
    3250   2622.
    3260   2645.
    3270   2656.
    3280   2659.
    3290   2622.
    3300   2585.
    3310   2567.
    3320   2552.
    3330   2539.
    3340   2530.
    3350   2521.
    3360   2517.
    3370   2513.
    3380   2541.
    3390   2573.
    3400   2637.
    3410   2727.
    3420   2780.
    3430   2692.
    3440   2603.
    3450   2591.
    3460   2589.
    3470   2596.
    3480   2610.
    3490   2628.
    3500   2658.
    3510   2688.
    3520   2756.
    3530   2828.
    3540   2797.
    3550   2692.
    3560   2614.
    3570   2616.
    3580   2618.
    3590   2623.
    3600   2628.
    3610   2642.
    3620   2662.
    3630   2701.
    3640   2784.
    3650   2868.
    3660   2881.
    3670   2890.
    3680   2904.
    3690   2920.
    3700   2934.
    3710   2943.
    3720   2953.
    3730   2953.
    3740   2952.
    3750   2680.
    3760   2686.
    3770   2700.
    3780   2736.
    3790   2771.
    3800   2764.
    3810   2751.
    3820   2749.
    3830   2758.
    3840   2768.
    3850   2784.
    3860   2800.
    3870   2797.
    3880   2788.
    3890   2775.
    3900   2755.
    3910   2736.
    3920   2715.
    3930   2694.
    3940   2690.
    3950   2702.
    3960   2717.
    3970   2749.
    3980   2781.
    3990   2801.
    4000   2817.
    4010   2831.
    4020   2842.
    4030   2852.
    4040   2830.
    4050   2807.
    4060   2819.
    4070   2855.
    4080   2879.
    4090   2851.
    4100   2823.
    4110   2800.
    4120   2778.
    4130   2774.
    4140   2794.
    4150   2815.
    4160   2882.
    4170   2949.
    4180   2983.
    4190   2998.
    4200   3008.
    4210   3001.
    4220   2994.
    4230   2955.
    4240   2909.
    4250   2889.
    4260   2899.
    4270   2907.
    4280   2893.
    4290   2880.
    4300   2877.
    4310   2879.
    4320   2878.
    4330   2870.
    4340   2862.
    4350   2896.
    4360   2934.
    4370   2927.
    4380   2877.
    4390   2833.
    4400   2834.
    4410   2836.
    4420   2840.
    4430   2844.
    4440   2852.
    4450   2865.
    4460   2878.
    4470   2880.
    4480   2880.
    4490   2896.
    4500   2925.
    4510   2948.
    4520   2941.
    4530   2935.
    4540   2933.
    4550   2933.
    4560   2939.
    4570   2954.
    4580   2969.
    4590   2977.
    4600   2985.
    4610   2991.
    4620   2997.
    4630   2999.
    4640   2987.
    4650   2975.
    4660   2980.
    4670   2989.
    4680   2997.
    4690   3005.
    4700   3014.
    4710   3049.
    4720   3084.
    4730   3082.
    4740   3061.
    4750   3041.
    4760   3024.
    4770   3008.
    4780   3016.
    4790   3028.
    4800   3063.
    4810   3123.
    4820   3176.
    4830   3157.
    4840   3137.
    4850   3127.
    4860   3120.
    4870   3113.
    4880   3103.
    4890   3093.
    4900   3077.
    4910   3059.
    4920   3068.
    4930   3099.
    4940   3126.
    4950   3120.
    4960   3115.
    4970   3110.
    4980   3104.
    4990   3107.
    5000   3129.
    5010   3150.
    5020   3160.
    5030   3170.
    5040   3165.
    5050   3150.
    5060   3136.
    5070   3131.
    5080   3127.
    5090   3132.
    5100   3141.
    5110   3146.
    5120   3146.
    5130   3146.
    5140   3171.
    5150   3196.
    5160   3214.
    5170   3228.
    5180   3235.
    5190   3218.
    5200   3200.
    5210   3191.
    5220   3183.
    5230   3186.
    5240   3202.
    5250   3217.
    5260   3216.
    5270   3214.
    5280   3205.
    5290   3192.
    5300   3182.
    5310   3183.
    5320   3184.
    5330   3213.
    5340   3246.
    5350   3271.
    5360   3289.
    5370   3307.
    5380   3330.
    5390   3354.
    5400   3352.
    5410   3341.
    5420   3315.
    5430   3256.
    5440   3197.
    5450   3296.
    5460   3405.
    5470   3423.
    5480   3364.
    5490   4480.
    5500   4480.
    5510   4480.
    5520   4480.
    5530   4480.
    5540   4480.
    5550   4480.
    5560   4480.
    5570   4480.
    5580   4480.
    5590   4480.
    5600   4480.
    5610   4480.
    5620   4480.
    5630   4480.
    5640   4480.
    5650   4480.
    5660   4480.
    5670   4480.
    5680   4480.
    5690   4480.
    5700   4480.
    5710   4480.
    5720   4480.
    5730   4480.
    5740   4480.
    5750   4480.
    5760   4480.
    5770   4480.
    5780   4480.
    5790   4480.
    5800   4480.
    5810   4480.
    5820   4480.
    5830   4480.
    5840   4480.
    5850   4480.
    5860   4480.
    5870   4480.
    5880   4480.
    5890   4480.
    5900   4480.
    5910   4480.
    5920   4480.
    5930   4480.
    5940   4480.
    5950   4480.
    5960   4480.
    5970   4480.
    5980   4480.
    5990   4480.
    6000   4480.
    6010   4480.
    6020   4480.
    6030   4480.
    6040   4480.
    6050   4480.
    6060   4480.
    6070   4480.
    6080   4480.
    6090   4480.
    6100   4480.
    6110   4480.
    6120   4480.
    6130   4480.
    6140   4480.
    6150   4480.
    6160   4480.
    6170   4480.
    6180   4480.
    6190   4480.
    6200   4480.
    6210   4480.
    6220   4480.
    6230   4480.
    6240   4480.
    6250   4480.
    6260   4480.
    6270   4480.
    6280   4480.
    6290   4480.
    6300   4480.
    6310   4480.
    6320   4480.
    6330   4480.
    6340   4480.
    6350   4480.
    6360   4480.
    6370   4480.
    6380   4480.
    6390   4480.
    6400   4480.
    6410   4480.
    6420   4480.
    6430   4480.
    6440   4480.
    6450   4480.
    6460   4480.
    6470   4480.
    6480   4480.
    6490   4480.
    6500   4480.
    6510   4480.
    6520   4480.
    6530   4480.
    6540   4480.
    6550   4480.
    6560   4480.
    6570   4480.
    6580   4480.
    6590   4480.
    6600   4480.
    6610   4480.
    6620   4480.
    6630   4480.
    6640   4480.
    6650   4480.
    6660   4480.
    6670   4480.
    6680   4480.
    6690   4480.
    6700   4480.
    6710   4480.
    6720   4480.
    6730   4480.
    6740   4480.
    6750   4480.
    6760   4480.
    6770   4480.
    6780   4480.
    6790   4480.
    6800   4480.
    6810   4480.
    6820   4480.
    6830   4480.
    6840   4480.
    6850   4480.
    6860   4480.
    6870   4480.
    6880   4480.
    6890   4480.
    6900   4480.
    6910   4480.
    6920   4480.
    6930   4480.
    6940   4480.
    6950   4480.
    6960   4480.
    6970   4480.
    6980   4480.
    6990   4480.
    7000   4480.
    7010   4480.
    7020   4480.
    7030   4480.
    7040   4480.
    7050   4480.
    7060   4480.
    7070   4480.
    7080   4480.
    7090   4480.
    7100   4480.
    7110   4480.
    7120   4480.
    7130   4480.
    7140   4480.
    7150   4480.
    7160   4480.
    7170   4480.
    7180   4480.
    7190   4480.
    7200   4480.
    7210   4480.
    7220   4480.
    7230   4480.
    7240   4480.
    7250   4480.
    7260   4480.
    7270   4480.
    7280   4480.
    7290   4480.
    7300   4480.
    7310   4480.
    7320   4480.
    7330   4480.
    7340   4480.
    7350   4480.
    7360   4480.
    7370   4480.
    7380   4480.
    7390   4480.
    7400   4480.
    7410   4480.
    7420   4480.
    7430   4480.
    7440   4480.
    7450   4480.
    7460   4480.
    7470   4480.
    7480   4480.
    7490   4480.
    7500   4480.
    7510   4480.
    7520   4480.
    7530   4480.
    7540   4480.
    7550   4480.
    7560   4480.
    7570   4480.
    7580   4480.
    7590   4480.
    7600   4480.
    7610   4480.
    7620   4480.
    7630   4480.
    7640   4480.
    7650   4480.
    7660   4480.
    7670   4480.
    7680   4480.
    7690   4480.
    7700   4480.
    7710   4480.
    7720   4480.
    7730   4480.
    7740   4480.
    7750   4480.
    7760   4480.
    7770   4480.
    7780   4480.
    7790   4480.
    7800   4480.
    7810   4480.
    7820   4480.
    7830   4480.
    7840   4480.
    7850   4480.
    7860   4480.
    7870   4480.
    7880   4480.
    7890   4480.
    7900   4480.
    7910   4480.
    7920   4480.
    7930   4480.
    7940   4480.
    7950   4480.
    7960   4729.
    7970   4730.
    7980   4731.
    7990   4732.
    8000   4733.
    8010   4734.
    8020   4735.
    8030   4737.
    8040   4738.
    8050   4738.
    8060   4740.
    8070   4742.
    8080   4755.
    8090   4763.
    8100   4757.
    8110   4749.
    8120   4752.
    8130   4762.
    8140   4752.
    8150   4749.
    8160   4751.
    8170   4754.
    8180   4754.
    8190   4754.
    8200   4754.
    8210   4755.
    8220   4756.
    8230   4757.
    8240   4758.
    8250   4759.
    8260   4760.
    8270   4762.
    8280   4766.
    8290   4767.
    8300   4764.
    8310   4765.
    8320   4767.
    8330   4768.
    8340   4768.
    8350   4769.
    8360   4769.
    8370   4770.
    8380   4771.
    8390   4772.
    8400   4774.
    8410   4776.
    8420   4776.
    8430   4777.
    8440   4778.
    8450   4779.
    8460   4781.
    8470   4783.
    8480   4785.
    8490   4788.
    8500   4793.
    8510   4785.
    8520   4786.
    8530   4786.
    8540   4787.
    8550   4788.
    8560   4790.
    8570   4791.
    8580   4792.
    8590   4796.
    8600   4800.
    8610   4800.
    8620   4800.
    8630   4800.
    8640   4800.
    8650   4799.
    8660   4799.
    8670   4799.
    8680   4799.
    8690   4800.
    8700   4800.
    8710   4800.
    8720   4800.
    8730   4800.
    8740   4800.
    8750   4800.
    8760   4800.
    8770   4800.
    8780   4800.
    8790   4800.
    8800   4800.
    8810   4800.
    8820   4800.
    8830   4800.
    8840   4800.
    8850   4800.
    8860   4800.
    8870   4800.
    8880   4800.
    8890   4800.
    8900   4800.
    8910   4800.
    8920   4800.
    8930   4800.
    8940   4800.
    8950   4800.
    8960   4800.
    8970   4800.
    8980   4800.
    8990   4800.
    9000   4800.
    9010   4800.
    9020   4800.
    9030   4800.
    9040   4800.
    9050   4800.
    9060   4800.
    9070   4800.
    9080   4800.
    9090   4800.
    9100   4800.
    9110   4800.
    9120   4800.
    9130   4800.
    9140   4800.
    9150   4800.
    9160   4800.
    9170   4480.
    9180   4480.
    9190   4480.
    9200   4480.
    9210   4480.
    9220   4480.
    9230   4480.
    9240   4480.
    9250   4480.
    9260   4480.
    9270   4480.
    9280   4480.
    9290   4480.
    9300   4480.
    9310   4480.
    9320   4480.
    9330   4480.
    9340   4480.
    9350   4480.
    9360   4480.
    9370   4480.
    9380   4480.
    9390   4480.
    9400   4480.
    9410   4480.
    9420   4480.
    9430   4480.
    9440   4480.
    9450   4480.
    9460   4480.
    9470   4480.
    9480   4480.
    9490   4480.
    9500   4480.
    9510   4480.
    9520   4480.
    9530   4480.
    9540   4480.
    9550   4480.
    9560   4480.
    9570   4480.
    9580   4480.
    9590   4480.
    9600   4480.
    9610   4480.
    9620   4480.
    9630   4480.
    9640   4480.
    9650   4480.
    9660   4480.
    9670   4480.
    9680   4480.
    9690   4480.
    9700   4480.
    9710   4480.
    9720   4480.
    9730   4480.
    9740   4480.
    9750   4480.
    9760   4480.
    9770   4480.
    9780   4480.
    9790   4480.
    9800   4480.
    9810   4480.
    9820   4480.
    9830   4480.
    9840   4480.
    9850   4480.
    9860   4480.
    9870   4480.
    9880   4480.
    9890   4480.
    9900   4480.
    9910   4480.
    9920   4480.
    9930   4480.
    9940   4480.
    9950   4480.
    9960   4480.
    9970   4480.
    9980   4480.
    9990   4480.
   10000   4480.
   10010   4480.
   10020   4480.
   10030   4480.
   10040   4480.
   10050   4480.
   10060   4480.
   10070   4480.
   10080   4480.
   10090   4480.
   10100   4480.
   10110   4480.
   10120   4480.
   10130   4480.
   10140   4480.
   10150   4480.
   10160   4480.
   10170   4480.
   10180   4480.
   10190   4480.
   10200   4480.
   10210   4480.
   10220   4480.
   10230   4480.
   10240   4480.
   10250   4480.
   10260   4480.
   10270   4480.
   10280   4480.
   10290   4480.
   10300   4480.
   10310   4480.
   10320   4480.
   10330   4480.
   10340   4480.
   10350   4480.
   10360   4480.
   10370   4480.
   10380   4480.
   10390   4480.
   10400   4480.
   10410   4480.
   10420   4480.
   10430   4480.
   10440   4480.
   10450   4480.
   10460   4480.
   10470   4480.
   10480   4480.
   10490   4480.
   10500   4480.
   10510   4480.
   10520   4480.
   10530   4480.
   10540   4480.
   10550   4480.
   10560   4480.
   10570   4480.
   10580   4480.
   10590   4480.
   10600   4480.
   10610   4480.
   10620   4480.
   10630   4480.
   10640   4480.
   10650   4480.
   10660   4480.
   10670   4480.
   10680   4480.
   10690   4480.
   10700   4480.
   10710   4480.
   10720   4480.
   10730   4480.
   10740   4480.
   10750   4480.
   10760   4480.
   10770   4480.
   10780   4480.
   10790   4480.
   10800   4480.
   10810   4480.
   10820   4480.
   10830   4480.
   10840   4480.
   10850   4480.
   10860   4480.
   10870   4480.
   10880   4480.
   10890   4480.
   10900   4480.
   10910   4480.
   10920   4480.
   10930   4480.
   10940   4480.
   10950   4480.
   10960   4480.
   10970   4480.
   10980   4480.
   10990   4480.
   11000   4480.
   11010   4480.
   11020   4480.
   11030   4480.
   11040   4480.
   11050   4480.
   11060   4480.
   11070   4480.
   11080   4480.
   11090   4480.
   11100   4480.
   11110   4480.
   11120   4480.
   11130   4480.
   11140   4480.
   11150   4480.
   11160   4480.
   11170   4480.
   11180   4480.
   11190   4480.
   11200   4480.
   11210   4480.
   11220   4480.
   11230   4480.
   11240   4480.
   11250   4480.
   11260   4480.
   11270   4480.
   11280   4480.
   11290   4480.
   11300   4480.
   11310   4480.
   11320   4480.
   11330   4480.
   11340   4480.
   11350   4480.
   11360   4480.
   11370   4480.
   11380   4480.
   11390   4480.
   11400   4480.
   11410   4480.
   11420   4480.
   11430   4480.
   11440   4480.
   11450   4480.
   11460   4480.
   11470   4480.
   11480   4480.
   11490   4480.
   11500   4480.
   11510   4480.
   11520   4480.
   11530   4480.
   11540   4480.
   11550   4480.
   11560   4480.
   11570   4480.
   11580   4480.
   11590   4480.
   11600   4480.
   11610   4480.
   11620   4480.
   11630   4480.
   11640   4480.
   11650   4480.
   11660   4480.
   11670   4480.
   11680   4480.
   11690   4480.
   11700   4480.
   11710   4480.
   11720   4480.
   11730   4480.
   11740   4480.
   11750   4480.
   11760   4480.
   11770   4480.
   11780   4480.
   11790   4480.
   11800   4480.
   11810   4480.
   11820   4480.
   11830   4480.
   11840   4480.
   11850   4480.
   11860   4480.
   11870   4480.
   11880   4480.
   11890   4480.
   11900   4480.
   11910   4480.
   11920   4480.
   11930   4480.
   11940   4480.
   11950   4480.
   11960   4480.
   11970   4480.
   11980   4480.
   11990   4480.
   12000   4480.
   12010   4480.
   12020   4480.
   12030   4480.
   12040   4480.
   12050   4480.
   12060   4480.
   12070   4480.
   12080   4480.
   12090   4480.
   12100   4480.
   12110   4480.
   12120   4480.
   12130   4480.
   12140   4480.
   12150   4480.
   12160   4480.
   12170   4480.
   12180   4480.
   12190   4480.
   12200   4480.
   12210   4480.
   12220   4480.
   12230   4480.
   12240   4480.
   12250   4480.
   12260   4480.
   12270   4480.
   12280   4480.
   12290   4480.
   12300   4480.
   12310   4480.
   12320   4480.
   12330   4480.
   12340   4480.
   12350   4480.
   12360   4480.
   12370   4480.
   12380   4480.
   12390   4480.
   12400   4480.
   12410   4480.
   12420   4480.
   12430   4480.
   12440   4480.
   12450   4480.
   12460   4480.
   12470   4480.
   12480   4480.
   12490   4480.
   12500   4480.
   12510   4480.
   12520   4480.
   12530   4480.
   12540   4480.
   12550   4480.
   12560   4480.
   12570   4480.
   12580   4480.
   12590   4480.
   12600   4480.
   12610   4480.
   12620   4480.
   12630   4480.
   12640   4480.
   12650   4480.
   12660   4480.
   12670   4480.
   12680   4480.
   12690   4480.
   12700   4480.
   12710   4480.
   12720   4480.
   12730   4480.
   12740   4480.
   12750   4480.
   12760   4480.
   12770   4480.
   12780   4480.
   12790   4480.
   12800   4480.
   12810   4480.
   12820   4480.
   12830   4480.
   12840   4480.
   12850   4480.
   12860   4480.
   12870   4480.
   12880   4480.
   12890   4480.
   12900   4480.
   12910   4480.
   12920   4480.
   12930   4480.
   12940   4480.
   12950   4480.
   12960   4480.
   12970   4480.
   12980   4480.
   12990   4480.
   13000   4480.
   13010   4480.
   13020   4480.
   13030   4480.
   13040   4480.
   13050   4480.
   13060   4480.
   13070   4480.
   13080   4480.
   13090   4480.
   13100   4480.
   13110   4480.
   13120   4480.
   13130   4480.
   13140   4480.
   13150   4480.
   13160   4480.
   13170   4480.
   13180   4480.
   13190   4480.
   13200   4480.
   13210   4480.
   13220   4480.
   13230   4480.
   13240   4480.
   13250   4480.
   13260   4480.
   13270   4480.
   13280   4480.
   13290   4480.
   13300   4480.
   13310   4480.
   13320   4480.
   13330   4480.
   13340   4480.
   13350   4480.
   13360   4480.
   13370   4480.
   13380   4480.
   13390   4480.
   13400   4480.
   13410   4480.
   13420   4480.
   13430   4480.
   13440   4480.
   13450   4480.
   13460   4480.
   13470   4480.
   13480   4480.
   13490   4480.
   13500   4480.
   13510   4480.
   13520   4480.
   13530   4480.
   13540   4480.
   13550   4480.
   13560   4480.
   13570   4480.
   13580   4480.
   13590   4480.
   13600   4480.
   13610   4480.
   13620   4480.
   13630   4480.
   13640   4480.
   13650   4480.
   13660   4480.
   13670   4480.
   13680   4480.
   13690   4480.
   13700   4480.
   13710   4480.
   13720   4480.
   13730   4480.
   13740   4480.
   13750   4480.
   13760   4480.
   13770   4480.
   13780   4480.
   13790   4480.
   13800   4480.
   13810   4480.
   13820   4480.
   13830   4480.
   13840   4480.
   13850   4480.
   13860   4480.
   13870   4480.
   13880   4480.
   13890   4480.
   13900   4480.
   13910   4480.
   13920   4480.
   13930   4480.
   13940   4480.
   13950   4480.
   13960   4480.
   13970   4480.
   13980   4480.
   13990   4480.
   14000   4480.
   14010   4480.
   14020   4480.
   14030   4480.
   14040   4480.
   14050   4480.
   14060   4480.
   14070   4480.
   14080   4480.
   14090   4480.
   14100   4480.
   14110   4480.
   14120   4480.
   14130   4480.
   14140   4480.
   14150   4480.
   14160   4480.
   14170   4480.
   14180   4480.
   14190   4480.
   14200   4480.
   14210   4480.
   14220   4480.
   14230   4480.
   14240   4480.
   14250   4480.
   14260   4480.
   14270   4480.
   14280   4480.
   14290   4480.
   14300   4480.
   14310   4480.
   14320   4480.
   14330   4480.
   14340   4480.
   14350   4480.
   14360   4480.
   14370   4480.
   14380   4480.
   14390   4480.
   14400   4480.
   14410   4480.
   14420   4480.
   14430   4480.
   14440   4480.
   14450   4480.
   14460   4480.
   14470   4480.
   14480   4480.
   14490   4480.
   14500   4480.
   14510   4480.
   14520   4480.
   14530   4480.
   14540   4480.
   14550   4480.
   14560   4480.
   14570   4480.
   14580   4480.
   14590   4480.
   14600   4480.
   14610   4480.
   14620   4480.
   14630   4480.
   14640   4480.
   14650   4480.
   14660   4480.
   14670   4480.
   14680   4480.
   14690   4480.
   14700   4480.
   14710   4480.
   14720   4480.
   14730   4480.
   14740   4480.
   14750   4480.
   14760   4480.
   14770   4480.
   14780   4480.
   14790   4480.
   14800   4480.
   14810   4480.
   14820   4480.
   14830   4480.
   14840   4480.
   14850   4480.
   14860   4200.
   14870   4200.
   14880   4200.
   14890   4200.
   14900   4200.
   14910   4200.
   14920   4200.
   14930   4200.
   14940   4200.
   14950   4200.
   14960   4200.
   14970   4200.
   14980   4200.
   14990   4200.
   15000   4200.
