       0   1490.
      10   1490.
      20   1490.
      30   1490.
      40   1490.
      50   1490.
      60   1490.
      70   1490.
      80   1490.
      90   1490.
     100   1490.
     110   1490.
     120   1490.
     130   1490.
     140   1490.
     150   1490.
     160   1490.
     170   1490.
     180   1490.
     190   1490.
     200   1490.
     210   1490.
     220   1490.
     230   1490.
     240   1490.
     250   1490.
     260   1490.
     270   1490.
     280   1490.
     290   1490.
     300   1490.
     310   1490.
     320   1490.
     330   1490.
     340   1490.
     350   1490.
     360   1490.
     370   1490.
     380   1490.
     390   1490.
     400   1490.
     410   1490.
     420   1490.
     430   1490.
     440   1490.
     450   1490.
     460   1490.
     470   1490.
     480   1490.
     490   1490.
     500   1490.
     510   1490.
     520   1490.
     530   1490.
     540   1490.
     550   1490.
     560   1490.
     570   1490.
     580   1490.
     590   1490.
     600   1490.
     610   1490.
     620   1490.
     630   1490.
     640   1490.
     650   1490.
     660   1490.
     670   1490.
     680   1490.
     690   1490.
     700   1490.
     710   1490.
     720   1490.
     730   1490.
     740   1490.
     750   1490.
     760   1490.
     770   1490.
     780   1490.
     790   1490.
     800   1490.
     810   1490.
     820   1490.
     830   1490.
     840   1490.
     850   1490.
     860   1490.
     870   1490.
     880   1490.
     890   1490.
     900   1490.
     910   1490.
     920   1490.
     930   1490.
     940   1490.
     950   1490.
     960   1490.
     970   1490.
     980   1490.
     990   1490.
    1000   1490.
    1010   1490.
    1020   1490.
    1030   1490.
    1040   1490.
    1050   1490.
    1060   1490.
    1070   1490.
    1080   1490.
    1090   1490.
    1100   1490.
    1110   1490.
    1120   1490.
    1130   1490.
    1140   1490.
    1150   1490.
    1160   1490.
    1170   1490.
    1180   1490.
    1190   1490.
    1200   1490.
    1210   1490.
    1220   1490.
    1230   1490.
    1240   1490.
    1250   1490.
    1260   1490.
    1270   1490.
    1280   1490.
    1290   1490.
    1300   1490.
    1310   1490.
    1320   1490.
    1330   1490.
    1340   1490.
    1350   1490.
    1360   1490.
    1370   1490.
    1380   1490.
    1390   1490.
    1400   1490.
    1410   1490.
    1420   1490.
    1430   1490.
    1440   1490.
    1450   1490.
    1460   1490.
    1470   1490.
    1480   1490.
    1490   1490.
    1500   1490.
    1510   1490.
    1520   1490.
    1530   1490.
    1540   1490.
    1550   1490.
    1560   1490.
    1570   1579.
    1580   1573.
    1590   1571.
    1600   1572.
    1610   1573.
    1620   1574.
    1630   1575.
    1640   1576.
    1650   1577.
    1660   1579.
    1670   1586.
    1680   1590.
    1690   1592.
    1700   1596.
    1710   1604.
    1720   1611.
    1730   1613.
    1740   1632.
    1750   1654.
    1760   1672.
    1770   1679.
    1780   1687.
    1790   1707.
    1800   1761.
    1810   1788.
    1820   1753.
    1830   1710.
    1840   1680.
    1850   1672.
    1860   1694.
    1870   1725.
    1880   1763.
    1890   1748.
    1900   1729.
    1910   1710.
    1920   1723.
    1930   1724.
    1940   1707.
    1950   1734.
    1960   1741.
    1970   1729.
    1980   1732.
    1990   1739.
    2000   1748.
    2010   1759.
    2020   1772.
    2030   1787.
    2040   1785.
    2050   1777.
    2060   1768.
    2070   1784.
    2080   1786.
    2090   1777.
    2100   1765.
    2110   1763.
    2120   1767.
    2130   1777.
    2140   1797.
    2150   1821.
    2160   1840.
    2170   1844.
    2180   1844.
    2190   1853.
    2200   1847.
    2210   1841.
    2220   1856.
    2230   1843.
    2240   1833.
    2250   1853.
    2260   1888.
    2270   1917.
    2280   1922.
    2290   1967.
    2300   2027.
    2310   2100.
    2320   2069.
    2330   2021.
    2340   1978.
    2350   1964.
    2360   1956.
    2370   1951.
    2380   1934.
    2390   1923.
    2400   1923.
    2410   1938.
    2420   1955.
    2430   1970.
    2440   1980.
    2450   1999.
    2460   2028.
    2470   2010.
    2480   1998.
    2490   1995.
    2500   2002.
    2510   2009.
    2520   2017.
    2530   2067.
    2540   2067.
    2550   2030.
    2560   2025.
    2570   2029.
    2580   2039.
    2590   2046.
    2600   2055.
    2610   2065.
    2620   2082.
    2630   2094.
    2640   2095.
    2650   2062.
    2660   2059.
    2670   2069.
    2680   2070.
    2690   2076.
    2700   2083.
    2710   2085.
    2720   2105.
    2730   2125.
    2740   2127.
    2750   2142.
    2760   2159.
    2770   2172.
    2780   2204.
    2790   2237.
    2800   2259.
    2810   2208.
    2820   2156.
    2830   2143.
    2840   2141.
    2850   2143.
    2860   2148.
    2870   2165.
    2880   2199.
    2890   2259.
    2900   2274.
    2910   2304.
    2920   2365.
    2930   2350.
    2940   2266.
    2950   2100.
    2960   2099.
    2970   2106.
    2980   2111.
    2990   2117.
    3000   2135.
    3010   2164.
    3020   2204.
    3030   2238.
    3040   2265.
    3050   2242.
    3060   2231.
    3070   2231.
    3080   2260.
    3090   2286.
    3100   2310.
    3110   2326.
    3120   2349.
    3130   2373.
    3140   2375.
    3150   2415.
    3160   2459.
    3170   2360.
    3180   2339.
    3190   2371.
    3200   2453.
    3210   2426.
    3220   2355.
    3230   2326.
    3240   2316.
    3250   2322.
    3260   2356.
    3270   2449.
    3280   2532.
    3290   2506.
    3300   2497.
    3310   2495.
    3320   2499.
    3330   2543.
    3340   2477.
    3350   2477.
    3360   2477.
    3370   2478.
    3380   2480.
    3390   2492.
    3400   2503.
    3410   2510.
    3420   2517.
    3430   2533.
    3440   2551.
    3450   2548.
    3460   2537.
    3470   2532.
    3480   2530.
    3490   2521.
    3500   2503.
    3510   2494.
    3520   2499.
    3530   2503.
    3540   2505.
    3550   2512.
    3560   2551.
    3570   2588.
    3580   2571.
    3590   2555.
    3600   2552.
    3610   2550.
    3620   2602.
    3630   2667.
    3640   2676.
    3650   2657.
    3660   2626.
    3670   2586.
    3680   2564.
    3690   2565.
    3700   2566.
    3710   2566.
    3720   2574.
    3730   2616.
    3740   2654.
    3750   2651.
    3760   2648.
    3770   2653.
    3780   2659.
    3790   2661.
    3800   2664.
    3810   2663.
    3820   2662.
    3830   2645.
    3840   2619.
    3850   2616.
    3860   2635.
    3870   2640.
    3880   2622.
    3890   2623.
    3900   2668.
    3910   2698.
    3920   2656.
    3930   2617.
    3940   2629.
    3950   2640.
    3960   2636.
    3970   2631.
    3980   2643.
    3990   2658.
    4000   2671.
    4010   2684.
    4020   2691.
    4030   2694.
    4040   2708.
    4050   2732.
    4060   2754.
    4070   2775.
    4080   2780.
    4090   2743.
    4100   2714.
    4110   2743.
    4120   2771.
    4130   2757.
    4140   2742.
    4150   2741.
    4160   2741.
    4170   2744.
    4180   2747.
    4190   2760.
    4200   2778.
    4210   2780.
    4220   2769.
    4230   2768.
    4240   2779.
    4250   2792.
    4260   2809.
    4270   2828.
    4280   2850.
    4290   2866.
    4300   2832.
    4310   2799.
    4320   2873.
    4330   2950.
    4340   2917.
    4350   2866.
    4360   2846.
    4370   2837.
    4380   2862.
    4390   2905.
    4400   2899.
    4410   2848.
    4420   2817.
    4430   2814.
    4440   2819.
    4450   2842.
    4460   2863.
    4470   2878.
    4480   2892.
    4490   2882.
    4500   2872.
    4510   2884.
    4520   2898.
    4530   2893.
    4540   2885.
    4550   2900.
    4560   2923.
    4570   2937.
    4580   2943.
    4590   2943.
    4600   2936.
    4610   2929.
    4620   2921.
    4630   2915.
    4640   2921.
    4650   2925.
    4660   2921.
    4670   2917.
    4680   2912.
    4690   2907.
    4700   2902.
    4710   2896.
    4720   2895.
    4730   2894.
    4740   2892.
    4750   2889.
    4760   2935.
    4770   3020.
    4780   3080.
    4790   3109.
    4800   3115.
    4810   3074.
    4820   3031.
    4830   2979.
    4840   2935.
    4850   2970.
    4860   3005.
    4870   3033.
    4880   3062.
    4890   3032.
    4900   2994.
    4910   2970.
    4920   2951.
    4930   2950.
    4940   2959.
    4950   2974.
    4960   2996.
    4970   3018.
    4980   3039.
    4990   3059.
    5000   3076.
    5010   3090.
    5020   3093.
    5030   3095.
    5040   3073.
    5050   3051.
    5060   3046.
    5070   3043.
    5080   3056.
    5090   3072.
    5100   3101.
    5110   3135.
    5120   3165.
    5130   3193.
    5140   3185.
    5150   3139.
    5160   3110.
    5170   3111.
    5180   3110.
    5190   3105.
    5200   3101.
    5210   3109.
    5220   3118.
    5230   3145.
    5240   3172.
    5250   3182.
    5260   3190.
    5270   3189.
    5280   3186.
    5290   3209.
    5300   3246.
    5310   3305.
    5320   3383.
    5330   3430.
    5340   3438.
    5350   3416.
    5360   3330.
    5370   3256.
    5380   3227.
    5390   3199.
    5400   3177.
    5410   3156.
    5420   3139.
    5430   3123.
    5440   3127.
    5450   3135.
    5460   3134.
    5470   3130.
    5480   3133.
    5490   3139.
    5500   3157.
    5510   3185.
    5520   3193.
    5530   3171.
    5540   3157.
    5550   3161.
    5560   3176.
    5570   3241.
    5580   3303.
    5590   3310.
    5600   3318.
    5610   3385.
    5620   3455.
    5630   3455.
    5640   3441.
    5650   3375.
    5660   3288.
    5670   3243.
    5680   3227.
    5690   3233.
    5700   3266.
    5710   3315.
    5720   3396.
    5730   3472.
    5740   3537.
    5750   3584.
    5760   3520.
    5770   3456.
    5780   3368.
    5790   3281.
    5800   3359.
    5810   3453.
    5820   3471.
    5830   3467.
    5840   3480.
    5850   3501.
    5860   3609.
    5870   3596.
    5880   3594.
    5890   3592.
    5900   3590.
    5910   3577.
    5920   3562.
    5930   3547.
    5940   3551.
    5950   3571.
    5960   3592.
    5970   3609.
    5980   3618.
    5990   3627.
    6000   3635.
    6010   3642.
    6020   3648.
    6030   3655.
    6040   3658.
    6050   3659.
    6060   3661.
    6070   3661.
    6080   3659.
    6090   3657.
    6100   3654.
    6110   3650.
    6120   3645.
    6130   3641.
    6140   3633.
    6150   3624.
    6160   3615.
    6170   3611.
    6180   3611.
    6190   3611.
    6200   3618.
    6210   3637.
    6220   3657.
    6230   3676.
    6240   3672.
    6250   3669.
    6260   3666.
    6270   3651.
    6280   3634.
    6290   3616.
    6300   3628.
    6310   3672.
    6320   3716.
    6330   3748.
    6340   3729.
    6350   3711.
    6360   3692.
    6370   3681.
    6380   3671.
    6390   3661.
    6400   3664.
    6410   3674.
    6420   3683.
    6430   3702.
    6440   3737.
    6450   3772.
    6460   3806.
    6470   3830.
    6480   3853.
    6490   3877.
    6500   3826.
    6510   3758.
    6520   3690.
    6530   3668.
    6540   3685.
    6550   3702.
    6560   3717.
    6570   3722.
    6580   3728.
    6590   3734.
    6600   3727.
    6610   3721.
    6620   3714.
    6630   3711.
    6640   3711.
    6650   3710.
    6660   3710.
    6670   3712.
    6680   3714.
    6690   3717.
    6700   3728.
    6710   3739.
    6720   3749.
    6730   3754.
    6740   3758.
    6750   3761.
    6760   3760.
    6770   3755.
    6780   3750.
    6790   3748.
    6800   3753.
    6810   3759.
    6820   3765.
    6830   3778.
    6840   3792.
    6850   3805.
    6860   3797.
    6870   3782.
    6880   3767.
    6890   3763.
    6900   3770.
    6910   3778.
    6920   3784.
    6930   3785.
    6940   3787.
    6950   3788.
    6960   3797.
    6970   3805.
    6980   3814.
    6990   3827.
    7000   3843.
    7010   3858.
    7020   3861.
    7030   3842.
    7040   3823.
    7050   3809.
    7060   3827.
    7070   3846.
    7080   3865.
    7090   3876.
    7100   3886.
    7110   3895.
    7120   3906.
    7130   3916.
    7140   3926.
    7150   3930.
    7160   3917.
    7170   3904.
    7180   3891.
    7190   3880.
    7200   3869.
    7210   3857.
    7220   3861.
    7230   3871.
    7240   3881.
    7250   3890.
    7260   3898.
    7270   3906.
    7280   3914.
    7290   3921.
    7300   3928.
    7310   3935.
    7320   3941.
    7330   3947.
    7340   3953.
    7350   3958.
    7360   3962.
    7370   3966.
    7380   3991.
    7390   3981.
    7400   3972.
    7410   3965.
    7420   3965.
    7430   3962.
    7440   3954.
    7450   3930.
    7460   3915.
    7470   3906.
    7480   3903.
    7490   3903.
    7500   3906.
    7510   3897.
    7520   3884.
    7530   3866.
    7540   3871.
    7550   3905.
    7560   3973.
    7570   4032.
    7580   4073.
    7590   4085.
    7600   4042.
    7610   3996.
    7620   3973.
    7630   3921.
    7640   3874.
    7650   3889.
    7660   3907.
    7670   3931.
    7680   3985.
    7690   3976.
    7700   3928.
    7710   3946.
    7720   3963.
    7730   3978.
    7740   3937.
    7750   3923.
    7760   3946.
    7770   3921.
    7780   3916.
    7790   3951.
    7800   3964.
    7810   3979.
    7820   4004.
    7830   4034.
    7840   4052.
    7850   4023.
    7860   4007.
    7870   4002.
    7880   4028.
    7890   4024.
    7900   4001.
    7910   3967.
    7920   3944.
    7930   3932.
    7940   4068.
    7950   4141.
    7960   4143.
    7970   4135.
    7980   4134.
    7990   4143.
    8000   4056.
    8010   3992.
    8020   4010.
    8030   4082.
    8040   4149.
    8050   4154.
    8060   4153.
    8070   4148.
    8080   4141.
    8090   4126.
    8100   4105.
    8110   4090.
    8120   4132.
    8130   4214.
    8140   4224.
    8150   4226.
    8160   4221.
    8170   4216.
    8180   4165.
    8190   4052.
    8200   4042.
    8210   4031.
    8220   3997.
    8230   3971.
    8240   3948.
    8250   3927.
    8260   3948.
    8270   3975.
    8280   3969.
    8290   4011.
    8300   4069.
    8310   4084.
    8320   4064.
    8330   4023.
    8340   4029.
    8350   4064.
    8360   4127.
    8370   4125.
    8380   4122.
    8390   4120.
    8400   4122.
    8410   4139.
    8420   4179.
    8430   4212.
    8440   4225.
    8450   4191.
    8460   4160.
    8470   4135.
    8480   4133.
    8490   4126.
    8500   4118.
    8510   4118.
    8520   4122.
    8530   4128.
    8540   4132.
    8550   4134.
    8560   4135.
    8570   4144.
    8580   4152.
    8590   4159.
    8600   4194.
    8610   4213.
    8620   4208.
    8630   4228.
    8640   4245.
    8650   4250.
    8660   4214.
    8670   4177.
    8680   4171.
    8690   4169.
    8700   4168.
    8710   4169.
    8720   4174.
    8730   4185.
    8740   4235.
    8750   4255.
    8760   4255.
    8770   4282.
    8780   4272.
    8790   4226.
    8800   4207.
    8810   4198.
    8820   4201.
    8830   4199.
    8840   4197.
    8850   4198.
    8860   4200.
    8870   4202.
    8880   4204.
    8890   4209.
    8900   4212.
    8910   4209.
    8920   4211.
    8930   4216.
    8940   4227.
    8950   4237.
    8960   4246.
    8970   4271.
    8980   4293.
    8990   4311.
    9000   4320.
    9010   4311.
    9020   4281.
    9030   4275.
    9040   4276.
    9050   4286.
    9060   4331.
    9070   4350.
    9080   4299.
    9090   4274.
    9100   4260.
    9110   4256.
    9120   4268.
    9130   4287.
    9140   4313.
    9150   4309.
    9160   4288.
    9170   4292.
    9180   4295.
    9190   4298.
    9200   4312.
    9210   4253.
    9220   4290.
    9230   4304.
    9240   4251.
    9250   4193.
    9260   4182.
    9270   4193.
    9280   4179.
    9290   4142.
    9300   4157.
    9310   4184.
    9320   4214.
    9330   4242.
    9340   4229.
    9350   4193.
    9360   4142.
    9370   4147.
    9380   4083.
    9390   4006.
    9400   4014.
    9410   3993.
    9420   4006.
    9430   4072.
    9440   4086.
    9450   4093.
    9460   4082.
    9470   4019.
    9480   3982.
    9490   3955.
    9500   3935.
    9510   3969.
    9520   4011.
    9530   4045.
    9540   4012.
    9550   4164.
    9560   4311.
    9570   4310.
    9580   4308.
    9590   4308.
    9600   4299.
    9610   4168.
    9620   4114.
    9630   4142.
    9640   4298.
    9650   4251.
    9660   4233.
    9670   4318.
    9680   4315.
    9690   4187.
    9700   4033.
    9710   4049.
    9720   4229.
    9730   4267.
    9740   4022.
    9750   3989.
    9760   4009.
    9770   4062.
    9780   4101.
    9790   4107.
    9800   4104.
    9810   4103.
    9820   4155.
    9830   4188.
    9840   4199.
    9850   4221.
    9860   4262.
    9870   4265.
    9880   4128.
    9890   4069.
    9900   4027.
    9910   3989.
    9920   3994.
    9930   4033.
    9940   4077.
    9950   4056.
    9960   4069.
    9970   4076.
    9980   4051.
    9990   4064.
   10000   4157.
   10010   4309.
   10020   4382.
   10030   4391.
   10040   4386.
   10050   4414.
   10060   4459.
   10070   4409.
   10080   4243.
   10090   4205.
   10100   4254.
   10110   4321.
   10120   4249.
   10130   4340.
   10140   4397.
   10150   4313.
   10160   4249.
   10170   4195.
   10180   4159.
   10190   4205.
   10200   4229.
   10210   4254.
   10220   4307.
   10230   4247.
   10240   4198.
   10250   4187.
   10260   4151.
   10270   4121.
   10280   4105.
   10290   4121.
   10300   4148.
   10310   4177.
   10320   4201.
   10330   4216.
   10340   4251.
   10350   4300.
   10360   4287.
   10370   4253.
   10380   4217.
   10390   4211.
   10400   4275.
   10410   4310.
   10420   4279.
   10430   4236.
   10440   4200.
   10450   4186.
   10460   4272.
   10470   4374.
   10480   4433.
   10490   4387.
   10500   4387.
   10510   4427.
   10520   4497.
   10530   4412.
   10540   4379.
   10550   4370.
   10560   4337.
   10570   4308.
   10580   4274.
   10590   4229.
   10600   4261.
   10610   4294.
   10620   4315.
   10630   4245.
   10640   4245.
   10650   4282.
   10660   4328.
   10670   4387.
   10680   4394.
   10690   4318.
   10700   4327.
   10710   4320.
   10720   4297.
   10730   4264.
   10740   4252.
   10750   4258.
   10760   4289.
   10770   4367.
   10780   4392.
   10790   4333.
   10800   4308.
   10810   4297.
   10820   4301.
   10830   4325.
   10840   4401.
   10850   4477.
   10860   4496.
   10870   4512.
   10880   4514.
   10890   4496.
   10900   4546.
   10910   4602.
   10920   4560.
   10930   4607.
   10940   4719.
   10950   4754.
   10960   4617.
   10970   4547.
   10980   4557.
   10990   4585.
   11000   4688.
   11010   4790.
   11020   4751.
   11030   4650.
   11040   4607.
   11050   4649.
   11060   4623.
   11070   4800.
   11080   4798.
   11090   4613.
   11100   4600.
   11110   4602.
   11120   4608.
   11130   4653.
   11140   4754.
   11150   4800.
   11160   4800.
   11170   4758.
   11180   4692.
   11190   4672.
   11200   4671.
   11210   4605.
   11220   4473.
   11230   4490.
   11240   4560.
   11250   4478.
   11260   4485.
   11270   4534.
   11280   4549.
   11290   4524.
   11300   4589.
   11310   4607.
   11320   4620.
   11330   4610.
   11340   4594.
   11350   4570.
   11360   4510.
   11370   4543.
   11380   4608.
   11390   4503.
   11400   4505.
   11410   4507.
   11420   4511.
   11430   4515.
   11440   4519.
   11450   4549.
   11460   4547.
   11470   4528.
   11480   4525.
   11490   4529.
   11500   4526.
   11510   4527.
   11520   4530.
   11530   4532.
   11540   4545.
   11550   4639.
   11560   4543.
   11570   4540.
   11580   4576.
   11590   4602.
   11600   4652.
   11610   4683.
   11620   4635.
   11630   4572.
   11640   4555.
   11650   4556.
   11660   4557.
   11670   4562.
   11680   4571.
   11690   4563.
   11700   4565.
   11710   4566.
   11720   4568.
   11730   4568.
   11740   4593.
   11750   4599.
   11760   4598.
   11770   4591.
   11780   4578.
   11790   4591.
   11800   4619.
   11810   4641.
   11820   4658.
   11830   4590.
   11840   4611.
   11850   4597.
   11860   4624.
   11870   4605.
   11880   4593.
   11890   4601.
   11900   4603.
   11910   4800.
   11920   4800.
   11930   4800.
   11940   4800.
   11950   4800.
   11960   4800.
   11970   4800.
   11980   4800.
   11990   4800.
   12000   4800.
   12010   4800.
   12020   4800.
   12030   4800.
   12040   4800.
   12050   4800.
   12060   4800.
   12070   4800.
   12080   4800.
   12090   4800.
   12100   4800.
   12110   4800.
   12120   4800.
   12130   4800.
   12140   4800.
   12150   4800.
   12160   4800.
   12170   4800.
   12180   4800.
   12190   4800.
   12200   4800.
   12210   4800.
   12220   4800.
   12230   4800.
   12240   4800.
   12250   4800.
   12260   4800.
   12270   4800.
   12280   4800.
   12290   4800.
   12300   4800.
   12310   4800.
   12320   4800.
   12330   4800.
   12340   4800.
   12350   4800.
   12360   4800.
   12370   4800.
   12380   4800.
   12390   4800.
   12400   4800.
   12410   4800.
   12420   4800.
   12430   4800.
   12440   4800.
   12450   4800.
   12460   4800.
   12470   4800.
   12480   4800.
   12490   4800.
   12500   4800.
   12510   4800.
   12520   4800.
   12530   4800.
   12540   4800.
   12550   4800.
   12560   4800.
   12570   4800.
   12580   4800.
   12590   4800.
   12600   4800.
   12610   4800.
   12620   4800.
   12630   4800.
   12640   4800.
   12650   4800.
   12660   4800.
   12670   4800.
   12680   4800.
   12690   4800.
   12700   4800.
   12710   4800.
   12720   4800.
   12730   4800.
   12740   4800.
   12750   4800.
   12760   4800.
   12770   4800.
   12780   4800.
   12790   4800.
   12800   4800.
   12810   4800.
   12820   4800.
   12830   4800.
   12840   4800.
   12850   4800.
   12860   4800.
   12870   4800.
   12880   4800.
   12890   4800.
   12900   4800.
   12910   4800.
   12920   4800.
   12930   4800.
   12940   4800.
   12950   4800.
   12960   4800.
   12970   4800.
   12980   4800.
   12990   4800.
   13000   4800.
   13010   4800.
   13020   4800.
   13030   4800.
   13040   4800.
   13050   4800.
   13060   4800.
   13070   4800.
   13080   4800.
   13090   4800.
   13100   4800.
   13110   4800.
   13120   4800.
   13130   4800.
   13140   4800.
   13150   4800.
   13160   4800.
   13170   4800.
   13180   4800.
   13190   4800.
   13200   4800.
   13210   4800.
   13220   4800.
   13230   4800.
   13240   4800.
   13250   4800.
   13260   4800.
   13270   4800.
   13280   4800.
   13290   4800.
   13300   4800.
   13310   4800.
   13320   4800.
   13330   4800.
   13340   4800.
   13350   4480.
   13360   4480.
   13370   4480.
   13380   4480.
   13390   4480.
   13400   4480.
   13410   4480.
   13420   4480.
   13430   4480.
   13440   4480.
   13450   4480.
   13460   4480.
   13470   4480.
   13480   4480.
   13490   4480.
   13500   4480.
   13510   4480.
   13520   4480.
   13530   4480.
   13540   4480.
   13550   4480.
   13560   4480.
   13570   4480.
   13580   4480.
   13590   4480.
   13600   4480.
   13610   4480.
   13620   4480.
   13630   4480.
   13640   4480.
   13650   4480.
   13660   4480.
   13670   4480.
   13680   4480.
   13690   4480.
   13700   4480.
   13710   4480.
   13720   4480.
   13730   4480.
   13740   4480.
   13750   4480.
   13760   4480.
   13770   4480.
   13780   4480.
   13790   4480.
   13800   4480.
   13810   4480.
   13820   4480.
   13830   4480.
   13840   4480.
   13850   4480.
   13860   4480.
   13870   4480.
   13880   4480.
   13890   4480.
   13900   4480.
   13910   4480.
   13920   4480.
   13930   4480.
   13940   4480.
   13950   4480.
   13960   4480.
   13970   4480.
   13980   4480.
   13990   4480.
   14000   4480.
   14010   4480.
   14020   4480.
   14030   4480.
   14040   4480.
   14050   4480.
   14060   4480.
   14070   4480.
   14080   4480.
   14090   4480.
   14100   4480.
   14110   4480.
   14120   4480.
   14130   4480.
   14140   4480.
   14150   4480.
   14160   4480.
   14170   4480.
   14180   4480.
   14190   4480.
   14200   4480.
   14210   4480.
   14220   4480.
   14230   4480.
   14240   4480.
   14250   4480.
   14260   4480.
   14270   4480.
   14280   4480.
   14290   4480.
   14300   4480.
   14310   4480.
   14320   4480.
   14330   4480.
   14340   4480.
   14350   4480.
   14360   4480.
   14370   4480.
   14380   4480.
   14390   4480.
   14400   4480.
   14410   4480.
   14420   4480.
   14430   4480.
   14440   4480.
   14450   4480.
   14460   4480.
   14470   4480.
   14480   4480.
   14490   4480.
   14500   4480.
   14510   4480.
   14520   4480.
   14530   4480.
   14540   4480.
   14550   4480.
   14560   4480.
   14570   4480.
   14580   4480.
   14590   4480.
   14600   4480.
   14610   4480.
   14620   4480.
   14630   4480.
   14640   4480.
   14650   4480.
   14660   4480.
   14670   4480.
   14680   4480.
   14690   4480.
   14700   4480.
   14710   4480.
   14720   4480.
   14730   4480.
   14740   4480.
   14750   4480.
   14760   4480.
   14770   4480.
   14780   4480.
   14790   4480.
   14800   4480.
   14810   4480.
   14820   4480.
   14830   4480.
   14840   4480.
   14850   4480.
   14860   4200.
   14870   4200.
   14880   4200.
   14890   4200.
   14900   4200.
   14910   4200.
   14920   4200.
   14930   4200.
   14940   4200.
   14950   4200.
   14960   4200.
   14970   4200.
   14980   4200.
   14990   4200.
   15000   4200.
