       0      0.
      10      0.
      20      0.
      30      0.
      40      0.
      50      0.
      60      0.
      70      0.
      80      0.
      90      0.
     100      0.
     110      0.
     120      0.
     130      0.
     140      0.
     150      0.
     160      0.
     170      0.
     180      0.
     190      0.
     200      0.
     210      0.
     220      0.
     230      0.
     240      0.
     250      0.
     260      0.
     270      0.
     280      0.
     290      0.
     300      0.
     310      0.
     320      0.
     330      0.
     340      0.
     350      0.
     360      0.
     370      0.
     380      0.
     390      0.
     400      0.
     410      0.
     420      0.
     430      0.
     440      0.
     450      0.
     460      0.
     470      0.
     480      0.
     490      0.
     500      0.
     510      0.
     520      0.
     530      0.
     540      0.
     550      0.
     560      0.
     570      0.
     580      0.
     590      0.
     600      0.
     610      0.
     620      0.
     630      0.
     640      0.
     650      0.
     660      0.
     670      0.
     680      0.
     690      0.
     700      0.
     710      0.
     720      0.
     730      0.
     740      0.
     750      0.
     760      0.
     770      0.
     780      0.
     790      0.
     800      0.
     810      0.
     820      0.
     830      0.
     840      0.
     850      0.
     860      0.
     870      0.
     880      0.
     890      0.
     900      0.
     910      0.
     920      0.
     930      0.
     940      0.
     950      0.
     960      0.
     970      0.
     980      0.
     990      0.
    1000      0.
    1010      0.
    1020      0.
    1030      0.
    1040      0.
    1050      0.
    1060      0.
    1070      0.
    1080      0.
    1090      0.
    1100      0.
    1110      0.
    1120      0.
    1130      0.
    1140      0.
    1150      0.
    1160      0.
    1170      0.
    1180      0.
    1190      0.
    1200      0.
    1210      0.
    1220      0.
    1230      0.
    1240      0.
    1250      0.
    1260      0.
    1270      0.
    1280      0.
    1290      0.
    1300      0.
    1310      0.
    1320      0.
    1330      0.
    1340      0.
    1350      0.
    1360      0.
    1370      0.
    1380      0.
    1390      0.
    1400      0.
    1410      0.
    1420      0.
    1430      0.
    1440      0.
    1450      0.
    1460      0.
    1470      0.
    1480      0.
    1490      0.
    1500      0.
    1510      0.
    1520      0.
    1530      0.
    1540      0.
    1550      0.
    1560      0.
    1570    128.
    1580    122.
    1590    119.
    1600    118.
    1610    118.
    1620    118.
    1630    118.
    1640    117.
    1650    117.
    1660    117.
    1670    119.
    1680    119.
    1690    120.
    1700    118.
    1710    129.
    1720    141.
    1730    143.
    1740    174.
    1750    211.
    1760    239.
    1770    247.
    1780    259.
    1790    292.
    1800    387.
    1810    435.
    1820    371.
    1830    289.
    1840    231.
    1850    213.
    1860    254.
    1870    308.
    1880    370.
    1890    340.
    1900    299.
    1910    256.
    1920    275.
    1930    274.
    1940    246.
    1950    286.
    1960    295.
    1970    274.
    1980    274.
    1990    280.
    2000    289.
    2010    300.
    2020    319.
    2030    342.
    2040    336.
    2050    321.
    2060    305.
    2070    331.
    2080    331.
    2090    316.
    2100    299.
    2110    295.
    2120    299.
    2130    308.
    2140    335.
    2150    368.
    2160    391.
    2170    391.
    2180    385.
    2190    399.
    2200    387.
    2210    375.
    2220    392.
    2230    375.
    2240    361.
    2250    386.
    2260    430.
    2270    463.
    2280    458.
    2290    547.
    2300    658.
    2310    772.
    2320    719.
    2330    627.
    2340    523.
    2350    488.
    2360    474.
    2370    476.
    2380    454.
    2390    438.
    2400    435.
    2410    456.
    2420    474.
    2430    487.
    2440    502.
    2450    537.
    2460    595.
    2470    548.
    2480    515.
    2490    500.
    2500    506.
    2510    514.
    2520    526.
    2530    627.
    2540    621.
    2550    531.
    2560    521.
    2570    524.
    2580    535.
    2590    542.
    2600    555.
    2610    574.
    2620    609.
    2630    633.
    2640    636.
    2650    564.
    2660    611.
    2670    702.
    2680    712.
    2690    646.
    2700    587.
    2710    692.
    2720    672.
    2730    618.
    2740    610.
    2750    632.
    2760    659.
    2770    673.
    2780    742.
    2790    813.
    2800    852.
    2810    746.
    2820    642.
    2830    615.
    2840    611.
    2850    613.
    2860    617.
    2870    641.
    2880    698.
    2890    808.
    2900    830.
    2910    875.
    2920    972.
    2930    948.
    2940    912.
    2950    875.
    2960    854.
    2970    855.
    2980    882.
    2990    864.
    3000    872.
    3010    911.
    3020    761.
    3030    711.
    3040    755.
    3050    715.
    3060    690.
    3070    681.
    3080    717.
    3090    754.
    3100    792.
    3110    818.
    3120    855.
    3130    895.
    3140    894.
    3150    955.
    3160   1019.
    3170    832.
    3180    802.
    3190    871.
    3200   1009.
    3210    944.
    3220    803.
    3230    762.
    3240    748.
    3250    755.
    3260    799.
    3270    971.
    3280   1132.
    3290   1104.
    3300   1092.
    3310   1089.
    3320   1092.
    3330   1137.
    3340    897.
    3350    898.
    3360    900.
    3370    902.
    3380    905.
    3390    911.
    3400    916.
    3410    917.
    3420    918.
    3430    978.
    3440   1052.
    3450   1046.
    3460   1009.
    3470    991.
    3480    988.
    3490    968.
    3500    931.
    3510    915.
    3520    935.
    3530    949.
    3540    945.
    3550    949.
    3560   1007.
    3570   1063.
    3580   1034.
    3590   1005.
    3600    996.
    3610    988.
    3620   1074.
    3630   1185.
    3640   1183.
    3650   1127.
    3660   1074.
    3670   1023.
    3680    990.
    3690    980.
    3700    978.
    3710    995.
    3720   1018.
    3730   1070.
    3740   1114.
    3750   1093.
    3760   1071.
    3770   1094.
    3780   1118.
    3790   1092.
    3800   1058.
    3810   1048.
    3820   1046.
    3830   1035.
    3840   1019.
    3850   1029.
    3860   1063.
    3870   1070.
    3880   1038.
    3890   1043.
    3900   1134.
    3910   1198.
    3920   1128.
    3930   1063.
    3940   1074.
    3950   1084.
    3960   1067.
    3970   1047.
    3980   1061.
    3990   1083.
    4000   1092.
    4010   1097.
    4020   1096.
    4030   1091.
    4040   1109.
    4050   1152.
    4060   1187.
    4070   1210.
    4080   1213.
    4090   1154.
    4100   1109.
    4110   1156.
    4120   1201.
    4130   1181.
    4140   1162.
    4150   1149.
    4160   1138.
    4170   1139.
    4180   1144.
    4190   1160.
    4200   1183.
    4210   1181.
    4220   1159.
    4230   1155.
    4240   1172.
    4250   1195.
    4260   1228.
    4270   1267.
    4280   1330.
    4290   1379.
    4300   1300.
    4310   1220.
    4320   1322.
    4330   1428.
    4340   1362.
    4350   1268.
    4360   1239.
    4370   1231.
    4380   1268.
    4390   1332.
    4400   1324.
    4410   1251.
    4420   1206.
    4430   1202.
    4440   1206.
    4450   1229.
    4460   1252.
    4470   1274.
    4480   1293.
    4490   1285.
    4500   1277.
    4510   1415.
    4520   1562.
    4530   1556.
    4540   1519.
    4550   1442.
    4560   1349.
    4570   1309.
    4580   1306.
    4590   1302.
    4600   1295.
    4610   1332.
    4620   1443.
    4630   1500.
    4640   1395.
    4650   1303.
    4660   1296.
    4670   1290.
    4680   1291.
    4690   1292.
    4700   1286.
    4710   1278.
    4720   1277.
    4730   1277.
    4740   1277.
    4750   1278.
    4760   1346.
    4770   1466.
    4780   1554.
    4790   1601.
    4800   1609.
    4810   1539.
    4820   1468.
    4830   1395.
    4840   1334.
    4850   1384.
    4860   1435.
    4870   1466.
    4880   1497.
    4890   1458.
    4900   1409.
    4910   1381.
    4920   1361.
    4930   1358.
    4940   1364.
    4950   1371.
    4960   1378.
    4970   1390.
    4980   1408.
    4990   1423.
    5000   1428.
    5010   1432.
    5020   1434.
    5030   1435.
    5040   1428.
    5050   1422.
    5060   1417.
    5070   1412.
    5080   1430.
    5090   1452.
    5100   1495.
    5110   1547.
    5120   1605.
    5130   1667.
    5140   1651.
    5150   1551.
    5160   1484.
    5170   1475.
    5180   1469.
    5190   1474.
    5200   1478.
    5210   1473.
    5220   1468.
    5230   1487.
    5240   1505.
    5250   1514.
    5260   1522.
    5270   1523.
    5280   1521.
    5290   1569.
    5300   1642.
    5310   1730.
    5320   1832.
    5330   1893.
    5340   1905.
    5350   1878.
    5360   1772.
    5370   1682.
    5380   1652.
    5390   1620.
    5400   1580.
    5410   1541.
    5420   1523.
    5430   1506.
    5440   1503.
    5450   1502.
    5460   1501.
    5470   1500.
    5480   1505.
    5490   1512.
    5500   1533.
    5510   1566.
    5520   1574.
    5530   1544.
    5540   1524.
    5550   1530.
    5560   1550.
    5570   1636.
    5580   1718.
    5590   1731.
    5600   1743.
    5610   1830.
    5620   1921.
    5630   1922.
    5640   1904.
    5650   1798.
    5660   1655.
    5670   1590.
    5680   1576.
    5690   1581.
    5700   1604.
    5710   1667.
    5720   1801.
    5730   1920.
    5740   1999.
    5750   2057.
    5760   1977.
    5770   1897.
    5780   1781.
    5790   1666.
    5800   1757.
    5810   1870.
    5820   1895.
    5830   1897.
    5840   1908.
    5850   1925.
    5860   2023.
    5870   1917.
    5880   1914.
    5890   1911.
    5900   1908.
    5910   1899.
    5920   1888.
    5930   1878.
    5940   1882.
    5950   1899.
    5960   1915.
    5970   1930.
    5980   1936.
    5990   1943.
    6000   1949.
    6010   2002.
    6020   2057.
    6030   2111.
    6040   2128.
    6050   2129.
    6060   2130.
    6070   2111.
    6080   2065.
    6090   2019.
    6100   1978.
    6110   1972.
    6120   1966.
    6130   1959.
    6140   1948.
    6150   1937.
    6160   1925.
    6170   1921.
    6180   1924.
    6190   1926.
    6200   1933.
    6210   1953.
    6220   1973.
    6230   1992.
    6240   1994.
    6250   1995.
    6260   1996.
    6270   1981.
    6280   1960.
    6290   1939.
    6300   1949.
    6310   1994.
    6320   2039.
    6330   2071.
    6340   2054.
    6350   2037.
    6360   2020.
    6370   2010.
    6380   2001.
    6390   1993.
    6400   1994.
    6410   2002.
    6420   2010.
    6430   2029.
    6440   2066.
    6450   2103.
    6460   2139.
    6470   2164.
    6480   2190.
    6490   2215.
    6500   2159.
    6510   2084.
    6520   2009.
    6530   1982.
    6540   1998.
    6550   2013.
    6560   2025.
    6570   2027.
    6580   2030.
    6590   2032.
    6600   2026.
    6610   2020.
    6620   2013.
    6630   2016.
    6640   2021.
    6650   2027.
    6660   2029.
    6670   2024.
    6680   2019.
    6690   2016.
    6700   2023.
    6710   2030.
    6720   2037.
    6730   2041.
    6740   2044.
    6750   2047.
    6760   2046.
    6770   2043.
    6780   2039.
    6790   2038.
    6800   2043.
    6810   2047.
    6820   2052.
    6830   2062.
    6840   2072.
    6850   2081.
    6860   2076.
    6870   2066.
    6880   2056.
    6890   2053.
    6900   2059.
    6910   2064.
    6920   2069.
    6930   2073.
    6940   2076.
    6950   2079.
    6960   2088.
    6970   2097.
    6980   2106.
    6990   2115.
    7000   2124.
    7010   2134.
    7020   2134.
    7030   2120.
    7040   2106.
    7050   2095.
    7060   2114.
    7070   2133.
    7080   2152.
    7090   2168.
    7100   2182.
    7110   2197.
    7120   2209.
    7130   2219.
    7140   2230.
    7150   2235.
    7160   2226.
    7170   2218.
    7180   2209.
    7190   2196.
    7200   2183.
    7210   2170.
    7220   2173.
    7230   2182.
    7240   2191.
    7250   2200.
    7260   2208.
    7270   2217.
    7280   2227.
    7290   2243.
    7300   2259.
    7310   2275.
    7320   2284.
    7330   2291.
    7340   2299.
    7350   2306.
    7360   2313.
    7370   2321.
    7380   2131.
    7390   2126.
    7400   2121.
    7410   2119.
    7420   2126.
    7430   2130.
    7440   2128.
    7450   2105.
    7460   2093.
    7470   2089.
    7480   2092.
    7490   2100.
    7500   2111.
    7510   2107.
    7520   2096.
    7530   2079.
    7540   2094.
    7550   2148.
    7560   2254.
    7570   2325.
    7580   2375.
    7590   2397.
    7600   2345.
    7610   2290.
    7620   2271.
    7630   2212.
    7640   2156.
    7650   2166.
    7660   2179.
    7670   2201.
    7680   2260.
    7690   2251.
    7700   2198.
    7710   2210.
    7720   2224.
    7730   2239.
    7740   2211.
    7750   2200.
    7760   2210.
    7770   2193.
    7780   2191.
    7790   2222.
    7800   2229.
    7810   2236.
    7820   2256.
    7830   2278.
    7840   2291.
    7850   2274.
    7860   2271.
    7870   2275.
    7880   2281.
    7890   2273.
    7900   2256.
    7910   2233.
    7920   2217.
    7930   2207.
    7940   2376.
    7950   2467.
    7960   2472.
    7970   2463.
    7980   2460.
    7990   2465.
    8000   2345.
    8010   2255.
    8020   2270.
    8030   2374.
    8040   2470.
    8050   2473.
    8060   2472.
    8070   2467.
    8080   2461.
    8090   2416.
    8100   2356.
    8110   2352.
    8120   2411.
    8130   2514.
    8140   2530.
    8150   2534.
    8160   2527.
    8170   2520.
    8180   2467.
    8190   2350.
    8200   2325.
    8210   2307.
    8220   2277.
    8230   2250.
    8240   2228.
    8250   2212.
    8260   2234.
    8270   2259.
    8280   2248.
    8290   2281.
    8300   2329.
    8310   2345.
    8320   2327.
    8330   2290.
    8340   2294.
    8350   2321.
    8360   2369.
    8370   2367.
    8380   2370.
    8390   2379.
    8400   2372.
    8410   2378.
    8420   2405.
    8430   2431.
    8440   2442.
    8450   2419.
    8460   2411.
    8470   2405.
    8480   2394.
    8490   2377.
    8500   2360.
    8510   2356.
    8520   2365.
    8530   2381.
    8540   2385.
    8550   2384.
    8560   2378.
    8570   2385.
    8580   2391.
    8590   2398.
    8600   2443.
    8610   2473.
    8620   2476.
    8630   2496.
    8640   2512.
    8650   2513.
    8660   2470.
    8670   2429.
    8680   2426.
    8690   2418.
    8700   2410.
    8710   2412.
    8720   2417.
    8730   2427.
    8740   2479.
    8750   2502.
    8760   2505.
    8770   2539.
    8780   2532.
    8790   2485.
    8800   2455.
    8810   2439.
    8820   2442.
    8830   2439.
    8840   2434.
    8850   2430.
    8860   2430.
    8870   2432.
    8880   2434.
    8890   2442.
    8900   2448.
    8910   2435.
    8920   2434.
    8930   2440.
    8940   2453.
    8950   2468.
    8960   2487.
    8970   2514.
    8980   2556.
    8990   2609.
    9000   2596.
    9010   2563.
    9020   2505.
    9030   2490.
    9040   2495.
    9050   2524.
    9060   2576.
    9070   2596.
    9080   2543.
    9090   2520.
    9100   2503.
    9110   2482.
    9120   2494.
    9130   2522.
    9140   2566.
    9150   2557.
    9160   2524.
    9170   2551.
    9180   2566.
    9190   2572.
    9200   2600.
    9210   2479.
    9220   2508.
    9230   2515.
    9240   2471.
    9250   2424.
    9260   2413.
    9270   2419.
    9280   2407.
    9290   2380.
    9300   2388.
    9310   2411.
    9320   2438.
    9330   2457.
    9340   2442.
    9350   2410.
    9360   2369.
    9370   2372.
    9380   2318.
    9390   2252.
    9400   2250.
    9410   2231.
    9420   2237.
    9430   2281.
    9440   2285.
    9450   2294.
    9460   2296.
    9470   2244.
    9480   2205.
    9490   2176.
    9500   2160.
    9510   2182.
    9520   2211.
    9530   2237.
    9540   2214.
    9550   2401.
    9560   2578.
    9570   2578.
    9580   2576.
    9590   2575.
    9600   2559.
    9610   2365.
    9620   2296.
    9630   2344.
    9640   2550.
    9650   2498.
    9660   2476.
    9670   2571.
    9680   2568.
    9690   2423.
    9700   2247.
    9710   2262.
    9720   2440.
    9730   2478.
    9740   2240.
    9750   2213.
    9760   2226.
    9770   2264.
    9780   2292.
    9790   2298.
    9800   2297.
    9810   2302.
    9820   2348.
    9830   2378.
    9840   2388.
    9850   2408.
    9860   2454.
    9870   2463.
    9880   2329.
    9890   2282.
    9900   2251.
    9910   2222.
    9920   2228.
    9930   2261.
    9940   2298.
    9950   2281.
    9960   2285.
    9970   2287.
    9980   2272.
    9990   2281.
   10000   2366.
   10010   2510.
   10020   2600.
   10030   2604.
   10040   2589.
   10050   2620.
   10060   2672.
   10070   2623.
   10080   2450.
   10090   2415.
   10100   2465.
   10110   2532.
   10120   2446.
   10130   2552.
   10140   2620.
   10150   2529.
   10160   2462.
   10170   2402.
   10180   2356.
   10190   2388.
   10200   2406.
   10210   2425.
   10220   2464.
   10230   2421.
   10240   2386.
   10250   2378.
   10260   2352.
   10270   2332.
   10280   2321.
   10290   2333.
   10300   2353.
   10310   2375.
   10320   2394.
   10330   2409.
   10340   2440.
   10350   2483.
   10360   2470.
   10370   2439.
   10380   2409.
   10390   2407.
   10400   2477.
   10410   2518.
   10420   2492.
   10430   2444.
   10440   2410.
   10450   2401.
   10460   2477.
   10470   2583.
   10480   2648.
   10490   2598.
   10500   2585.
   10510   2621.
   10520   2693.
   10530   2591.
   10540   2548.
   10550   2535.
   10560   2505.
   10570   2482.
   10580   2457.
   10590   2425.
   10600   2448.
   10610   2474.
   10620   2492.
   10630   2442.
   10640   2443.
   10650   2471.
   10660   2510.
   10670   2567.
   10680   2575.
   10690   2499.
   10700   2504.
   10710   2498.
   10720   2481.
   10730   2458.
   10740   2449.
   10750   2453.
   10760   2477.
   10770   2546.
   10780   2568.
   10790   2514.
   10800   2501.
   10810   2492.
   10820   2493.
   10830   2514.
   10840   2604.
   10850   2696.
   10860   2725.
   10870   2743.
   10880   2743.
   10890   2720.
   10900   2715.
   10910   2762.
   10920   2728.
   10930   2767.
   10940   2859.
   10950   2888.
   10960   2776.
   10970   2718.
   10980   2727.
   10990   2750.
   11000   2833.
   11010   2916.
   11020   2884.
   11030   2803.
   11040   2769.
   11050   2803.
   11060   2782.
   11070   2923.
   11080   2921.
   11090   2775.
   11100   2765.
   11110   2768.
   11120   2772.
   11130   2808.
   11140   2906.
   11150   2947.
   11160   2943.
   11170   2901.
   11180   2839.
   11190   2824.
   11200   2839.
   11210   2817.
   11220   2675.
   11230   2692.
   11240   2768.
   11250   2679.
   11260   2686.
   11270   2739.
   11280   2755.
   11290   2727.
   11300   2796.
   11310   2815.
   11320   2828.
   11330   2817.
   11340   2799.
   11350   2774.
   11360   2709.
   11370   2744.
   11380   2813.
   11390   2702.
   11400   2703.
   11410   2705.
   11420   2708.
   11430   2713.
   11440   2716.
   11450   2747.
   11460   2745.
   11470   2725.
   11480   2722.
   11490   2725.
   11500   2722.
   11510   2723.
   11520   2726.
   11530   2728.
   11540   2741.
   11550   2838.
   11560   2738.
   11570   2734.
   11580   2772.
   11590   2798.
   11600   2850.
   11610   2882.
   11620   2831.
   11630   2766.
   11640   2748.
   11650   2749.
   11660   2750.
   11670   2755.
   11680   2764.
   11690   2755.
   11700   2757.
   11710   2757.
   11720   2759.
   11730   2760.
   11740   2785.
   11750   2791.
   11760   2790.
   11770   2782.
   11780   2768.
   11790   2781.
   11800   2810.
   11810   2832.
   11820   2849.
   11830   2780.
   11840   2800.
   11850   2787.
   11860   2814.
   11870   2794.
   11880   2782.
   11890   2789.
   11900   2791.
   11910   2961.
   11920   2961.
   11930   2962.
   11940   2965.
   11950   2966.
   11960   2966.
   11970   2966.
   11980   2966.
   11990   2966.
   12000   2966.
   12010   2966.
   12020   2966.
   12030   2966.
   12040   2966.
   12050   2966.
   12060   2966.
   12070   2966.
   12080   2966.
   12090   2966.
   12100   2966.
   12110   2966.
   12120   2966.
   12130   2966.
   12140   2966.
   12150   2966.
   12160   2966.
   12170   2966.
   12180   2966.
   12190   2966.
   12200   2966.
   12210   2966.
   12220   2966.
   12230   2966.
   12240   2966.
   12250   2966.
   12260   2966.
   12270   2966.
   12280   2966.
   12290   2966.
   12300   2966.
   12310   2966.
   12320   2966.
   12330   2966.
   12340   2966.
   12350   2966.
   12360   2966.
   12370   2966.
   12380   2966.
   12390   2966.
   12400   2966.
   12410   2966.
   12420   2966.
   12430   2966.
   12440   2966.
   12450   2966.
   12460   2966.
   12470   2966.
   12480   2966.
   12490   2966.
   12500   2966.
   12510   2966.
   12520   2966.
   12530   2966.
   12540   2966.
   12550   2966.
   12560   2966.
   12570   2966.
   12580   2966.
   12590   2966.
   12600   2966.
   12610   2966.
   12620   2966.
   12630   2966.
   12640   2966.
   12650   2966.
   12660   2966.
   12670   2966.
   12680   2966.
   12690   2966.
   12700   2966.
   12710   2966.
   12720   2966.
   12730   2966.
   12740   2966.
   12750   2966.
   12760   2966.
   12770   2966.
   12780   2966.
   12790   2966.
   12800   2966.
   12810   2966.
   12820   2966.
   12830   2966.
   12840   2966.
   12850   2966.
   12860   2966.
   12870   2966.
   12880   2966.
   12890   2966.
   12900   2966.
   12910   2966.
   12920   2966.
   12930   2966.
   12940   2966.
   12950   2966.
   12960   2966.
   12970   2966.
   12980   2966.
   12990   2966.
   13000   2966.
   13010   2966.
   13020   2966.
   13030   2966.
   13040   2966.
   13050   2966.
   13060   2966.
   13070   2966.
   13080   2966.
   13090   2966.
   13100   2966.
   13110   2966.
   13120   2966.
   13130   2966.
   13140   2966.
   13150   2966.
   13160   2966.
   13170   2966.
   13180   2966.
   13190   2966.
   13200   2966.
   13210   2966.
   13220   2966.
   13230   2966.
   13240   2966.
   13250   2966.
   13260   2966.
   13270   2966.
   13280   2966.
   13290   2966.
   13300   2966.
   13310   2966.
   13320   2966.
   13330   2966.
   13340   2966.
   13350   2585.
   13360   2585.
   13370   2585.
   13380   2585.
   13390   2585.
   13400   2585.
   13410   2585.
   13420   2585.
   13430   2585.
   13440   2585.
   13450   2585.
   13460   2585.
   13470   2585.
   13480   2585.
   13490   2585.
   13500   2585.
   13510   2585.
   13520   2585.
   13530   2585.
   13540   2585.
   13550   2585.
   13560   2585.
   13570   2585.
   13580   2585.
   13590   2585.
   13600   2585.
   13610   2585.
   13620   2585.
   13630   2585.
   13640   2585.
   13650   2585.
   13660   2585.
   13670   2585.
   13680   2585.
   13690   2585.
   13700   2585.
   13710   2585.
   13720   2585.
   13730   2585.
   13740   2585.
   13750   2585.
   13760   2585.
   13770   2585.
   13780   2585.
   13790   2585.
   13800   2585.
   13810   2585.
   13820   2585.
   13830   2585.
   13840   2585.
   13850   2585.
   13860   2585.
   13870   2585.
   13880   2585.
   13890   2585.
   13900   2585.
   13910   2585.
   13920   2585.
   13930   2585.
   13940   2585.
   13950   2585.
   13960   2585.
   13970   2585.
   13980   2585.
   13990   2585.
   14000   2585.
   14010   2585.
   14020   2585.
   14030   2585.
   14040   2585.
   14050   2585.
   14060   2585.
   14070   2585.
   14080   2585.
   14090   2585.
   14100   2585.
   14110   2585.
   14120   2585.
   14130   2585.
   14140   2585.
   14150   2585.
   14160   2585.
   14170   2585.
   14180   2585.
   14190   2585.
   14200   2585.
   14210   2585.
   14220   2585.
   14230   2585.
   14240   2585.
   14250   2585.
   14260   2585.
   14270   2585.
   14280   2585.
   14290   2585.
   14300   2585.
   14310   2585.
   14320   2585.
   14330   2585.
   14340   2585.
   14350   2585.
   14360   2585.
   14370   2585.
   14380   2585.
   14390   2585.
   14400   2585.
   14410   2585.
   14420   2585.
   14430   2585.
   14440   2585.
   14450   2585.
   14460   2585.
   14470   2585.
   14480   2585.
   14490   2585.
   14500   2585.
   14510   2585.
   14520   2585.
   14530   2585.
   14540   2585.
   14550   2585.
   14560   2585.
   14570   2585.
   14580   2585.
   14590   2585.
   14600   2585.
   14610   2585.
   14620   2585.
   14630   2585.
   14640   2585.
   14650   2585.
   14660   2585.
   14670   2585.
   14680   2585.
   14690   2585.
   14700   2585.
   14710   2585.
   14720   2585.
   14730   2585.
   14740   2585.
   14750   2585.
   14760   2585.
   14770   2585.
   14780   2585.
   14790   2585.
   14800   2585.
   14810   2585.
   14820   2585.
   14830   2585.
   14840   2585.
   14850   2585.
   14860   2960.
   14870   2960.
   14880   2960.
   14890   2960.
   14900   2960.
   14910   2960.
   14920   2960.
   14930   2960.
   14940   2960.
   14950   2960.
   14960   2960.
   14970   2960.
   14980   2960.
   14990   2960.
   15000   2960.
