       0      0.
      10      0.
      20      0.
      30      0.
      40      0.
      50      0.
      60      0.
      70      0.
      80      0.
      90      0.
     100      0.
     110      0.
     120      0.
     130      0.
     140      0.
     150      0.
     160      0.
     170      0.
     180      0.
     190      0.
     200      0.
     210      0.
     220      0.
     230      0.
     240      0.
     250      0.
     260      0.
     270      0.
     280      0.
     290      0.
     300      0.
     310      0.
     320      0.
     330      0.
     340      0.
     350      0.
     360      0.
     370      0.
     380      0.
     390      0.
     400      0.
     410      0.
     420      0.
     430      0.
     440      0.
     450      0.
     460      0.
     470      0.
     480      0.
     490      0.
     500      0.
     510      0.
     520      0.
     530      0.
     540      0.
     550      0.
     560      0.
     570      0.
     580      0.
     590      0.
     600      0.
     610      0.
     620      0.
     630      0.
     640      0.
     650      0.
     660      0.
     670      0.
     680      0.
     690      0.
     700      0.
     710      0.
     720      0.
     730      0.
     740      0.
     750      0.
     760      0.
     770      0.
     780      0.
     790      0.
     800      0.
     810      0.
     820      0.
     830      0.
     840      0.
     850      0.
     860      0.
     870      0.
     880      0.
     890      0.
     900      0.
     910      0.
     920      0.
     930      0.
     940      0.
     950      0.
     960      0.
     970      0.
     980      0.
     990      0.
    1000      0.
    1010      0.
    1020      0.
    1030      0.
    1040      0.
    1050      0.
    1060      0.
    1070      0.
    1080      0.
    1090      0.
    1100      0.
    1110      0.
    1120      0.
    1130      0.
    1140      0.
    1150      0.
    1160      0.
    1170      0.
    1180      0.
    1190      0.
    1200      0.
    1210      0.
    1220      0.
    1230      0.
    1240      0.
    1250      0.
    1260      0.
    1270      0.
    1280      0.
    1290      0.
    1300      0.
    1310      0.
    1320      0.
    1330      0.
    1340      0.
    1350      0.
    1360      0.
    1370      0.
    1380      0.
    1390      0.
    1400      0.
    1410      0.
    1420    128.
    1430    127.
    1440    126.
    1450    128.
    1460    141.
    1470    153.
    1480    166.
    1490    173.
    1500    178.
    1510    182.
    1520    185.
    1530    166.
    1540    148.
    1550    129.
    1560    126.
    1570    138.
    1580    151.
    1590    164.
    1600    177.
    1610    191.
    1620    205.
    1630    210.
    1640    198.
    1650    186.
    1660    174.
    1670    179.
    1680    188.
    1690    198.
    1700    205.
    1710    202.
    1720    199.
    1730    197.
    1740    211.
    1750    235.
    1760    259.
    1770    282.
    1780    279.
    1790    275.
    1800    272.
    1810    274.
    1820    283.
    1830    291.
    1840    299.
    1850    305.
    1860    311.
    1870    317.
    1880    323.
    1890    327.
    1900    331.
    1910    335.
    1920    388.
    1930    456.
    1940    525.
    1950    586.
    1960    612.
    1970    638.
    1980    665.
    1990    629.
    2000    552.
    2010    476.
    2020    401.
    2030    396.
    2040    390.
    2050    385.
    2060    384.
    2070    388.
    2080    393.
    2090    398.
    2100    422.
    2110    448.
    2120    475.
    2130    504.
    2140    538.
    2150    572.
    2160    606.
    2170    580.
    2180    534.
    2190    487.
    2200    449.
    2210    453.
    2220    457.
    2230    461.
    2240    464.
    2250    467.
    2260    469.
    2270    472.
    2280    468.
    2290    465.
    2300    461.
    2310    461.
    2320    464.
    2330    467.
    2340    471.
    2350    482.
    2360    496.
    2370    509.
    2380    519.
    2390    525.
    2400    530.
    2410    536.
    2420    534.
    2430    529.
    2440    524.
    2450    521.
    2460    528.
    2470    536.
    2480    544.
    2490    550.
    2500    555.
    2510    560.
    2520    565.
    2530    567.
    2540    570.
    2550    573.
    2560    578.
    2570    585.
    2580    592.
    2590    599.
    2600    607.
    2610    616.
    2620    624.
    2630    626.
    2640    614.
    2650    602.
    2660    589.
    2670    584.
    2680    580.
    2690    577.
    2700    574.
    2710    576.
    2720    578.
    2730    579.
    2740    586.
    2750    595.
    2760    605.
    2770    615.
    2780    621.
    2790    628.
    2800    635.
    2810    671.
    2820    743.
    2830    815.
    2840    887.
    2850    902.
    2860    909.
    2870    917.
    2880    906.
    2890    858.
    2900    810.
    2910    761.
    2920    759.
    2930    772.
    2940    786.
    2950    794.
    2960    774.
    2970    754.
    2980    735.
    2990    728.
    3000    730.
    3010    731.
    3020    733.
    3030    737.
    3040    742.
    3050    746.
    3060    747.
    3070    744.
    3080    741.
    3090    739.
    3100    746.
    3110    754.
    3120    763.
    3130    790.
    3140    855.
    3150    919.
    3160    984.
    3170    975.
    3180    943.
    3190    910.
    3200    884.
    3210    886.
    3220    887.
    3230    889.
    3240    903.
    3250    925.
    3260    948.
    3270    968.
    3280    950.
    3290    932.
    3300    914.
    3310    905.
    3320    906.
    3330    907.
    3340    908.
    3350    908.
    3360    908.
    3370    908.
    3380    914.
    3390    931.
    3400    949.
    3410    966.
    3420    954.
    3430    934.
    3440    913.
    3450    899.
    3460    912.
    3470    925.
    3480    937.
    3490    938.
    3500    931.
    3510    925.
    3520    919.
    3530    920.
    3540    922.
    3550    923.
    3560    924.
    3570    925.
    3580    925.
    3590    926.
    3600    921.
    3610    915.
    3620    910.
    3630    908.
    3640    913.
    3650    918.
    3660    922.
    3670    928.
    3680    934.
    3690    940.
    3700    951.
    3710    976.
    3720   1002.
    3730   1028.
    3740   1039.
    3750   1042.
    3760   1046.
    3770   1049.
    3780   1049.
    3790   1049.
    3800   1049.
    3810   1041.
    3820   1026.
    3830   1011.
    3840    996.
    3850   1003.
    3860   1011.
    3870   1019.
    3880   1028.
    3890   1039.
    3900   1050.
    3910   1061.
    3920   1086.
    3930   1114.
    3940   1142.
    3950   1165.
    3960   1174.
    3970   1183.
    3980   1191.
    3990   1225.
    4000   1269.
    4010   1314.
    4020   1355.
    4030   1367.
    4040   1380.
    4050   1392.
    4060   1399.
    4070   1400.
    4080   1401.
    4090   1403.
    4100   1417.
    4110   1430.
    4120   1444.
    4130   1451.
    4140   1449.
    4150   1446.
    4160   1444.
    4170   1438.
    4180   1431.
    4190   1424.
    4200   1401.
    4210   1338.
    4220   1275.
    4230   1212.
    4240   1198.
    4250   1201.
    4260   1205.
    4270   1209.
    4280   1211.
    4290   1214.
    4300   1216.
    4310   1235.
    4320   1265.
    4330   1295.
    4340   1323.
    4350   1298.
    4360   1273.
    4370   1248.
    4380   1244.
    4390   1263.
    4400   1283.
    4410   1302.
    4420   1326.
    4430   1350.
    4440   1375.
    4450   1380.
    4460   1346.
    4470   1313.
    4480   1279.
    4490   1269.
    4500   1265.
    4510   1262.
    4520   1258.
    4530   1253.
    4540   1247.
    4550   1242.
    4560   1242.
    4570   1245.
    4580   1248.
    4590   1251.
    4600   1257.
    4610   1263.
    4620   1269.
    4630   1271.
    4640   1269.
    4650   1266.
    4660   1264.
    4670   1289.
    4680   1315.
    4690   1340.
    4700   1349.
    4710   1330.
    4720   1311.
    4730   1292.
    4740   1283.
    4750   1276.
    4760   1269.
    4770   1266.
    4780   1272.
    4790   1278.
    4800   1284.
    4810   1289.
    4820   1294.
    4830   1300.
    4840   1305.
    4850   1309.
    4860   1313.
    4870   1317.
    4880   1320.
    4890   1324.
    4900   1327.
    4910   1330.
    4920   1336.
    4930   1342.
    4940   1348.
    4950   1385.
    4960   1463.
    4970   1541.
    4980   1619.
    4990   1652.
    5000   1680.
    5010   1707.
    5020   1697.
    5030   1603.
    5040   1508.
    5050   1414.
    5060   1387.
    5070   1384.
    5080   1380.
    5090   1377.
    5100   1377.
    5110   1377.
    5120   1377.
    5130   1395.
    5140   1426.
    5150   1456.
    5160   1488.
    5170   1553.
    5180   1619.
    5190   1684.
    5200   1688.
    5210   1630.
    5220   1572.
    5230   1513.
    5240   1493.
    5250   1476.
    5260   1459.
    5270   1453.
    5280   1467.
    5290   1480.
    5300   1494.
    5310   1527.
    5320   1565.
    5330   1603.
    5340   1625.
    5350   1601.
    5360   1576.
    5370   1551.
    5380   1536.
    5390   1526.
    5400   1516.
    5410   1507.
    5420   1505.
    5430   1503.
    5440   1501.
    5450   1498.
    5460   1495.
    5470   1492.
    5480   1490.
    5490   1590.
    5500   1692.
    5510   1794.
    5520   1859.
    5530   1875.
    5540   1891.
    5550   1907.
    5560   1922.
    5570   1936.
    5580   1951.
    5590   1959.
    5600   1954.
    5610   1948.
    5620   1942.
    5630   1948.
    5640   1958.
    5650   1968.
    5660   1486.
    5670   1494.
    5680   1501.
    5690   1536.
    5700   1588.
    5710   1629.
    5720   1570.
    5730   1511.
    5740   1495.
    5750   1507.
    5760   1522.
    5770   1565.
    5780   1608.
    5790   1595.
    5800   1543.
    5810   1495.
    5820   1493.
    5830   1492.
    5840   1488.
    5850   1483.
    5860   1477.
    5870   1480.
    5880   1482.
    5890   1499.
    5900   1526.
    5910   1555.
    5920   1597.
    5930   1640.
    5940   1649.
    5950   1627.
    5960   1605.
    5970   1575.
    5980   1544.
    5990   1554.
    6000   1602.
    6010   1651.
    6020   1619.
    6030   1586.
    6040   1570.
    6050   1572.
    6060   1573.
    6070   1575.
    6080   1577.
    6090   1600.
    6100   1648.
    6110   1696.
    6120   1761.
    6130   1827.
    6140   1839.
    6150   1785.
    6160   1732.
    6170   1757.
    6180   1787.
    6190   1778.
    6200   1718.
    6210   1657.
    6220   1647.
    6230   1642.
    6240   1635.
    6250   1627.
    6260   1619.
    6270   1630.
    6280   1644.
    6290   1649.
    6300   1642.
    6310   1636.
    6320   1629.
    6330   1622.
    6340   1614.
    6350   1605.
    6360   1596.
    6370   1596.
    6380   1596.
    6390   1603.
    6400   1622.
    6410   1640.
    6420   1697.
    6430   1761.
    6440   1784.
    6450   1728.
    6460   1672.
    6470   1668.
    6480   1674.
    6490   1678.
    6500   1677.
    6510   1675.
    6520   1685.
    6530   1698.
    6540   1710.
    6550   1717.
    6560   1725.
    6570   1750.
    6580   1779.
    6590   1791.
    6600   1757.
    6610   1722.
    6620   1715.
    6630   1717.
    6640   1721.
    6650   1735.
    6660   1748.
    6670   1799.
    6680   1861.
    6690   1894.
    6700   1835.
    6710   1776.
    6720   1757.
    6730   1752.
    6740   1754.
    6750   1774.
    6760   1795.
    6770   1878.
    6780   1985.
    6790   2066.
    6800   2046.
    6810   2026.
    6820   2031.
    6830   2046.
    6840   2041.
    6850   1950.
    6860   1859.
    6870   1824.
    6880   1815.
    6890   1811.
    6900   1832.
    6910   1853.
    6920   1859.
    6930   1858.
    6940   1854.
    6950   1835.
    6960   1816.
    6970   1820.
    6980   1836.
    6990   1853.
    7000   1873.
    7010   1892.
    7020   1894.
    7030   1886.
    7040   1878.
    7050   1868.
    7060   1858.
    7070   1860.
    7080   1870.
    7090   1880.
    7100   1884.
    7110   1888.
    7120   1891.
    7130   1894.
    7140   1898.
    7150   1904.
    7160   1910.
    7170   1907.
    7180   1898.
    7190   1889.
    7200   1885.
    7210   1882.
    7220   1886.
    7230   1894.
    7240   1902.
    7250   1902.
    7260   1901.
    7270   1902.
    7280   1905.
    7290   1908.
    7300   1902.
    7310   1896.
    7320   1907.
    7330   1933.
    7340   1959.
    7350   2028.
    7360   2097.
    7370   2142.
    7380   2160.
    7390   2179.
    7400   2191.
    7410   2203.
    7420   2151.
    7430   2027.
    7440   1904.
    7450   1959.
    7460   2022.
    7470   2092.
    7480   2171.
    7490   2250.
    7500   2161.
    7510   2062.
    7520   1993.
    7530   1961.
    7540   1930.
    7550   1947.
    7560   1967.
    7570   1978.
    7580   1977.
    7590   1975.
    7600   1989.
    7610   2004.
    7620   2030.
    7630   2070.
    7640   2111.
    7650   2091.
    7660   2063.
    7670   2046.
    7680   2046.
    7690   2045.
    7700   2034.
    7710   2021.
    7720   2013.
    7730   2016.
    7740   2019.
    7750   2029.
    7760   2041.
    7770   2060.
    7780   2090.
    7790   2121.
    7800   2127.
    7810   2128.
    7820   2117.
    7830   2084.
    7840   2585.
    7850   2585.
    7860   2585.
    7870   2585.
    7880   2585.
    7890   2585.
    7900   2585.
    7910   2585.
    7920   2585.
    7930   2585.
    7940   2585.
    7950   2585.
    7960   2585.
    7970   2585.
    7980   2585.
    7990   2585.
    8000   2585.
    8010   2585.
    8020   2585.
    8030   2585.
    8040   2585.
    8050   2585.
    8060   2585.
    8070   2585.
    8080   2585.
    8090   2585.
    8100   2585.
    8110   2585.
    8120   2585.
    8130   2585.
    8140   2585.
    8150   2585.
    8160   2585.
    8170   2585.
    8180   2585.
    8190   2585.
    8200   2585.
    8210   2585.
    8220   2585.
    8230   2585.
    8240   2585.
    8250   2585.
    8260   2585.
    8270   2585.
    8280   2585.
    8290   2585.
    8300   2585.
    8310   2585.
    8320   2585.
    8330   2585.
    8340   2585.
    8350   2585.
    8360   2585.
    8370   2585.
    8380   2585.
    8390   2585.
    8400   2585.
    8410   2585.
    8420   2585.
    8430   2585.
    8440   2585.
    8450   2585.
    8460   2585.
    8470   2585.
    8480   2585.
    8490   2585.
    8500   2585.
    8510   2585.
    8520   2585.
    8530   2585.
    8540   2585.
    8550   2585.
    8560   2585.
    8570   2585.
    8580   2585.
    8590   2585.
    8600   2585.
    8610   2585.
    8620   2585.
    8630   2585.
    8640   2585.
    8650   2585.
    8660   2585.
    8670   2585.
    8680   2585.
    8690   2585.
    8700   2585.
    8710   2585.
    8720   2585.
    8730   2585.
    8740   2585.
    8750   2585.
    8760   2585.
    8770   2585.
    8780   2585.
    8790   2585.
    8800   2585.
    8810   2585.
    8820   2585.
    8830   2585.
    8840   2585.
    8850   2585.
    8860   2585.
    8870   2585.
    8880   2585.
    8890   2585.
    8900   2585.
    8910   2585.
    8920   2585.
    8930   2585.
    8940   2585.
    8950   2585.
    8960   2585.
    8970   2585.
    8980   2585.
    8990   2585.
    9000   2585.
    9010   2585.
    9020   2585.
    9030   2585.
    9040   2585.
    9050   2585.
    9060   2585.
    9070   2585.
    9080   2585.
    9090   2585.
    9100   2585.
    9110   2585.
    9120   2585.
    9130   2585.
    9140   2585.
    9150   2585.
    9160   2585.
    9170   2585.
    9180   2585.
    9190   2585.
    9200   2585.
    9210   2585.
    9220   2585.
    9230   2585.
    9240   2585.
    9250   2585.
    9260   2585.
    9270   2585.
    9280   2585.
    9290   2585.
    9300   2585.
    9310   2585.
    9320   2585.
    9330   2585.
    9340   2585.
    9350   2585.
    9360   2585.
    9370   2585.
    9380   2585.
    9390   2585.
    9400   2585.
    9410   2585.
    9420   2585.
    9430   2585.
    9440   2585.
    9450   2585.
    9460   2585.
    9470   2585.
    9480   2585.
    9490   2585.
    9500   2585.
    9510   2585.
    9520   2585.
    9530   2585.
    9540   2585.
    9550   2585.
    9560   2585.
    9570   2585.
    9580   2955.
    9590   2931.
    9600   2933.
    9610   2935.
    9620   2934.
    9630   2936.
    9640   2936.
    9650   2936.
    9660   2937.
    9670   2939.
    9680   2941.
    9690   2941.
    9700   2949.
    9710   2946.
    9720   2943.
    9730   2943.
    9740   2946.
    9750   2946.
    9760   2946.
    9770   2945.
    9780   2946.
    9790   2947.
    9800   2950.
    9810   2964.
    9820   2952.
    9830   2952.
    9840   2956.
    9850   2955.
    9860   2958.
    9870   2962.
    9880   2966.
    9890   2961.
    9900   2957.
    9910   2958.
    9920   2960.
    9930   2960.
    9940   2962.
    9950   2963.
    9960   2962.
    9970   2965.
    9980   2966.
    9990   2966.
   10000   2966.
   10010   2966.
   10020   2966.
   10030   2966.
   10040   2966.
   10050   2966.
   10060   2966.
   10070   2966.
   10080   2966.
   10090   2966.
   10100   2966.
   10110   2966.
   10120   2966.
   10130   2966.
   10140   2966.
   10150   2966.
   10160   2966.
   10170   2966.
   10180   2966.
   10190   2966.
   10200   2966.
   10210   2966.
   10220   2966.
   10230   2966.
   10240   2966.
   10250   2966.
   10260   2966.
   10270   2966.
   10280   2966.
   10290   2966.
   10300   2966.
   10310   2966.
   10320   2966.
   10330   2966.
   10340   2966.
   10350   2966.
   10360   2966.
   10370   2966.
   10380   2966.
   10390   2966.
   10400   2966.
   10410   2966.
   10420   2966.
   10430   2966.
   10440   2966.
   10450   2966.
   10460   2585.
   10470   2585.
   10480   2585.
   10490   2585.
   10500   2585.
   10510   2585.
   10520   2585.
   10530   2585.
   10540   2585.
   10550   2585.
   10560   2585.
   10570   2585.
   10580   2585.
   10590   2585.
   10600   2585.
   10610   2585.
   10620   2585.
   10630   2585.
   10640   2585.
   10650   2585.
   10660   2585.
   10670   2585.
   10680   2585.
   10690   2585.
   10700   2585.
   10710   2585.
   10720   2585.
   10730   2585.
   10740   2585.
   10750   2585.
   10760   2585.
   10770   2585.
   10780   2585.
   10790   2585.
   10800   2585.
   10810   2585.
   10820   2585.
   10830   2585.
   10840   2585.
   10850   2585.
   10860   2585.
   10870   2585.
   10880   2585.
   10890   2585.
   10900   2585.
   10910   2585.
   10920   2585.
   10930   2585.
   10940   2585.
   10950   2585.
   10960   2585.
   10970   2585.
   10980   2585.
   10990   2585.
   11000   2585.
   11010   2585.
   11020   2585.
   11030   2585.
   11040   2585.
   11050   2585.
   11060   2585.
   11070   2585.
   11080   2585.
   11090   2585.
   11100   2585.
   11110   2585.
   11120   2585.
   11130   2585.
   11140   2585.
   11150   2585.
   11160   2585.
   11170   2585.
   11180   2585.
   11190   2585.
   11200   2585.
   11210   2585.
   11220   2585.
   11230   2585.
   11240   2585.
   11250   2585.
   11260   2585.
   11270   2585.
   11280   2585.
   11290   2585.
   11300   2585.
   11310   2585.
   11320   2585.
   11330   2585.
   11340   2585.
   11350   2585.
   11360   2585.
   11370   2585.
   11380   2585.
   11390   2585.
   11400   2585.
   11410   2585.
   11420   2585.
   11430   2585.
   11440   2585.
   11450   2585.
   11460   2585.
   11470   2585.
   11480   2585.
   11490   2585.
   11500   2585.
   11510   2585.
   11520   2585.
   11530   2585.
   11540   2585.
   11550   2585.
   11560   2585.
   11570   2585.
   11580   2585.
   11590   2585.
   11600   2585.
   11610   2585.
   11620   2585.
   11630   2585.
   11640   2585.
   11650   2585.
   11660   2585.
   11670   2585.
   11680   2585.
   11690   2585.
   11700   2585.
   11710   2585.
   11720   2585.
   11730   2585.
   11740   2585.
   11750   2585.
   11760   2585.
   11770   2585.
   11780   2585.
   11790   2585.
   11800   2585.
   11810   2585.
   11820   2585.
   11830   2585.
   11840   2585.
   11850   2585.
   11860   2585.
   11870   2585.
   11880   2585.
   11890   2585.
   11900   2585.
   11910   2585.
   11920   2585.
   11930   2585.
   11940   2585.
   11950   2585.
   11960   2585.
   11970   2585.
   11980   2585.
   11990   2585.
   12000   2585.
   12010   2585.
   12020   2585.
   12030   2585.
   12040   2585.
   12050   2585.
   12060   2585.
   12070   2585.
   12080   2585.
   12090   2585.
   12100   2585.
   12110   2585.
   12120   2585.
   12130   2585.
   12140   2585.
   12150   2585.
   12160   2585.
   12170   2585.
   12180   2585.
   12190   2585.
   12200   2585.
   12210   2585.
   12220   2585.
   12230   2585.
   12240   2585.
   12250   2585.
   12260   2585.
   12270   2585.
   12280   2585.
   12290   2585.
   12300   2585.
   12310   2585.
   12320   2585.
   12330   2585.
   12340   2585.
   12350   2585.
   12360   2585.
   12370   2585.
   12380   2585.
   12390   2585.
   12400   2585.
   12410   2585.
   12420   2585.
   12430   2585.
   12440   2585.
   12450   2585.
   12460   2585.
   12470   2585.
   12480   2585.
   12490   2585.
   12500   2585.
   12510   2585.
   12520   2585.
   12530   2585.
   12540   2585.
   12550   2585.
   12560   2585.
   12570   2585.
   12580   2585.
   12590   2585.
   12600   2585.
   12610   2585.
   12620   2585.
   12630   2585.
   12640   2585.
   12650   2585.
   12660   2585.
   12670   2585.
   12680   2585.
   12690   2585.
   12700   2585.
   12710   2585.
   12720   2585.
   12730   2585.
   12740   2585.
   12750   2585.
   12760   2585.
   12770   2585.
   12780   2585.
   12790   2585.
   12800   2585.
   12810   2585.
   12820   2585.
   12830   2585.
   12840   2585.
   12850   2585.
   12860   2585.
   12870   2585.
   12880   2585.
   12890   2585.
   12900   2585.
   12910   2585.
   12920   2585.
   12930   2585.
   12940   2585.
   12950   2585.
   12960   2585.
   12970   2585.
   12980   2585.
   12990   2585.
   13000   2585.
   13010   2585.
   13020   2585.
   13030   2585.
   13040   2585.
   13050   2585.
   13060   2585.
   13070   2585.
   13080   2585.
   13090   2585.
   13100   2585.
   13110   2585.
   13120   2585.
   13130   2585.
   13140   2585.
   13150   2585.
   13160   2585.
   13170   2585.
   13180   2585.
   13190   2585.
   13200   2585.
   13210   2585.
   13220   2585.
   13230   2585.
   13240   2585.
   13250   2585.
   13260   2585.
   13270   2585.
   13280   2585.
   13290   2585.
   13300   2585.
   13310   2585.
   13320   2585.
   13330   2585.
   13340   2585.
   13350   2585.
   13360   2585.
   13370   2585.
   13380   2585.
   13390   2585.
   13400   2585.
   13410   2585.
   13420   2585.
   13430   2585.
   13440   2585.
   13450   2585.
   13460   2585.
   13470   2585.
   13480   2585.
   13490   2585.
   13500   2585.
   13510   2585.
   13520   2585.
   13530   2585.
   13540   2585.
   13550   2585.
   13560   2585.
   13570   2585.
   13580   2585.
   13590   2585.
   13600   2585.
   13610   2585.
   13620   2585.
   13630   2585.
   13640   2585.
   13650   2585.
   13660   2585.
   13670   2585.
   13680   2585.
   13690   2585.
   13700   2585.
   13710   2585.
   13720   2585.
   13730   2585.
   13740   2585.
   13750   2585.
   13760   2585.
   13770   2585.
   13780   2585.
   13790   2585.
   13800   2585.
   13810   2585.
   13820   2585.
   13830   2585.
   13840   2585.
   13850   2585.
   13860   2585.
   13870   2585.
   13880   2585.
   13890   2585.
   13900   2585.
   13910   2585.
   13920   2585.
   13930   2585.
   13940   2585.
   13950   2585.
   13960   2585.
   13970   2585.
   13980   2585.
   13990   2585.
   14000   2585.
   14010   2585.
   14020   2585.
   14030   2585.
   14040   2585.
   14050   2585.
   14060   2585.
   14070   2585.
   14080   2585.
   14090   2585.
   14100   2585.
   14110   2585.
   14120   2585.
   14130   2585.
   14140   2585.
   14150   2585.
   14160   2585.
   14170   2585.
   14180   2585.
   14190   2585.
   14200   2585.
   14210   2585.
   14220   2585.
   14230   2585.
   14240   2585.
   14250   2585.
   14260   2585.
   14270   2585.
   14280   2585.
   14290   2585.
   14300   2585.
   14310   2585.
   14320   2585.
   14330   2585.
   14340   2585.
   14350   2585.
   14360   2585.
   14370   2585.
   14380   2585.
   14390   2585.
   14400   2585.
   14410   2585.
   14420   2585.
   14430   2585.
   14440   2585.
   14450   2585.
   14460   2585.
   14470   2585.
   14480   2585.
   14490   2585.
   14500   2585.
   14510   2585.
   14520   2585.
   14530   2585.
   14540   2585.
   14550   2585.
   14560   2585.
   14570   2585.
   14580   2585.
   14590   2585.
   14600   2585.
   14610   2585.
   14620   2585.
   14630   2585.
   14640   2585.
   14650   2585.
   14660   2585.
   14670   2585.
   14680   2585.
   14690   2585.
   14700   2585.
   14710   2585.
   14720   2585.
   14730   2585.
   14740   2585.
   14750   2585.
   14760   2585.
   14770   2585.
   14780   2585.
   14790   2585.
   14800   2585.
   14810   2585.
   14820   2585.
   14830   2585.
   14840   2585.
   14850   2585.
   14860   2960.
   14870   2960.
   14880   2960.
   14890   2960.
   14900   2960.
   14910   2960.
   14920   2960.
   14930   2960.
   14940   2960.
   14950   2960.
   14960   2960.
   14970   2960.
   14980   2960.
   14990   2960.
   15000   2960.
