       0      0.
      10      0.
      20      0.
      30      0.
      40      0.
      50      0.
      60      0.
      70      0.
      80      0.
      90      0.
     100      0.
     110      0.
     120      0.
     130      0.
     140      0.
     150      0.
     160      0.
     170      0.
     180      0.
     190      0.
     200      0.
     210      0.
     220      0.
     230      0.
     240      0.
     250      0.
     260      0.
     270      0.
     280      0.
     290      0.
     300      0.
     310      0.
     320      0.
     330      0.
     340      0.
     350      0.
     360      0.
     370      0.
     380      0.
     390      0.
     400      0.
     410      0.
     420      0.
     430      0.
     440      0.
     450      0.
     460      0.
     470      0.
     480      0.
     490      0.
     500      0.
     510      0.
     520      0.
     530      0.
     540      0.
     550      0.
     560      0.
     570      0.
     580      0.
     590      0.
     600      0.
     610      0.
     620      0.
     630      0.
     640      0.
     650      0.
     660      0.
     670      0.
     680      0.
     690      0.
     700      0.
     710      0.
     720      0.
     730      0.
     740      0.
     750      0.
     760      0.
     770      0.
     780      0.
     790      0.
     800      0.
     810      0.
     820      0.
     830      0.
     840      0.
     850      0.
     860      0.
     870      0.
     880      0.
     890      0.
     900      0.
     910      0.
     920      0.
     930      0.
     940    123.
     950    122.
     960    121.
     970    121.
     980    120.
     990    119.
    1000    118.
    1010    118.
    1020    119.
    1030    121.
    1040    121.
    1050    119.
    1060    118.
    1070    119.
    1080    121.
    1090    133.
    1100    146.
    1110    150.
    1120    141.
    1130    133.
    1140    133.
    1150    133.
    1160    142.
    1170    155.
    1180    171.
    1190    193.
    1200    214.
    1210    231.
    1220    247.
    1230    281.
    1240    335.
    1250    389.
    1260    437.
    1270    486.
    1280    454.
    1290    385.
    1300    323.
    1310    281.
    1320    238.
    1330    241.
    1340    249.
    1350    259.
    1360    272.
    1370    284.
    1380    296.
    1390   2544.
    1400   2360.
    1410   2554.
    1420   2570.
    1430   2575.
    1440   2531.
    1450   2401.
    1460   2439.
    1470   2386.
    1480   2457.
    1490   2444.
    1500   2435.
    1510   2497.
    1520   2579.
    1530   2370.
    1540   2537.
    1550   2455.
    1560   2525.
    1570   2354.
    1580   2497.
    1590   2533.
    1600   2382.
    1610   2462.
    1620   2548.
    1630   2571.
    1640   2440.
    1650   2448.
    1660   2555.
    1670   2557.
    1680   2463.
    1690   2370.
    1700   2533.
    1710   2462.
    1720   2464.
    1730   2387.
    1740   2409.
    1750   2495.
    1760   2392.
    1770   2567.
    1780   2419.
    1790   2501.
    1800   2463.
    1810   2454.
    1820   2356.
    1830   2460.
    1840   2418.
    1850   2449.
    1860   2585.
    1870   2585.
    1880   2585.
    1890   2585.
    1900   2585.
    1910   2585.
    1920   2585.
    1930   2585.
    1940   2585.
    1950   2585.
    1960   2585.
    1970   2585.
    1980   2585.
    1990   2585.
    2000   2585.
    2010   2585.
    2020   2585.
    2030   2585.
    2040   2585.
    2050   2585.
    2060   2585.
    2070   2585.
    2080   2585.
    2090   2585.
    2100   2585.
    2110   2585.
    2120   2585.
    2130   2585.
    2140   2585.
    2150   2585.
    2160   2585.
    2170   2585.
    2180   2585.
    2190   2585.
    2200   2585.
    2210   2585.
    2220   2585.
    2230   2585.
    2240   2585.
    2250   2585.
    2260   2585.
    2270   2585.
    2280   2585.
    2290   2585.
    2300   2585.
    2310   2585.
    2320   2585.
    2330   2585.
    2340   2585.
    2350   2585.
    2360   2585.
    2370   2585.
    2380   2585.
    2390   2585.
    2400   2585.
    2410   2585.
    2420   2585.
    2430   2585.
    2440   2585.
    2450   2585.
    2460   2585.
    2470   2585.
    2480   2585.
    2490   2585.
    2500   2585.
    2510   2585.
    2520   2585.
    2530   2585.
    2540   2585.
    2550   2585.
    2560   2585.
    2570   2585.
    2580   2585.
    2590   2585.
    2600   2585.
    2610   2585.
    2620   2585.
    2630   2585.
    2640   2585.
    2650   2585.
    2660   2585.
    2670   2585.
    2680   2585.
    2690   2585.
    2700   2585.
    2710   2585.
    2720   2585.
    2730   2585.
    2740   2585.
    2750   2585.
    2760   2585.
    2770   2585.
    2780   2585.
    2790   2585.
    2800   2585.
    2810   2585.
    2820   2585.
    2830   2585.
    2840   2585.
    2850   2585.
    2860   2585.
    2870   2585.
    2880   2585.
    2890   2585.
    2900   2585.
    2910   2585.
    2920   2585.
    2930   2585.
    2940   2585.
    2950   2585.
    2960   2585.
    2970   2585.
    2980   2585.
    2990    918.
    3000    897.
    3010    883.
    3020    875.
    3030    873.
    3040    872.
    3050    900.
    3060    928.
    3070    932.
    3080    922.
    3090    917.
    3100    934.
    3110    950.
    3120    934.
    3130    912.
    3140    902.
    3150    904.
    3160    906.
    3170    912.
    3180    917.
    3190    925.
    3200    934.
    3210    940.
    3220    942.
    3230    944.
    3240   1006.
    3250   1069.
    3260   1125.
    3270   1176.
    3280   1222.
    3290   1247.
    3300   1273.
    3310   1174.
    3320   1050.
    3330    979.
    3340    970.
    3350    962.
    3360    961.
    3370    959.
    3380    979.
    3390   1009.
    3400   1050.
    3410   1114.
    3420   1178.
    3430   1200.
    3440   1220.
    3450   1206.
    3460   1168.
    3470   1130.
    3480   1094.
    3490   1058.
    3500   1069.
    3510   1090.
    3520   1119.
    3530   1160.
    3540   1203.
    3550   1266.
    3560   1330.
    3570   1259.
    3580   1129.
    3590   1052.
    3600   1088.
    3610   1124.
    3620   1131.
    3630   1137.
    3640   1141.
    3650   1146.
    3660   1175.
    3670   1303.
    3680   1432.
    3690   1470.
    3700   1488.
    3710   1500.
    3720   1506.
    3730   1512.
    3740   1522.
    3750   1531.
    3760   1527.
    3770   1518.
    3780   1119.
    3790   1125.
    3800   1130.
    3810   1171.
    3820   1213.
    3830   1209.
    3840   1172.
    3850   1146.
    3860   1163.
    3870   1179.
    3880   1218.
    3890   1260.
    3900   1264.
    3910   1220.
    3920   1186.
    3930   1268.
    3940   1350.
    3950   1314.
    3960   1229.
    3970   1170.
    3980   1165.
    3990   1161.
    4000   1175.
    4010   1190.
    4020   1224.
    4030   1272.
    4040   1313.
    4050   1329.
    4060   1344.
    4070   1300.
    4080   1244.
    4090   1250.
    4100   1333.
    4110   1404.
    4120   1336.
    4130   1267.
    4140   1230.
    4150   1206.
    4160   1192.
    4170   1199.
    4180   1206.
    4190   1272.
    4200   1340.
    4210   1389.
    4220   1425.
    4230   1447.
    4240   1415.
    4250   1383.
    4260   1344.
    4270   1304.
    4280   1283.
    4290   1285.
    4300   1287.
    4310   1282.
    4320   1276.
    4330   1274.
    4340   1272.
    4350   1271.
    4360   1271.
    4370   1271.
    4380   1313.
    4390   1358.
    4400   1347.
    4410   1294.
    4420   1251.
    4430   1252.
    4440   1253.
    4450   1259.
    4460   1266.
    4470   1271.
    4480   1274.
    4490   1281.
    4500   1332.
    4510   1384.
    4520   1384.
    4530   1361.
    4540   1346.
    4550   1346.
    4560   1347.
    4570   1343.
    4580   1338.
    4590   1344.
    4600   1358.
    4610   1370.
    4620   1370.
    4630   1371.
    4640   1412.
    4650   1462.
    4660   1468.
    4670   1414.
    4680   1364.
    4690   1372.
    4700   1380.
    4710   1398.
    4720   1420.
    4730   1440.
    4740   1452.
    4750   1465.
    4760   1450.
    4770   1434.
    4780   1424.
    4790   1420.
    4800   1421.
    4810   1444.
    4820   1468.
    4830   1555.
    4840   1657.
    4850   1701.
    4860   1666.
    4870   1632.
    4880   1598.
    4890   1564.
    4900   1604.
    4910   1679.
    4920   1695.
    4930   1575.
    4940   1455.
    4950   1459.
    4960   1473.
    4970   1482.
    4980   1487.
    4990   1491.
    5000   1492.
    5010   1492.
    5020   1503.
    5030   1516.
    5040   1530.
    5050   1544.
    5060   1557.
    5070   1568.
    5080   1578.
    5090   1592.
    5100   1609.
    5110   1609.
    5120   1570.
    5130   1531.
    5140   1533.
    5150   1539.
    5160   1552.
    5170   1571.
    5180   1586.
    5190   1581.
    5200   1577.
    5210   1570.
    5220   1562.
    5230   1555.
    5240   1550.
    5250   1546.
    5260   1556.
    5270   1566.
    5280   1589.
    5290   1619.
    5300   1631.
    5310   1598.
    5320   1565.
    5330   1559.
    5340   1556.
    5350   1574.
    5360   1611.
    5370   1648.
    5380   1687.
    5390   1727.
    5400   1765.
    5410   1803.
    5420   1839.
    5430   1872.
    5440   1899.
    5450   1758.
    5460   1617.
    5470   1673.
    5480   1831.
    5490   1919.
    5500   1832.
    5510   1746.
    5520   1710.
    5530   1681.
    5540   1653.
    5550   1627.
    5560   1608.
    5570   1618.
    5580   1629.
    5590   1636.
    5600   1641.
    5610   1685.
    5620   1785.
    5630   1882.
    5640   1837.
    5650   1793.
    5660   1754.
    5670   1718.
    5680   1692.
    5690   1694.
    5700   1695.
    5710   1690.
    5720   1685.
    5730   1683.
    5740   1685.
    5750   1691.
    5760   1725.
    5770   1759.
    5780   1775.
    5790   1786.
    5800   1792.
    5810   2585.
    5820   2585.
    5830   2585.
    5840   2585.
    5850   2585.
    5860   2585.
    5870   2585.
    5880   2585.
    5890   2585.
    5900   2585.
    5910   2585.
    5920   2585.
    5930   2585.
    5940   2585.
    5950   2585.
    5960   2585.
    5970   2585.
    5980   2585.
    5990   2585.
    6000   2585.
    6010   2585.
    6020   2585.
    6030   2585.
    6040   2585.
    6050   2585.
    6060   2585.
    6070   2585.
    6080   2585.
    6090   2585.
    6100   2585.
    6110   2585.
    6120   2585.
    6130   2585.
    6140   2585.
    6150   2585.
    6160   2585.
    6170   2585.
    6180   2585.
    6190   2585.
    6200   2585.
    6210   2585.
    6220   2585.
    6230   2585.
    6240   2585.
    6250   2585.
    6260   2585.
    6270   2585.
    6280   2585.
    6290   2585.
    6300   2585.
    6310   2585.
    6320   2585.
    6330   2585.
    6340   2585.
    6350   2585.
    6360   2585.
    6370   2585.
    6380   2585.
    6390   2585.
    6400   2585.
    6410   2585.
    6420   2585.
    6430   2585.
    6440   2585.
    6450   2585.
    6460   2585.
    6470   2585.
    6480   2585.
    6490   2585.
    6500   2585.
    6510   2585.
    6520   2585.
    6530   2585.
    6540   2585.
    6550   2585.
    6560   2585.
    6570   2585.
    6580   2585.
    6590   2585.
    6600   2585.
    6610   2585.
    6620   2585.
    6630   2585.
    6640   2585.
    6650   2585.
    6660   2585.
    6670   2585.
    6680   2585.
    6690   2585.
    6700   2585.
    6710   2585.
    6720   2585.
    6730   2585.
    6740   2585.
    6750   2585.
    6760   2585.
    6770   2585.
    6780   2585.
    6790   2585.
    6800   2585.
    6810   2585.
    6820   2585.
    6830   2585.
    6840   2585.
    6850   2585.
    6860   2585.
    6870   2585.
    6880   2585.
    6890   2585.
    6900   2585.
    6910   2585.
    6920   2585.
    6930   2585.
    6940   2585.
    6950   2585.
    6960   2585.
    6970   2585.
    6980   2585.
    6990   2585.
    7000   2585.
    7010   2585.
    7020   2585.
    7030   2585.
    7040   2585.
    7050   2585.
    7060   2585.
    7070   2585.
    7080   2585.
    7090   2585.
    7100   2585.
    7110   2585.
    7120   2585.
    7130   2585.
    7140   2585.
    7150   2585.
    7160   2585.
    7170   2585.
    7180   2585.
    7190   2585.
    7200   2585.
    7210   2585.
    7220   2585.
    7230   2585.
    7240   2585.
    7250   2585.
    7260   2585.
    7270   2585.
    7280   2585.
    7290   2585.
    7300   2585.
    7310   2585.
    7320   2585.
    7330   2585.
    7340   2585.
    7350   2585.
    7360   2585.
    7370   2585.
    7380   2585.
    7390   2585.
    7400   2585.
    7410   2585.
    7420   2585.
    7430   2585.
    7440   2585.
    7450   2585.
    7460   2585.
    7470   2585.
    7480   2585.
    7490   2585.
    7500   2585.
    7510   2585.
    7520   2585.
    7530   2585.
    7540   2585.
    7550   2585.
    7560   2585.
    7570   2585.
    7580   2585.
    7590   2585.
    7600   2585.
    7610   2585.
    7620   2585.
    7630   2585.
    7640   2585.
    7650   2585.
    7660   2585.
    7670   2585.
    7680   2585.
    7690   2585.
    7700   2585.
    7710   2585.
    7720   2585.
    7730   2585.
    7740   2585.
    7750   2585.
    7760   2585.
    7770   2585.
    7780   2585.
    7790   2585.
    7800   2585.
    7810   2585.
    7820   2585.
    7830   2585.
    7840   2585.
    7850   2585.
    7860   2585.
    7870   2585.
    7880   2585.
    7890   2585.
    7900   2585.
    7910   2585.
    7920   2585.
    7930   2585.
    7940   2585.
    7950   2585.
    7960   2585.
    7970   2585.
    7980   2445.
    7990   2501.
    8000   2443.
    8010   2884.
    8020   2885.
    8030   2890.
    8040   2907.
    8050   2934.
    8060   2950.
    8070   2946.
    8080   2922.
    8090   2917.
    8100   2909.
    8110   2898.
    8120   2895.
    8130   2895.
    8140   2897.
    8150   2897.
    8160   2898.
    8170   2899.
    8180   2900.
    8190   2903.
    8200   2903.
    8210   2904.
    8220   2907.
    8230   2920.
    8240   2952.
    8250   2943.
    8260   2917.
    8270   2937.
    8280   2938.
    8290   2918.
    8300   2912.
    8310   2916.
    8320   2920.
    8330   2916.
    8340   2918.
    8350   2917.
    8360   2916.
    8370   2917.
    8380   2918.
    8390   2921.
    8400   2923.
    8410   2923.
    8420   2926.
    8430   2932.
    8440   2926.
    8450   2925.
    8460   2927.
    8470   2934.
    8480   2929.
    8490   2928.
    8500   2928.
    8510   2929.
    8520   2929.
    8530   2931.
    8540   2935.
    8550   2936.
    8560   2934.
    8570   2936.
    8580   2937.
    8590   2937.
    8600   2941.
    8610   2948.
    8620   2959.
    8630   2965.
    8640   2945.
    8650   2944.
    8660   2943.
    8670   2944.
    8680   2944.
    8690   2948.
    8700   2950.
    8710   2954.
    8720   2962.
    8730   2966.
    8740   2966.
    8750   2966.
    8760   2966.
    8770   2965.
    8780   2960.
    8790   2955.
    8800   2955.
    8810   2953.
    8820   2954.
    8830   2960.
    8840   2963.
    8850   2965.
    8860   2961.
    8870   2959.
    8880   2962.
    8890   2966.
    8900   2966.
    8910   2966.
    8920   2966.
    8930   2966.
    8940   2965.
    8950   2963.
    8960   2964.
    8970   2966.
    8980   2966.
    8990   2966.
    9000   2966.
    9010   2966.
    9020   2966.
    9030   2966.
    9040   2966.
    9050   2966.
    9060   2966.
    9070   2966.
    9080   2966.
    9090   2966.
    9100   2966.
    9110   2966.
    9120   2966.
    9130   2966.
    9140   2966.
    9150   2966.
    9160   2966.
    9170   2966.
    9180   2966.
    9190   2966.
    9200   2966.
    9210   2966.
    9220   2966.
    9230   2966.
    9240   2966.
    9250   2966.
    9260   2966.
    9270   2585.
    9280   2585.
    9290   2585.
    9300   2585.
    9310   2585.
    9320   2585.
    9330   2585.
    9340   2585.
    9350   2585.
    9360   2585.
    9370   2585.
    9380   2585.
    9390   2585.
    9400   2585.
    9410   2585.
    9420   2585.
    9430   2585.
    9440   2585.
    9450   2585.
    9460   2585.
    9470   2585.
    9480   2585.
    9490   2585.
    9500   2585.
    9510   2585.
    9520   2585.
    9530   2585.
    9540   2585.
    9550   2585.
    9560   2585.
    9570   2585.
    9580   2585.
    9590   2585.
    9600   2585.
    9610   2585.
    9620   2585.
    9630   2585.
    9640   2585.
    9650   2585.
    9660   2585.
    9670   2585.
    9680   2585.
    9690   2585.
    9700   2585.
    9710   2585.
    9720   2585.
    9730   2585.
    9740   2585.
    9750   2585.
    9760   2585.
    9770   2585.
    9780   2585.
    9790   2585.
    9800   2585.
    9810   2585.
    9820   2585.
    9830   2585.
    9840   2585.
    9850   2585.
    9860   2585.
    9870   2585.
    9880   2585.
    9890   2585.
    9900   2585.
    9910   2585.
    9920   2585.
    9930   2585.
    9940   2585.
    9950   2585.
    9960   2585.
    9970   2585.
    9980   2585.
    9990   2585.
   10000   2585.
   10010   2585.
   10020   2585.
   10030   2585.
   10040   2585.
   10050   2585.
   10060   2585.
   10070   2585.
   10080   2585.
   10090   2585.
   10100   2585.
   10110   2585.
   10120   2585.
   10130   2585.
   10140   2585.
   10150   2585.
   10160   2585.
   10170   2585.
   10180   2585.
   10190   2585.
   10200   2585.
   10210   2585.
   10220   2585.
   10230   2585.
   10240   2585.
   10250   2585.
   10260   2585.
   10270   2585.
   10280   2585.
   10290   2585.
   10300   2585.
   10310   2585.
   10320   2585.
   10330   2585.
   10340   2585.
   10350   2585.
   10360   2585.
   10370   2585.
   10380   2585.
   10390   2585.
   10400   2585.
   10410   2585.
   10420   2585.
   10430   2585.
   10440   2585.
   10450   2585.
   10460   2585.
   10470   2585.
   10480   2585.
   10490   2585.
   10500   2585.
   10510   2585.
   10520   2585.
   10530   2585.
   10540   2585.
   10550   2585.
   10560   2585.
   10570   2585.
   10580   2585.
   10590   2585.
   10600   2585.
   10610   2585.
   10620   2585.
   10630   2585.
   10640   2585.
   10650   2585.
   10660   2585.
   10670   2585.
   10680   2585.
   10690   2585.
   10700   2585.
   10710   2585.
   10720   2585.
   10730   2585.
   10740   2585.
   10750   2585.
   10760   2585.
   10770   2585.
   10780   2585.
   10790   2585.
   10800   2585.
   10810   2585.
   10820   2585.
   10830   2585.
   10840   2585.
   10850   2585.
   10860   2585.
   10870   2585.
   10880   2585.
   10890   2585.
   10900   2585.
   10910   2585.
   10920   2585.
   10930   2585.
   10940   2585.
   10950   2585.
   10960   2585.
   10970   2585.
   10980   2585.
   10990   2585.
   11000   2585.
   11010   2585.
   11020   2585.
   11030   2585.
   11040   2585.
   11050   2585.
   11060   2585.
   11070   2585.
   11080   2585.
   11090   2585.
   11100   2585.
   11110   2585.
   11120   2585.
   11130   2585.
   11140   2585.
   11150   2585.
   11160   2585.
   11170   2585.
   11180   2585.
   11190   2585.
   11200   2585.
   11210   2585.
   11220   2585.
   11230   2585.
   11240   2585.
   11250   2585.
   11260   2585.
   11270   2585.
   11280   2585.
   11290   2585.
   11300   2585.
   11310   2585.
   11320   2585.
   11330   2585.
   11340   2585.
   11350   2585.
   11360   2585.
   11370   2585.
   11380   2585.
   11390   2585.
   11400   2585.
   11410   2585.
   11420   2585.
   11430   2585.
   11440   2585.
   11450   2585.
   11460   2585.
   11470   2585.
   11480   2585.
   11490   2585.
   11500   2585.
   11510   2585.
   11520   2585.
   11530   2585.
   11540   2585.
   11550   2585.
   11560   2585.
   11570   2585.
   11580   2585.
   11590   2585.
   11600   2585.
   11610   2585.
   11620   2585.
   11630   2585.
   11640   2585.
   11650   2585.
   11660   2585.
   11670   2585.
   11680   2585.
   11690   2585.
   11700   2585.
   11710   2585.
   11720   2585.
   11730   2585.
   11740   2585.
   11750   2585.
   11760   2585.
   11770   2585.
   11780   2585.
   11790   2585.
   11800   2585.
   11810   2585.
   11820   2585.
   11830   2585.
   11840   2585.
   11850   2585.
   11860   2585.
   11870   2585.
   11880   2585.
   11890   2585.
   11900   2585.
   11910   2585.
   11920   2585.
   11930   2585.
   11940   2585.
   11950   2585.
   11960   2585.
   11970   2585.
   11980   2585.
   11990   2585.
   12000   2585.
   12010   2585.
   12020   2585.
   12030   2585.
   12040   2585.
   12050   2585.
   12060   2585.
   12070   2585.
   12080   2585.
   12090   2585.
   12100   2585.
   12110   2585.
   12120   2585.
   12130   2585.
   12140   2585.
   12150   2585.
   12160   2585.
   12170   2585.
   12180   2585.
   12190   2585.
   12200   2585.
   12210   2585.
   12220   2585.
   12230   2585.
   12240   2585.
   12250   2585.
   12260   2585.
   12270   2585.
   12280   2585.
   12290   2585.
   12300   2585.
   12310   2585.
   12320   2585.
   12330   2585.
   12340   2585.
   12350   2585.
   12360   2585.
   12370   2585.
   12380   2585.
   12390   2585.
   12400   2585.
   12410   2585.
   12420   2585.
   12430   2585.
   12440   2585.
   12450   2585.
   12460   2585.
   12470   2585.
   12480   2585.
   12490   2585.
   12500   2585.
   12510   2585.
   12520   2585.
   12530   2585.
   12540   2585.
   12550   2585.
   12560   2585.
   12570   2585.
   12580   2585.
   12590   2585.
   12600   2585.
   12610   2585.
   12620   2585.
   12630   2585.
   12640   2585.
   12650   2585.
   12660   2585.
   12670   2585.
   12680   2585.
   12690   2585.
   12700   2585.
   12710   2585.
   12720   2585.
   12730   2585.
   12740   2585.
   12750   2585.
   12760   2585.
   12770   2585.
   12780   2585.
   12790   2585.
   12800   2585.
   12810   2585.
   12820   2585.
   12830   2585.
   12840   2585.
   12850   2585.
   12860   2585.
   12870   2585.
   12880   2585.
   12890   2585.
   12900   2585.
   12910   2585.
   12920   2585.
   12930   2585.
   12940   2585.
   12950   2585.
   12960   2585.
   12970   2585.
   12980   2585.
   12990   2585.
   13000   2585.
   13010   2585.
   13020   2585.
   13030   2585.
   13040   2585.
   13050   2585.
   13060   2585.
   13070   2585.
   13080   2585.
   13090   2585.
   13100   2585.
   13110   2585.
   13120   2585.
   13130   2585.
   13140   2585.
   13150   2585.
   13160   2585.
   13170   2585.
   13180   2585.
   13190   2585.
   13200   2585.
   13210   2585.
   13220   2585.
   13230   2585.
   13240   2585.
   13250   2585.
   13260   2585.
   13270   2585.
   13280   2585.
   13290   2585.
   13300   2585.
   13310   2585.
   13320   2585.
   13330   2585.
   13340   2585.
   13350   2585.
   13360   2585.
   13370   2585.
   13380   2585.
   13390   2585.
   13400   2585.
   13410   2585.
   13420   2585.
   13430   2585.
   13440   2585.
   13450   2585.
   13460   2585.
   13470   2585.
   13480   2585.
   13490   2585.
   13500   2585.
   13510   2585.
   13520   2585.
   13530   2585.
   13540   2585.
   13550   2585.
   13560   2585.
   13570   2585.
   13580   2585.
   13590   2585.
   13600   2585.
   13610   2585.
   13620   2585.
   13630   2585.
   13640   2585.
   13650   2585.
   13660   2585.
   13670   2585.
   13680   2585.
   13690   2585.
   13700   2585.
   13710   2585.
   13720   2585.
   13730   2585.
   13740   2585.
   13750   2585.
   13760   2585.
   13770   2585.
   13780   2585.
   13790   2585.
   13800   2585.
   13810   2585.
   13820   2585.
   13830   2585.
   13840   2585.
   13850   2585.
   13860   2585.
   13870   2585.
   13880   2585.
   13890   2585.
   13900   2585.
   13910   2585.
   13920   2585.
   13930   2585.
   13940   2585.
   13950   2585.
   13960   2585.
   13970   2585.
   13980   2585.
   13990   2585.
   14000   2585.
   14010   2585.
   14020   2585.
   14030   2585.
   14040   2585.
   14050   2585.
   14060   2585.
   14070   2585.
   14080   2585.
   14090   2585.
   14100   2585.
   14110   2585.
   14120   2585.
   14130   2585.
   14140   2585.
   14150   2585.
   14160   2585.
   14170   2585.
   14180   2585.
   14190   2585.
   14200   2585.
   14210   2585.
   14220   2585.
   14230   2585.
   14240   2585.
   14250   2585.
   14260   2585.
   14270   2585.
   14280   2585.
   14290   2585.
   14300   2585.
   14310   2585.
   14320   2585.
   14330   2585.
   14340   2585.
   14350   2585.
   14360   2585.
   14370   2585.
   14380   2585.
   14390   2585.
   14400   2585.
   14410   2585.
   14420   2585.
   14430   2585.
   14440   2585.
   14450   2585.
   14460   2585.
   14470   2585.
   14480   2585.
   14490   2585.
   14500   2585.
   14510   2585.
   14520   2585.
   14530   2585.
   14540   2585.
   14550   2585.
   14560   2585.
   14570   2585.
   14580   2585.
   14590   2585.
   14600   2585.
   14610   2585.
   14620   2585.
   14630   2585.
   14640   2585.
   14650   2585.
   14660   2585.
   14670   2585.
   14680   2585.
   14690   2585.
   14700   2585.
   14710   2585.
   14720   2585.
   14730   2585.
   14740   2585.
   14750   2585.
   14760   2585.
   14770   2585.
   14780   2585.
   14790   2585.
   14800   2585.
   14810   2585.
   14820   2585.
   14830   2585.
   14840   2585.
   14850   2585.
   14860   2960.
   14870   2960.
   14880   2960.
   14890   2960.
   14900   2960.
   14910   2960.
   14920   2960.
   14930   2960.
   14940   2960.
   14950   2960.
   14960   2960.
   14970   2960.
   14980   2960.
   14990   2960.
   15000   2960.
