       0  0.0000
      10  0.0000
      20  0.0000
      30  0.0000
      40  0.0000
      50  0.0000
      60  0.0000
      70  0.0000
      80  0.0000
      90  0.0000
     100  0.0000
     110  0.0000
     120  0.0000
     130  0.0000
     140  0.0000
     150  0.0000
     160  0.0000
     170  0.0000
     180  0.0000
     190  0.0000
     200  0.0000
     210  0.0000
     220  0.0000
     230  0.0000
     240  0.0000
     250  0.0000
     260  0.0000
     270  0.0000
     280  0.0000
     290  0.0000
     300  0.0000
     310  0.0000
     320  0.0000
     330  0.0000
     340  0.0000
     350  0.0000
     360  0.0000
     370  0.0000
     380  0.0000
     390  0.0000
     400  0.0000
     410  0.0000
     420  0.0000
     430  0.0000
     440  0.0000
     450  0.0000
     460  0.0000
     470  0.0000
     480  0.0000
     490  0.0000
     500  0.0000
     510  0.0000
     520  0.0000
     530  0.0000
     540  0.0000
     550  0.0000
     560  0.0000
     570  0.0000
     580  0.0000
     590  0.0000
     600  0.0000
     610  0.0000
     620  0.0000
     630  0.0000
     640  0.0000
     650  0.0000
     660  0.0000
     670  0.0000
     680  0.0000
     690  0.0000
     700  0.0000
     710  0.0000
     720  0.0000
     730  0.0000
     740  0.0000
     750  0.0000
     760  0.0000
     770  0.0000
     780  0.0000
     790  0.0000
     800  0.0000
     810  0.0000
     820  0.0000
     830  0.0000
     840  0.0000
     850  0.0000
     860  0.0000
     870  0.0000
     880  0.0000
     890  0.0000
     900  0.0000
     910  0.0000
     920  0.0000
     930  0.0000
     940  0.0000
     950  0.0000
     960  0.0000
     970  0.0000
     980  0.0000
     990  0.0000
    1000  0.0000
    1010  0.0000
    1020  0.0000
    1030  0.0000
    1040  0.0000
    1050  0.0000
    1060  0.0000
    1070  0.0000
    1080  0.0000
    1090  0.0000
    1100  0.0000
    1110  0.0000
    1120  0.0000
    1130  0.0000
    1140  0.0000
    1150  0.0000
    1160  0.0000
    1170  0.0000
    1180  0.0000
    1190  0.0000
    1200  0.0000
    1210  0.0000
    1220  0.0000
    1230  0.0000
    1240  0.0000
    1250  0.0000
    1260  0.0000
    1270  0.0000
    1280  0.0000
    1290  0.0000
    1300  0.0000
    1310  0.0000
    1320  0.0000
    1330  0.0000
    1340  0.0000
    1350  0.0000
    1360  0.0000
    1370  0.0000
    1380  0.0000
    1390  0.0000
    1400  0.0000
    1410  0.0000
    1420  0.8058
    1430  0.8222
    1440  0.8385
    1450  0.8463
    1460  0.8221
    1470  0.7978
    1480  0.7735
    1490  0.7546
    1500  0.7391
    1510  0.7238
    1520  0.7140
    1530  0.7832
    1540  0.8522
    1550  0.9210
    1560  0.9435
    1570  0.9178
    1580  0.8923
    1590  0.8669
    1600  0.8461
    1610  0.8256
    1620  0.8050
    1630  0.8056
    1640  0.8476
    1650  0.8897
    1660  0.9318
    1670  0.9351
    1680  0.9265
    1690  0.9180
    1700  0.9147
    1710  0.9337
    1720  0.9528
    1730  0.9719
    1740  0.9534
    1750  0.9119
    1760  0.8703
    1770  0.8321
    1780  0.8662
    1790  0.9002
    1800  0.9343
    1810  0.9528
    1820  0.9540
    1830  0.9551
    1840  0.9563
    1850  0.9496
    1860  0.9419
    1870  0.9342
    1880  0.9336
    1890  0.9475
    1900  0.9613
    1910  0.9752
    1920  0.8158
    1930  0.5992
    1940  0.3826
    1950  0.1979
    1960  0.1608
    1970  0.1240
    1980  0.0873
    1990  0.2084
    2000  0.4323
    2010  0.6562
    2020  0.8739
    2030  0.9069
    2040  0.9399
    2050  0.9728
    2060  0.9901
    2070  0.9891
    2080  0.9881
    2090  0.9871
    2100  0.9076
    2110  0.8182
    2120  0.7289
    2130  0.6393
    2140  0.5497
    2150  0.4601
    2160  0.3705
    2170  0.4748
    2180  0.6467
    2190  0.8185
    2200  0.9613
    2210  0.9603
    2220  0.9594
    2230  0.9584
    2240  0.9579
    2250  0.9578
    2260  0.9576
    2270  0.9577
    2280  0.9675
    2290  0.9772
    2300  0.9870
    2310  0.9918
    2320  0.9907
    2330  0.9896
    2340  0.9885
    2350  0.9746
    2360  0.9590
    2370  0.9433
    2380  0.9319
    2390  0.9304
    2400  0.9288
    2410  0.9272
    2420  0.9400
    2430  0.9579
    2440  0.9759
    2450  0.9904
    2460  0.9872
    2470  0.9839
    2480  0.9807
    2490  0.9778
    2500  0.9753
    2510  0.9728
    2520  0.9703
    2530  0.9694
    2540  0.9686
    2550  0.9678
    2560  0.9621
    2570  0.9506
    2580  0.9390
    2590  0.9275
    2600  0.9133
    2610  0.8988
    2620  0.8842
    2630  0.8834
    2640  0.9136
    2650  0.9438
    2660  0.9740
    2670  0.9856
    2680  0.9904
    2690  0.9953
    2700  0.9994
    2710  0.9995
    2720  0.9996
    2730  0.9998
    2740  0.9987
    2750  0.9970
    2760  0.9952
    2770  0.9934
    2780  0.9919
    2790  0.9903
    2800  0.9888
    2810  0.8977
    2820  0.6999
    2830  0.5021
    2840  0.3038
    2850  0.2731
    2860  0.2639
    2870  0.2547
    2880  0.2956
    2890  0.4447
    2900  0.5937
    2910  0.7432
    2920  0.7635
    2930  0.7400
    2940  0.7166
    2950  0.7094
    2960  0.7781
    2970  0.8466
    2980  0.9152
    2990  0.9457
    3000  0.9517
    3010  0.9578
    3020  0.9637
    3030  0.9620
    3040  0.9602
    3050  0.9584
    3060  0.9613
    3070  0.9696
    3080  0.9780
    3090  0.9863
    3100  0.9835
    3110  0.9793
    3120  0.9752
    3130  0.9228
    3140  0.7717
    3150  0.6206
    3160  0.4692
    3170  0.5104
    3180  0.6130
    3190  0.7159
    3200  0.8006
    3210  0.8067
    3220  0.8128
    3230  0.8189
    3240  0.7872
    3250  0.7324
    3260  0.6777
    3270  0.6291
    3280  0.6904
    3290  0.7516
    3300  0.8129
    3310  0.8476
    3320  0.8539
    3330  0.8602
    3340  0.8665
    3350  0.8746
    3360  0.8827
    3370  0.8909
    3380  0.8793
    3390  0.8302
    3400  0.7810
    3410  0.7318
    3420  0.7671
    3430  0.8269
    3440  0.8868
    3450  0.9289
    3460  0.9035
    3470  0.8779
    3480  0.8523
    3490  0.8574
    3500  0.8799
    3510  0.9025
    3520  0.9236
    3530  0.9248
    3540  0.9259
    3550  0.9272
    3560  0.9308
    3570  0.9367
    3580  0.9427
    3590  0.9487
    3600  0.9611
    3610  0.9739
    3620  0.9867
    3630  0.9945
    3640  0.9940
    3650  0.9934
    3660  0.9928
    3670  0.9910
    3680  0.9889
    3690  0.9867
    3700  0.9728
    3710  0.9197
    3720  0.8664
    3730  0.8131
    3740  0.7961
    3750  0.7975
    3760  0.7989
    3770  0.8009
    3780  0.8081
    3790  0.8152
    3800  0.8224
    3810  0.8498
    3820  0.8953
    3830  0.9409
    3840  0.9864
    3850  0.9808
    3860  0.9733
    3870  0.9657
    3880  0.9539
    3890  0.9356
    3900  0.9173
    3910  0.8991
    3920  0.8467
    3930  0.7873
    3940  0.7277
    3950  0.6803
    3960  0.6671
    3970  0.6539
    3980  0.6407
    3990  0.5746
    4000  0.4850
    4010  0.3951
    4020  0.3110
    4030  0.2667
    4040  0.2223
    4050  0.1779
    4060  0.1645
    4070  0.1752
    4080  0.1859
    4090  0.1966
    4100  0.1784
    4110  0.1601
    4120  0.1417
    4130  0.1358
    4140  0.1463
    4150  0.1568
    4160  0.1673
    4170  0.1858
    4180  0.2055
    4190  0.2252
    4200  0.2881
    4210  0.4537
    4220  0.6198
    4230  0.7857
    4240  0.8292
    4250  0.8274
    4260  0.8256
    4270  0.8247
    4280  0.8285
    4290  0.8323
    4300  0.8361
    4310  0.8015
    4320  0.7407
    4330  0.6797
    4340  0.6228
    4350  0.6899
    4360  0.7572
    4370  0.8245
    4380  0.8404
    4390  0.7978
    4400  0.7555
    4410  0.7135
    4420  0.6641
    4430  0.6136
    4440  0.5628
    4450  0.5584
    4460  0.6457
    4470  0.7332
    4480  0.8206
    4490  0.8515
    4500  0.8657
    4510  0.8799
    4520  0.8939
    4530  0.9070
    4540  0.9202
    4550  0.9335
    4560  0.9363
    4570  0.9332
    4580  0.9300
    4590  0.9268
    4600  0.9239
    4610  0.9210
    4620  0.9181
    4630  0.9234
    4640  0.9365
    4650  0.9495
    4660  0.9626
    4670  0.9123
    4680  0.8583
    4690  0.8044
    4700  0.7882
    4710  0.8330
    4720  0.8779
    4730  0.9226
    4740  0.9456
    4750  0.9638
    4760  0.9819
    4770  0.9949
    4780  0.9927
    4790  0.9906
    4800  0.9885
    4810  0.9865
    4820  0.9845
    4830  0.9826
    4840  0.9808
    4850  0.9800
    4860  0.9791
    4870  0.9782
    4880  0.9777
    4890  0.9774
    4900  0.9772
    4910  0.9769
    4920  0.9726
    4930  0.9682
    4940  0.9638
    4950  0.8900
    4960  0.7247
    4970  0.5593
    4980  0.3940
    4990  0.3313
    5000  0.2840
    5010  0.2369
    5020  0.2666
    5030  0.4712
    5040  0.6758
    5050  0.8801
    5060  0.9432
    5070  0.9573
    5080  0.9714
    5090  0.9835
    5100  0.9853
    5110  0.9872
    5120  0.9891
    5130  0.9507
    5140  0.8870
    5150  0.8234
    5160  0.7567
    5170  0.6324
    5180  0.5081
    5190  0.3839
    5200  0.3891
    5210  0.5299
    5220  0.6706
    5230  0.8113
    5240  0.8632
    5250  0.9080
    5260  0.9527
    5270  0.9725
    5280  0.9484
    5290  0.9243
    5300  0.9002
    5310  0.8264
    5320  0.7404
    5330  0.6544
    5340  0.6059
    5350  0.6777
    5360  0.7495
    5370  0.8213
    5380  0.8625
    5390  0.8889
    5400  0.9153
    5410  0.9395
    5420  0.9471
    5430  0.9546
    5440  0.9622
    5450  0.9703
    5460  0.9790
    5470  0.9877
    5480  0.9964
    5490  0.7638
    5500  0.5285
    5510  0.2932
    5520  0.1528
    5530  0.1405
    5540  0.1283
    5550  0.1160
    5560  0.1025
    5570  0.0889
    5580  0.0752
    5590  0.0691
    5600  0.0804
    5610  0.0917
    5620  0.1029
    5630  0.0992
    5640  0.0901
    5650  0.0811
    5660  0.8265
    5670  0.8258
    5680  0.8251
    5690  0.7515
    5700  0.6325
    5710  0.5454
    5720  0.7253
    5730  0.9052
    5740  0.9734
    5750  0.9663
    5760  0.9471
    5770  0.8023
    5780  0.6574
    5790  0.6772
    5800  0.8167
    5810  0.9456
    5820  0.9320
    5830  0.9184
    5840  0.9120
    5850  0.9111
    5860  0.9117
    5870  0.9390
    5880  0.9664
    5890  0.9483
    5900  0.8916
    5910  0.8337
    5920  0.7385
    5930  0.6433
    5940  0.6338
    5950  0.7027
    5960  0.7717
    5970  0.8510
    5980  0.9303
    5990  0.9176
    6000  0.8144
    6010  0.7113
    6020  0.8048
    6030  0.8993
    6040  0.9412
    6050  0.9272
    6060  0.9132
    6070  0.9219
    6080  0.9312
    6090  0.8817
    6100  0.7650
    6110  0.6484
    6120  0.4975
    6130  0.3451
    6140  0.3273
    6150  0.4751
    6160  0.6229
    6170  0.5575
    6180  0.4782
    6190  0.5284
    6200  0.7506
    6210  0.9727
    6220  0.9922
    6230  0.9941
    6240  0.9939
    6250  0.9907
    6260  0.9874
    6270  0.9427
    6280  0.8934
    6290  0.8673
    6300  0.8774
    6310  0.8874
    6320  0.8910
    6330  0.8938
    6340  0.9062
    6350  0.9348
    6360  0.9633
    6370  0.9736
    6380  0.9809
    6390  0.9756
    6400  0.9471
    6410  0.9186
    6420  0.7873
    6430  0.6373
    6440  0.5922
    6450  0.7546
    6460  0.9169
    6470  0.9489
    6480  0.9538
    6490  0.9567
    6500  0.9554
    6510  0.9541
    6520  0.9508
    6530  0.9469
    6540  0.9416
    6550  0.9327
    6560  0.9238
    6570  0.8539
    6580  0.7677
    6590  0.7370
    6600  0.8485
    6610  0.9601
    6620  0.9805
    6630  0.9739
    6640  0.9698
    6650  0.9730
    6660  0.9762
    6670  0.8555
    6680  0.6940
    6690  0.6113
    6700  0.7740
    6710  0.9368
    6720  0.9734
    6730  0.9643
    6740  0.9412
    6750  0.8700
    6760  0.7988
    6770  0.5938
    6780  0.3353
    6790  0.1408
    6800  0.1931
    6810  0.2453
    6820  0.2444
    6830  0.2204
    6840  0.2514
    6850  0.5215
    6860  0.7916
    6870  0.8983
    6880  0.9273
    6890  0.9392
    6900  0.8666
    6910  0.7941
    6920  0.7939
    6930  0.8310
    6940  0.8702
    6950  0.9207
    6960  0.9712
    6970  0.9756
    6980  0.9540
    6990  0.9286
    7000  0.8783
    7010  0.8279
    7020  0.8162
    7030  0.8279
    7040  0.8436
    7050  0.8905
    7060  0.9375
    7070  0.9557
    7080  0.9550
    7090  0.9537
    7100  0.9470
    7110  0.9402
    7120  0.9450
    7130  0.9580
    7140  0.9708
    7150  0.9806
    7160  0.9903
    7170  0.9955
    7180  0.9973
    7190  0.9987
    7200  0.9959
    7210  0.9931
    7220  0.9915
    7230  0.9910
    7240  0.9905
    7250  0.9898
    7260  0.9892
    7270  0.9899
    7280  0.9918
    7290  0.9937
    7300  0.9945
    7310  0.9953
    7320  0.9517
    7330  0.8653
    7340  0.7788
    7350  0.5931
    7360  0.4073
    7370  0.2855
    7380  0.2301
    7390  0.1747
    7400  0.1557
    7410  0.1374
    7420  0.2894
    7430  0.6316
    7440  0.9738
    7450  0.8105
    7460  0.6278
    7470  0.4431
    7480  0.2560
    7490  0.0688
    7500  0.3432
    7510  0.6448
    7520  0.8458
    7530  0.9162
    7540  0.9866
    7550  0.9670
    7560  0.9402
    7570  0.9316
    7580  0.9485
    7590  0.9653
    7600  0.9428
    7610  0.9162
    7620  0.8594
    7630  0.7568
    7640  0.6543
    7650  0.7661
    7660  0.9048
    7670  0.9780
    7680  0.9439
    7690  0.9097
    7700  0.9322
    7710  0.9631
    7720  0.9823
    7730  0.9808
    7740  0.9793
    7750  0.9310
    7760  0.8746
    7770  0.8049
    7780  0.7100
    7790  0.6150
    7800  0.6056
    7810  0.6134
    7820  0.6648
    7830  0.8076
    7840  0.0000
    7850  0.0000
    7860  0.0000
    7870  0.0000
    7880  0.0000
    7890  0.0000
    7900  0.0000
    7910  0.0000
    7920  0.0000
    7930  0.0000
    7940  0.0000
    7950  0.0000
    7960  0.0000
    7970  0.0000
    7980  0.0000
    7990  0.0000
    8000  0.0000
    8010  0.0000
    8020  0.0000
    8030  0.0000
    8040  0.0000
    8050  0.0000
    8060  0.0000
    8070  0.0000
    8080  0.0000
    8090  0.0000
    8100  0.0000
    8110  0.0000
    8120  0.0000
    8130  0.0000
    8140  0.0000
    8150  0.0000
    8160  0.0000
    8170  0.0000
    8180  0.0000
    8190  0.0000
    8200  0.0000
    8210  0.0000
    8220  0.0000
    8230  0.0000
    8240  0.0000
    8250  0.0000
    8260  0.0000
    8270  0.0000
    8280  0.0000
    8290  0.0000
    8300  0.0000
    8310  0.0000
    8320  0.0000
    8330  0.0000
    8340  0.0000
    8350  0.0000
    8360  0.0000
    8370  0.0000
    8380  0.0000
    8390  0.0000
    8400  0.0000
    8410  0.0000
    8420  0.0000
    8430  0.0000
    8440  0.0000
    8450  0.0000
    8460  0.0000
    8470  0.0000
    8480  0.0000
    8490  0.0000
    8500  0.0000
    8510  0.0000
    8520  0.0000
    8530  0.0000
    8540  0.0000
    8550  0.0000
    8560  0.0000
    8570  0.0000
    8580  0.0000
    8590  0.0000
    8600  0.0000
    8610  0.0000
    8620  0.0000
    8630  0.0000
    8640  0.0000
    8650  0.0000
    8660  0.0000
    8670  0.0000
    8680  0.0000
    8690  0.0000
    8700  0.0000
    8710  0.0000
    8720  0.0000
    8730  0.0000
    8740  0.0000
    8750  0.0000
    8760  0.0000
    8770  0.0000
    8780  0.0000
    8790  0.0000
    8800  0.0000
    8810  0.0000
    8820  0.0000
    8830  0.0000
    8840  0.0000
    8850  0.0000
    8860  0.0000
    8870  0.0000
    8880  0.0000
    8890  0.0000
    8900  0.0000
    8910  0.0000
    8920  0.0000
    8930  0.0000
    8940  0.0000
    8950  0.0000
    8960  0.0000
    8970  0.0000
    8980  0.0000
    8990  0.0000
    9000  0.0000
    9010  0.0000
    9020  0.0000
    9030  0.0000
    9040  0.0000
    9050  0.0000
    9060  0.0000
    9070  0.0000
    9080  0.0000
    9090  0.0000
    9100  0.0000
    9110  0.0000
    9120  0.0000
    9130  0.0000
    9140  0.0000
    9150  0.0000
    9160  0.0000
    9170  0.0000
    9180  0.0000
    9190  0.0000
    9200  0.0000
    9210  0.0000
    9220  0.0000
    9230  0.0000
    9240  0.0000
    9250  0.0000
    9260  0.0000
    9270  0.0000
    9280  0.0000
    9290  0.0000
    9300  0.0000
    9310  0.0000
    9320  0.0000
    9330  0.0000
    9340  0.0000
    9350  0.0000
    9360  0.0000
    9370  0.0000
    9380  0.0000
    9390  0.0000
    9400  0.0000
    9410  0.0000
    9420  0.0000
    9430  0.0000
    9440  0.0000
    9450  0.0000
    9460  0.0000
    9470  0.0000
    9480  0.0000
    9490  0.0000
    9500  0.0000
    9510  0.0000
    9520  0.0000
    9530  0.0000
    9540  0.0000
    9550  0.0000
    9560  0.0000
    9570  0.0000
    9580  0.4881
    9590  0.9810
    9600  0.9577
    9610  0.9427
    9620  0.9746
    9630  0.9569
    9640  0.9636
    9650  0.9888
    9660  0.9861
    9670  0.9647
    9680  0.9341
    9690  0.9497
    9700  0.7798
    9710  0.8690
    9720  0.9526
    9730  0.9670
    9740  0.9223
    9750  0.9317
    9760  0.9668
    9770  0.9934
    9780  0.9860
    9790  0.9942
    9800  0.9270
    9810  0.4915
    9820  0.9240
    9830  0.9518
    9840  0.8691
    9850  0.8986
    9860  0.8560
    9870  0.7044
    9880  0.3790
    9890  0.5659
    9900  0.9430
    9910  0.9421
    9920  0.9192
    9930  0.9267
    9940  0.9082
    9950  0.8863
    9960  0.9375
    9970  0.2679
    9980  0.1709
    9990  0.1846
   10000  0.4077
   10010  0.3652
   10020  0.4786
   10030  0.8373
   10040  0.8981
   10050  0.9643
   10060  0.8795
   10070  0.8250
   10080  0.7193
   10090  0.7786
   10100  0.9409
   10110  0.7866
   10120  0.5183
   10130  0.2303
   10140  0.2264
   10150  0.3180
   10160  0.6838
   10170  0.9441
   10180  0.9709
   10190  0.4393
   10200  0.5512
   10210  0.7689
   10220  0.5003
   10230  0.5069
   10240  0.7504
   10250  0.7303
   10260  0.8390
   10270  0.8609
   10280  0.8651
   10290  0.8019
   10300  0.9761
   10310  0.8490
   10320  0.8036
   10330  0.8428
   10340  0.7392
   10350  0.7949
   10360  0.9269
   10370  0.8196
   10380  0.5932
   10390  0.5522
   10400  0.7107
   10410  0.3518
   10420  0.7292
   10430  0.9526
   10440  0.9828
   10450  0.9886
   10460  0.0000
   10470  0.0000
   10480  0.0000
   10490  0.0000
   10500  0.0000
   10510  0.0000
   10520  0.0000
   10530  0.0000
   10540  0.0000
   10550  0.0000
   10560  0.0000
   10570  0.0000
   10580  0.0000
   10590  0.0000
   10600  0.0000
   10610  0.0000
   10620  0.0000
   10630  0.0000
   10640  0.0000
   10650  0.0000
   10660  0.0000
   10670  0.0000
   10680  0.0000
   10690  0.0000
   10700  0.0000
   10710  0.0000
   10720  0.0000
   10730  0.0000
   10740  0.0000
   10750  0.0000
   10760  0.0000
   10770  0.0000
   10780  0.0000
   10790  0.0000
   10800  0.0000
   10810  0.0000
   10820  0.0000
   10830  0.0000
   10840  0.0000
   10850  0.0000
   10860  0.0000
   10870  0.0000
   10880  0.0000
   10890  0.0000
   10900  0.0000
   10910  0.0000
   10920  0.0000
   10930  0.0000
   10940  0.0000
   10950  0.0000
   10960  0.0000
   10970  0.0000
   10980  0.0000
   10990  0.0000
   11000  0.0000
   11010  0.0000
   11020  0.0000
   11030  0.0000
   11040  0.0000
   11050  0.0000
   11060  0.0000
   11070  0.0000
   11080  0.0000
   11090  0.0000
   11100  0.0000
   11110  0.0000
   11120  0.0000
   11130  0.0000
   11140  0.0000
   11150  0.0000
   11160  0.0000
   11170  0.0000
   11180  0.0000
   11190  0.0000
   11200  0.0000
   11210  0.0000
   11220  0.0000
   11230  0.0000
   11240  0.0000
   11250  0.0000
   11260  0.0000
   11270  0.0000
   11280  0.0000
   11290  0.0000
   11300  0.0000
   11310  0.0000
   11320  0.0000
   11330  0.0000
   11340  0.0000
   11350  0.0000
   11360  0.0000
   11370  0.0000
   11380  0.0000
   11390  0.0000
   11400  0.0000
   11410  0.0000
   11420  0.0000
   11430  0.0000
   11440  0.0000
   11450  0.0000
   11460  0.0000
   11470  0.0000
   11480  0.0000
   11490  0.0000
   11500  0.0000
   11510  0.0000
   11520  0.0000
   11530  0.0000
   11540  0.0000
   11550  0.0000
   11560  0.0000
   11570  0.0000
   11580  0.0000
   11590  0.0000
   11600  0.0000
   11610  0.0000
   11620  0.0000
   11630  0.0000
   11640  0.0000
   11650  0.0000
   11660  0.0000
   11670  0.0000
   11680  0.0000
   11690  0.0000
   11700  0.0000
   11710  0.0000
   11720  0.0000
   11730  0.0000
   11740  0.0000
   11750  0.0000
   11760  0.0000
   11770  0.0000
   11780  0.0000
   11790  0.0000
   11800  0.0000
   11810  0.0000
   11820  0.0000
   11830  0.0000
   11840  0.0000
   11850  0.0000
   11860  0.0000
   11870  0.0000
   11880  0.0000
   11890  0.0000
   11900  0.0000
   11910  0.0000
   11920  0.0000
   11930  0.0000
   11940  0.0000
   11950  0.0000
   11960  0.0000
   11970  0.0000
   11980  0.0000
   11990  0.0000
   12000  0.0000
   12010  0.0000
   12020  0.0000
   12030  0.0000
   12040  0.0000
   12050  0.0000
   12060  0.0000
   12070  0.0000
   12080  0.0000
   12090  0.0000
   12100  0.0000
   12110  0.0000
   12120  0.0000
   12130  0.0000
   12140  0.0000
   12150  0.0000
   12160  0.0000
   12170  0.0000
   12180  0.0000
   12190  0.0000
   12200  0.0000
   12210  0.0000
   12220  0.0000
   12230  0.0000
   12240  0.0000
   12250  0.0000
   12260  0.0000
   12270  0.0000
   12280  0.0000
   12290  0.0000
   12300  0.0000
   12310  0.0000
   12320  0.0000
   12330  0.0000
   12340  0.0000
   12350  0.0000
   12360  0.0000
   12370  0.0000
   12380  0.0000
   12390  0.0000
   12400  0.0000
   12410  0.0000
   12420  0.0000
   12430  0.0000
   12440  0.0000
   12450  0.0000
   12460  0.0000
   12470  0.0000
   12480  0.0000
   12490  0.0000
   12500  0.0000
   12510  0.0000
   12520  0.0000
   12530  0.0000
   12540  0.0000
   12550  0.0000
   12560  0.0000
   12570  0.0000
   12580  0.0000
   12590  0.0000
   12600  0.0000
   12610  0.0000
   12620  0.0000
   12630  0.0000
   12640  0.0000
   12650  0.0000
   12660  0.0000
   12670  0.0000
   12680  0.0000
   12690  0.0000
   12700  0.0000
   12710  0.0000
   12720  0.0000
   12730  0.0000
   12740  0.0000
   12750  0.0000
   12760  0.0000
   12770  0.0000
   12780  0.0000
   12790  0.0000
   12800  0.0000
   12810  0.0000
   12820  0.0000
   12830  0.0000
   12840  0.0000
   12850  0.0000
   12860  0.0000
   12870  0.0000
   12880  0.0000
   12890  0.0000
   12900  0.0000
   12910  0.0000
   12920  0.0000
   12930  0.0000
   12940  0.0000
   12950  0.0000
   12960  0.0000
   12970  0.0000
   12980  0.0000
   12990  0.0000
   13000  0.0000
   13010  0.0000
   13020  0.0000
   13030  0.0000
   13040  0.0000
   13050  0.0000
   13060  0.0000
   13070  0.0000
   13080  0.0000
   13090  0.0000
   13100  0.0000
   13110  0.0000
   13120  0.0000
   13130  0.0000
   13140  0.0000
   13150  0.0000
   13160  0.0000
   13170  0.0000
   13180  0.0000
   13190  0.0000
   13200  0.0000
   13210  0.0000
   13220  0.0000
   13230  0.0000
   13240  0.0000
   13250  0.0000
   13260  0.0000
   13270  0.0000
   13280  0.0000
   13290  0.0000
   13300  0.0000
   13310  0.0000
   13320  0.0000
   13330  0.0000
   13340  0.0000
   13350  0.0000
   13360  0.0000
   13370  0.0000
   13380  0.0000
   13390  0.0000
   13400  0.0000
   13410  0.0000
   13420  0.0000
   13430  0.0000
   13440  0.0000
   13450  0.0000
   13460  0.0000
   13470  0.0000
   13480  0.0000
   13490  0.0000
   13500  0.0000
   13510  0.0000
   13520  0.0000
   13530  0.0000
   13540  0.0000
   13550  0.0000
   13560  0.0000
   13570  0.0000
   13580  0.0000
   13590  0.0000
   13600  0.0000
   13610  0.0000
   13620  0.0000
   13630  0.0000
   13640  0.0000
   13650  0.0000
   13660  0.0000
   13670  0.0000
   13680  0.0000
   13690  0.0000
   13700  0.0000
   13710  0.0000
   13720  0.0000
   13730  0.0000
   13740  0.0000
   13750  0.0000
   13760  0.0000
   13770  0.0000
   13780  0.0000
   13790  0.0000
   13800  0.0000
   13810  0.0000
   13820  0.0000
   13830  0.0000
   13840  0.0000
   13850  0.0000
   13860  0.0000
   13870  0.0000
   13880  0.0000
   13890  0.0000
   13900  0.0000
   13910  0.0000
   13920  0.0000
   13930  0.0000
   13940  0.0000
   13950  0.0000
   13960  0.0000
   13970  0.0000
   13980  0.0000
   13990  0.0000
   14000  0.0000
   14010  0.0000
   14020  0.0000
   14030  0.0000
   14040  0.0000
   14050  0.0000
   14060  0.0000
   14070  0.0000
   14080  0.0000
   14090  0.0000
   14100  0.0000
   14110  0.0000
   14120  0.0000
   14130  0.0000
   14140  0.0000
   14150  0.0000
   14160  0.0000
   14170  0.0000
   14180  0.0000
   14190  0.0000
   14200  0.0000
   14210  0.0000
   14220  0.0000
   14230  0.0000
   14240  0.0000
   14250  0.0000
   14260  0.0000
   14270  0.0000
   14280  0.0000
   14290  0.0000
   14300  0.0000
   14310  0.0000
   14320  0.0000
   14330  0.0000
   14340  0.0000
   14350  0.0000
   14360  0.0000
   14370  0.0000
   14380  0.0000
   14390  0.0000
   14400  0.0000
   14410  0.0000
   14420  0.0000
   14430  0.0000
   14440  0.0000
   14450  0.0000
   14460  0.0000
   14470  0.0000
   14480  0.0000
   14490  0.0000
   14500  0.0000
   14510  0.0000
   14520  0.0000
   14530  0.0000
   14540  0.0000
   14550  0.0000
   14560  0.0000
   14570  0.0000
   14580  0.0000
   14590  0.0000
   14600  0.0000
   14610  0.0000
   14620  0.0000
   14630  0.0000
   14640  0.0000
   14650  0.0000
   14660  0.0000
   14670  0.0000
   14680  0.0000
   14690  0.0000
   14700  0.0000
   14710  0.0000
   14720  0.0000
   14730  0.0000
   14740  0.0000
   14750  0.0000
   14760  0.0000
   14770  0.0000
   14780  0.0000
   14790  0.0000
   14800  0.0000
   14810  0.0000
   14820  0.0000
   14830  0.0000
   14840  0.0000
   14850  0.0000
   14860  0.0000
   14870  0.0000
   14880  0.0000
   14890  0.0000
   14900  0.0000
   14910  0.0000
   14920  0.0000
   14930  0.0000
   14940  0.0000
   14950  0.0000
   14960  0.0000
   14970  0.0000
   14980  0.0000
   14990  0.0000
   15000  0.0000
