       0  0.0000
      10  0.0000
      20  0.0000
      30  0.0000
      40  0.0000
      50  0.0000
      60  0.0000
      70  0.0000
      80  0.0000
      90  0.0000
     100  0.0000
     110  0.0000
     120  0.0000
     130  0.0000
     140  0.0000
     150  0.0000
     160  0.0000
     170  0.0000
     180  0.0000
     190  0.0000
     200  0.0000
     210  0.0000
     220  0.0000
     230  0.0000
     240  0.0000
     250  0.0000
     260  0.0000
     270  0.0000
     280  0.0000
     290  0.0000
     300  0.0000
     310  0.0000
     320  0.0000
     330  0.0000
     340  0.0000
     350  0.0000
     360  0.0000
     370  0.0000
     380  0.0000
     390  0.0000
     400  0.0000
     410  0.0000
     420  0.0000
     430  0.0000
     440  0.0000
     450  0.0000
     460  0.0000
     470  0.0000
     480  0.0000
     490  0.0000
     500  0.0000
     510  0.0000
     520  0.0000
     530  0.0000
     540  0.0000
     550  0.0000
     560  0.0000
     570  0.0000
     580  0.0000
     590  0.0000
     600  0.0000
     610  0.0000
     620  0.0000
     630  0.0000
     640  0.0000
     650  0.0000
     660  0.0000
     670  0.0000
     680  0.0000
     690  0.0000
     700  0.0000
     710  0.0000
     720  0.0000
     730  0.0000
     740  0.0000
     750  0.0000
     760  0.0000
     770  0.0000
     780  0.0000
     790  0.0000
     800  0.0000
     810  0.0000
     820  0.0000
     830  0.0000
     840  0.0000
     850  0.0000
     860  0.0000
     870  0.0000
     880  0.0000
     890  0.0000
     900  0.0000
     910  0.0000
     920  0.0000
     930  0.0000
     940  0.0000
     950  0.0000
     960  0.0000
     970  0.0000
     980  0.0000
     990  0.0000
    1000  0.0000
    1010  0.0000
    1020  0.0000
    1030  0.0000
    1040  0.0000
    1050  0.0000
    1060  0.0000
    1070  0.0000
    1080  0.0000
    1090  0.0000
    1100  0.0000
    1110  0.0000
    1120  0.0000
    1130  0.0000
    1140  0.0000
    1150  0.0000
    1160  0.0000
    1170  0.0000
    1180  0.0000
    1190  0.0000
    1200  0.0000
    1210  0.0000
    1220  0.0000
    1230  0.0000
    1240  0.0000
    1250  0.0000
    1260  0.0000
    1270  0.0000
    1280  0.0000
    1290  0.0000
    1300  0.0000
    1310  0.0000
    1320  0.0000
    1330  0.0000
    1340  0.0000
    1350  0.0000
    1360  0.0000
    1370  0.0000
    1380  0.0000
    1390  0.0000
    1400  0.0000
    1410  0.0000
    1420  0.0000
    1430  0.0000
    1440  0.0000
    1450  0.0000
    1460  0.0000
    1470  0.0000
    1480  0.0000
    1490  0.0000
    1500  0.0000
    1510  0.0000
    1520  0.0000
    1530  0.0000
    1540  0.0000
    1550  0.0000
    1560  0.0000
    1570  0.8152
    1580  0.9203
    1590  0.9697
    1600  0.9842
    1610  0.9839
    1620  0.9847
    1630  0.9870
    1640  0.9934
    1650  0.9964
    1660  0.9917
    1670  0.9633
    1680  0.9496
    1690  0.9475
    1700  0.9639
    1710  0.9606
    1720  0.9568
    1730  0.9707
    1740  0.9093
    1750  0.8354
    1760  0.7821
    1770  0.7748
    1780  0.7445
    1790  0.6407
    1800  0.3505
    1810  0.1934
    1820  0.3552
    1830  0.6590
    1840  0.8942
    1850  0.9809
    1860  0.8063
    1870  0.6074
    1880  0.4161
    1890  0.5444
    1900  0.7291
    1910  0.9454
    1920  0.9024
    1930  0.9097
    1940  0.9905
    1950  0.8900
    1960  0.8699
    1970  0.9358
    1980  0.9601
    1990  0.9724
    2000  0.9731
    2010  0.9717
    2020  0.9237
    2030  0.8455
    2040  0.8760
    2050  0.9276
    2060  0.9798
    2070  0.8984
    2080  0.9021
    2090  0.9558
    2100  0.9869
    2110  0.9984
    2120  0.9987
    2130  0.9978
    2140  0.9450
    2150  0.8727
    2160  0.8306
    2170  0.8578
    2180  0.8944
    2190  0.8532
    2200  0.8912
    2210  0.9382
    2220  0.9131
    2230  0.9533
    2240  0.9850
    2250  0.9348
    2260  0.8491
    2270  0.7990
    2280  0.8592
    2290  0.5797
    2300  0.2714
    2310  0.0645
    2320  0.1726
    2330  0.4065
    2340  0.7609
    2350  0.8897
    2360  0.9319
    2370  0.8918
    2380  0.9416
    2390  0.9817
    2400  0.9934
    2410  0.9495
    2420  0.9199
    2430  0.9145
    2440  0.8824
    2450  0.7745
    2460  0.5810
    2470  0.7562
    2480  0.8855
    2490  0.9586
    2500  0.9553
    2510  0.9443
    2520  0.9146
    2530  0.5940
    2540  0.6309
    2550  0.9385
    2560  0.9733
    2570  0.9776
    2580  0.9593
    2590  0.9520
    2600  0.9190
    2610  0.8618
    2620  0.7467
    2630  0.6714
    2640  0.6641
    2650  0.9072
    2660  0.6778
    2670  0.2873
    2680  0.2505
    2690  0.5841
    2700  0.8814
    2710  0.4070
    2720  0.5628
    2730  0.8806
    2740  0.9287
    2750  0.8775
    2760  0.8107
    2770  0.7932
    2780  0.5902
    2790  0.3839
    2800  0.2983
    2810  0.5959
    2820  0.8882
    2830  0.9703
    2840  0.9852
    2850  0.9851
    2860  0.9826
    2870  0.9280
    2880  0.7797
    2890  0.4881
    2900  0.4449
    2910  0.3607
    2920  0.1663
    2930  0.2114
    2940  0.2302
    2950  0.1841
    2960  0.2504
    2970  0.2631
    2980  0.2028
    2990  0.2655
    3000  0.2793
    3010  0.2359
    3020  0.7017
    3030  0.8707
    3040  0.7562
    3050  0.8676
    3060  0.9452
    3070  0.9881
    3080  0.9230
    3090  0.8425
    3100  0.7519
    3110  0.6889
    3120  0.6013
    3130  0.5091
    3140  0.5220
    3150  0.4015
    3160  0.2848
    3170  0.7580
    3180  0.8138
    3190  0.6176
    3200  0.3115
    3210  0.4958
    3220  0.8598
    3230  0.9521
    3240  0.9876
    3250  0.9768
    3260  0.8847
    3270  0.4845
    3280  0.0986
    3290  0.1331
    3300  0.1530
    3310  0.1644
    3320  0.1661
    3330  0.1202
    3340  0.9133
    3350  0.9133
    3360  0.9131
    3370  0.9113
    3380  0.9103
    3390  0.9230
    3400  0.9356
    3410  0.9530
    3420  0.9706
    3430  0.7936
    3440  0.5760
    3450  0.5870
    3460  0.6901
    3470  0.7354
    3480  0.7416
    3490  0.7981
    3500  0.9087
    3510  0.9525
    3520  0.8806
    3530  0.8350
    3540  0.8680
    3550  0.8810
    3560  0.7655
    3570  0.6537
    3580  0.7207
    3590  0.7876
    3600  0.8236
    3610  0.8562
    3620  0.6758
    3630  0.4384
    3640  0.4630
    3650  0.6144
    3660  0.7342
    3670  0.8290
    3680  0.9024
    3690  0.9489
    3700  0.9594
    3710  0.8959
    3720  0.8283
    3730  0.7456
    3740  0.6785
    3750  0.7567
    3760  0.8348
    3770  0.7679
    3780  0.6982
    3790  0.8068
    3800  0.9429
    3810  0.9833
    3820  0.9919
    3830  0.9932
    3840  0.9902
    3850  0.9468
    3860  0.8660
    3870  0.8515
    3880  0.9344
    3890  0.9245
    3900  0.6865
    3910  0.5181
    3920  0.6810
    3930  0.8337
    3940  0.8231
    3950  0.8124
    3960  0.8801
    3970  0.9525
    3980  0.9310
    3990  0.8899
    4000  0.8886
    4010  0.9034
    4020  0.9314
    4030  0.9684
    4040  0.9391
    4050  0.8384
    4060  0.7612
    4070  0.7246
    4080  0.7316
    4090  0.8689
    4100  0.9735
    4110  0.8691
    4120  0.7676
    4130  0.8111
    4140  0.8545
    4150  0.9034
    4160  0.9528
    4170  0.9585
    4180  0.9526
    4190  0.9256
    4200  0.8884
    4210  0.9042
    4220  0.9619
    4230  0.9790
    4240  0.9451
    4250  0.8967
    4260  0.8187
    4270  0.7220
    4280  0.5560
    4290  0.4254
    4300  0.6267
    4310  0.8280
    4320  0.6319
    4330  0.4281
    4340  0.6001
    4350  0.8304
    4360  0.8965
    4370  0.9081
    4380  0.8210
    4390  0.6773
    4400  0.6952
    4410  0.8625
    4420  0.9678
    4430  0.9818
    4440  0.9832
    4450  0.9540
    4460  0.9231
    4470  0.8841
    4480  0.8476
    4490  0.8523
    4500  0.8570
    4510  0.5352
    4520  0.1936
    4530  0.2018
    4540  0.2830
    4550  0.5079
    4560  0.7909
    4570  0.9243
    4580  0.9564
    4590  0.9789
    4600  0.9912
    4610  0.8823
    4620  0.5634
    4630  0.3972
    4640  0.6882
    4650  0.9429
    4660  0.9649
    4670  0.9862
    4680  0.9702
    4690  0.9542
    4700  0.9703
    4710  0.9898
    4720  0.9951
    4730  0.9966
    4740  0.9920
    4750  0.9843
    4760  0.8384
    4770  0.5829
    4780  0.4042
    4790  0.3221
    4800  0.3158
    4810  0.4656
    4820  0.6173
    4830  0.7766
    4840  0.9104
    4850  0.8063
    4860  0.7021
    4870  0.6449
    4880  0.5886
    4890  0.6700
    4900  0.7727
    4910  0.8261
    4920  0.8630
    4930  0.8770
    4940  0.8777
    4950  0.8974
    4960  0.9348
    4970  0.9513
    4980  0.9367
    4990  0.9343
    5000  0.9618
    5010  0.9855
    5020  0.9911
    5030  0.9946
    5040  0.9645
    5050  0.9344
    5060  0.9450
    5070  0.9581
    5080  0.9237
    5090  0.8793
    5100  0.7888
    5110  0.6794
    5120  0.5442
    5130  0.3914
    5140  0.4368
    5150  0.6962
    5160  0.8771
    5170  0.9219
    5180  0.9472
    5190  0.9138
    5200  0.8913
    5210  0.9384
    5220  0.9846
    5230  0.9865
    5240  0.9883
    5250  0.9806
    5260  0.9719
    5270  0.9717
    5280  0.9738
    5290  0.8410
    5300  0.6428
    5310  0.4494
    5320  0.2597
    5330  0.1458
    5340  0.1274
    5350  0.1741
    5360  0.3549
    5370  0.5086
    5380  0.5608
    5390  0.6185
    5400  0.7274
    5410  0.8363
    5420  0.8699
    5430  0.9020
    5440  0.9330
    5450  0.9637
    5460  0.9680
    5470  0.9636
    5480  0.9551
    5490  0.9445
    5500  0.9073
    5510  0.8456
    5520  0.8387
    5530  0.9124
    5540  0.9619
    5550  0.9511
    5560  0.9096
    5570  0.7208
    5580  0.5418
    5590  0.5233
    5600  0.5048
    5610  0.3464
    5620  0.1794
    5630  0.1795
    5640  0.2147
    5650  0.4726
    5660  0.8209
    5670  0.9699
    5680  0.9839
    5690  0.9894
    5700  0.9856
    5710  0.8612
    5720  0.5274
    5730  0.2443
    5740  0.1136
    5750  0.0183
    5760  0.1511
    5770  0.2861
    5780  0.5267
    5790  0.7673
    5800  0.5940
    5810  0.3767
    5820  0.3304
    5830  0.3300
    5840  0.3203
    5850  0.3061
    5860  0.4720
    5870  0.8389
    5880  0.8527
    5890  0.8665
    5900  0.8803
    5910  0.8885
    5920  0.8952
    5930  0.9020
    5940  0.8960
    5950  0.8788
    5960  0.8616
    5970  0.8475
    5980  0.8428
    5990  0.8381
    6000  0.8334
    6010  0.6475
    6020  0.4567
    6030  0.2660
    6040  0.2092
    6050  0.2106
    6060  0.2121
    6070  0.2812
    6080  0.4438
    6090  0.6064
    6100  0.7499
    6110  0.7781
    6120  0.8062
    6130  0.8343
    6140  0.8769
    6150  0.9218
    6160  0.9667
    6170  0.9777
    6180  0.9649
    6190  0.9522
    6200  0.9292
    6210  0.8837
    6220  0.8381
    6230  0.7932
    6240  0.7684
    6250  0.7436
    6260  0.7189
    6270  0.7654
    6280  0.8350
    6290  0.9045
    6300  0.8867
    6310  0.7734
    6320  0.6601
    6330  0.5783
    6340  0.6223
    6350  0.6663
    6360  0.7103
    6370  0.7248
    6380  0.7368
    6390  0.7488
    6400  0.7497
    6410  0.7445
    6420  0.7392
    6430  0.6991
    6440  0.5990
    6450  0.4990
    6460  0.4019
    6470  0.3346
    6480  0.2672
    6490  0.1999
    6500  0.3674
    6510  0.5886
    6520  0.8098
    6530  0.9019
    6540  0.8827
    6550  0.8634
    6560  0.8533
    6570  0.8695
    6580  0.8857
    6590  0.9019
    6600  0.9165
    6610  0.9311
    6620  0.9457
    6630  0.9107
    6640  0.8549
    6650  0.7991
    6660  0.7925
    6670  0.8519
    6680  0.9112
    6690  0.9631
    6700  0.9725
    6710  0.9819
    6720  0.9914
    6730  0.9922
    6740  0.9917
    6750  0.9912
    6760  0.9922
    6770  0.9943
    6780  0.9963
    6790  0.9969
    6800  0.9943
    6810  0.9916
    6820  0.9891
    6830  0.9896
    6840  0.9901
    6850  0.9906
    6860  0.9899
    6870  0.9888
    6880  0.9876
    6890  0.9873
    6900  0.9878
    6910  0.9883
    6920  0.9845
    6930  0.9645
    6940  0.9445
    6950  0.9245
    6960  0.9007
    6970  0.8765
    6980  0.8523
    6990  0.8585
    7000  0.8807
    7010  0.9029
    7020  0.9207
    7030  0.9313
    7040  0.9420
    7050  0.9461
    7060  0.8914
    7070  0.8367
    7080  0.7820
    7090  0.7252
    7100  0.6679
    7110  0.6105
    7120  0.5642
    7130  0.5270
    7140  0.4899
    7150  0.4637
    7160  0.4673
    7170  0.4710
    7180  0.4746
    7190  0.5172
    7200  0.5602
    7210  0.6032
    7220  0.6118
    7230  0.6066
    7240  0.6015
    7250  0.5910
    7260  0.5736
    7270  0.5562
    7280  0.5272
    7290  0.4371
    7300  0.3470
    7310  0.2569
    7320  0.2220
    7330  0.1944
    7340  0.1669
    7350  0.1329
    7360  0.0946
    7370  0.0563
    7380  0.9751
    7390  0.9750
    7400  0.9804
    7410  0.9866
    7420  0.9909
    7430  0.9932
    7440  0.9945
    7450  0.9949
    7460  0.9969
    7470  0.9995
    7480  0.9995
    7490  0.9954
    7500  0.9884
    7510  0.9873
    7520  0.9833
    7530  0.9762
    7540  0.9808
    7550  0.8855
    7560  0.6532
    7570  0.4848
    7580  0.3491
    7590  0.2585
    7600  0.4157
    7610  0.5785
    7620  0.6059
    7630  0.7827
    7640  0.9679
    7650  0.9803
    7660  0.9783
    7670  0.9489
    7680  0.7854
    7690  0.8129
    7700  0.9634
    7710  0.9723
    7720  0.9602
    7730  0.9287
    7740  0.9186
    7750  0.9359
    7760  0.9865
    7770  0.9883
    7780  0.9672
    7790  0.9157
    7800  0.9532
    7810  0.9893
    7820  0.9818
    7830  0.9806
    7840  0.9743
    7850  0.9442
    7860  0.8790
    7870  0.8265
    7880  0.9304
    7890  0.9781
    7900  0.9883
    7910  0.9722
    7920  0.9717
    7930  0.9802
    7940  0.4312
    7950  0.1282
    7960  0.1019
    7970  0.1304
    7980  0.1527
    7990  0.1599
    8000  0.6184
    8010  0.9676
    8020  0.9373
    8030  0.5325
    8040  0.1536
    8050  0.1532
    8060  0.1611
    8070  0.1734
    8080  0.1907
    8090  0.4702
    8100  0.8455
    8110  0.7900
    8120  0.5353
    8130  0.1407
    8140  0.0821
    8150  0.0649
    8160  0.0899
    8170  0.1125
    8180  0.2624
    8190  0.5864
    8200  0.7221
    8210  0.8113
    8220  0.8591
    8230  0.9336
    8240  0.9922
    8250  0.9934
    8260  0.9414
    8270  0.8964
    8280  0.9512
    8290  0.9406
    8300  0.8975
    8310  0.8540
    8320  0.8803
    8330  0.9504
    8340  0.9606
    8350  0.9563
    8360  0.9385
    8370  0.9436
    8380  0.8972
    8390  0.7869
    8400  0.8795
    8410  0.9576
    8420  0.9789
    8430  0.9724
    8440  0.9576
    8450  0.9358
    8460  0.9201
    8470  0.9086
    8480  0.9051
    8490  0.9414
    8500  0.9873
    8510  0.9912
    8520  0.9914
    8530  0.9889
    8540  0.9823
    8550  0.9774
    8560  0.9735
    8570  0.9215
    8580  0.8934
    8590  0.8919
    8600  0.8012
    8610  0.7121
    8620  0.6334
    8630  0.5734
    8640  0.5328
    8650  0.5245
    8660  0.7234
    8670  0.9230
    8680  0.9686
    8690  0.9830
    8700  0.9851
    8710  0.9850
    8720  0.9665
    8730  0.9183
    8740  0.7133
    8750  0.6040
    8760  0.5633
    8770  0.4802
    8780  0.5202
    8790  0.6818
    8800  0.8553
    8810  0.9497
    8820  0.9389
    8830  0.9692
    8840  0.9902
    8850  0.9858
    8860  0.9876
    8870  0.9880
    8880  0.9812
    8890  0.9574
    8900  0.9419
    8910  0.9789
    8920  0.9895
    8930  0.9804
    8940  0.9288
    8950  0.8318
    8960  0.7097
    8970  0.6556
    8980  0.4316
    8990  0.0580
    9000  0.2191
    9010  0.4326
    9020  0.7053
    9030  0.7901
    9040  0.7590
    9050  0.5690
    9060  0.4182
    9070  0.4130
    9080  0.7091
    9090  0.8794
    9100  0.9807
    9110  0.9786
    9120  0.8815
    9130  0.7320
    9140  0.5205
    9150  0.5500
    9160  0.6851
    9170  0.5142
    9180  0.4328
    9190  0.4171
    9200  0.2266
    9210  0.9759
    9220  0.9524
    9230  0.9607
    9240  0.9774
    9250  0.9923
    9260  0.9983
    9270  0.9958
    9280  0.9801
    9290  0.9538
    9300  0.9506
    9310  0.8828
    9320  0.8078
    9330  0.7906
    9340  0.8227
    9350  0.8471
    9360  0.8505
    9370  0.8032
    9380  0.8539
    9390  0.9430
    9400  0.9766
    9410  0.9808
    9420  0.9744
    9430  0.9623
    9440  0.9803
    9450  0.9165
    9460  0.8271
    9470  0.8535
    9480  0.9106
    9490  0.9608
    9500  0.9852
    9510  0.9939
    9520  0.9917
    9530  0.9836
    9540  0.9882
    9550  0.5225
    9560  0.0953
    9570  0.0936
    9580  0.1016
    9590  0.1056
    9600  0.1611
    9610  0.7622
    9620  0.9460
    9630  0.7838
    9640  0.2121
    9650  0.3194
    9660  0.3751
    9670  0.1642
    9680  0.1735
    9690  0.5130
    9700  0.9259
    9710  0.8997
    9720  0.5244
    9730  0.4394
    9740  0.9325
    9750  0.9764
    9760  0.9896
    9770  0.9852
    9780  0.9794
    9790  0.9805
    9800  0.9712
    9810  0.9360
    9820  0.8704
    9830  0.8254
    9840  0.7999
    9850  0.7600
    9860  0.6409
    9870  0.5999
    9880  0.8905
    9890  0.9391
    9900  0.9534
    9910  0.9801
    9920  0.9613
    9930  0.9213
    9940  0.8814
    9950  0.8958
    9960  0.9444
    9970  0.9745
    9980  0.9543
    9990  0.9557
   10000  0.8175
   10010  0.5561
   10020  0.2994
   10030  0.3000
   10040  0.3613
   10050  0.2834
   10060  0.1497
   10070  0.2586
   10080  0.6680
   10090  0.7075
   10100  0.5859
   10110  0.4656
   10120  0.7591
   10130  0.4656
   10140  0.2530
   10150  0.4737
   10160  0.6333
   10170  0.8083
   10180  0.9828
   10190  0.9909
   10200  0.9921
   10210  0.9891
   10220  0.9838
   10230  0.9888
   10240  0.9945
   10250  0.9989
   10260  0.9980
   10270  0.9969
   10280  0.9956
   10290  0.9950
   10300  0.9955
   10310  0.9906
   10320  0.9751
   10330  0.9542
   10340  0.9044
   10350  0.8354
   10360  0.8665
   10370  0.9248
   10380  0.9736
   10390  0.9491
   10400  0.7377
   10410  0.5947
   10420  0.6169
   10430  0.7776
   10440  0.8570
   10450  0.8473
   10460  0.6770
   10470  0.4203
   10480  0.2775
   10490  0.4618
   10500  0.5621
   10510  0.4955
   10520  0.2930
   10530  0.6602
   10540  0.8418
   10550  0.9089
   10560  0.9664
   10570  0.9888
   10580  0.9972
   10590  0.9990
   10600  0.9986
   10610  0.9879
   10620  0.9681
   10630  0.9509
   10640  0.9487
   10650  0.9411
   10660  0.8941
   10670  0.7469
   10680  0.7298
   10690  0.9458
   10700  0.9747
   10710  0.9862
   10720  0.9871
   10730  0.9857
   10740  0.9877
   10750  0.9902
   10760  0.9897
   10770  0.8737
   10780  0.8379
   10790  0.9453
   10800  0.8984
   10810  0.9016
   10820  0.9337
   10830  0.9092
   10840  0.5711
   10850  0.2044
   10860  0.0951
   10870  0.0433
   10880  0.0648
   10890  0.1713
   10900  0.8702
   10910  0.6442
   10920  0.8434
   10930  0.6588
   10940  0.2111
   10950  0.0809
   10960  0.6786
   10970  0.9956
   10980  0.9695
   10990  0.8598
   11000  0.4398
   11010  0.0209
   11020  0.2004
   11030  0.6455
   11040  0.8511
   11050  0.6813
   11060  0.8175
   11070  0.0594
   11080  0.0853
   11090  0.9175
   11100  0.9937
   11110  0.9987
   11120  0.9911
   11130  0.7986
   11140  0.2594
   11150  0.0396
   11160  0.0761
   11170  0.3301
   11180  0.7060
   11190  0.8140
   11200  0.5604
   11210  0.2167
   11220  0.9729
   11230  0.8896
   11240  0.4892
   11250  0.9818
   11260  0.9547
   11270  0.6729
   11280  0.5947
   11290  0.7552
   11300  0.3929
   11310  0.2967
   11320  0.2327
   11330  0.2996
   11340  0.4020
   11350  0.5546
   11360  0.9216
   11370  0.7381
   11380  0.3639
   11390  0.9967
   11400  0.9987
   11410  0.9974
   11420  0.9891
   11430  0.9705
   11440  0.9629
   11450  0.7889
   11460  0.8099
   11470  0.9416
   11480  0.9699
   11490  0.9596
   11500  0.9882
   11510  0.9936
   11520  0.9865
   11530  0.9829
   11540  0.9165
   11550  0.3505
   11560  0.9498
   11570  0.9850
   11580  0.7678
   11590  0.6191
   11600  0.3213
   11610  0.1435
   11620  0.4511
   11630  0.8491
   11640  0.9670
   11650  0.9736
   11660  0.9775
   11670  0.9581
   11680  0.9118
   11690  0.9751
   11700  0.9718
   11710  0.9806
   11720  0.9792
   11730  0.9863
   11740  0.8360
   11750  0.8099
   11760  0.8237
   11770  0.8817
   11780  0.9802
   11790  0.9087
   11800  0.7346
   11810  0.6022
   11820  0.5085
   11830  0.9557
   11840  0.8313
   11850  0.9311
   11860  0.7639
   11870  0.9034
   11880  0.9939
   11890  0.9540
   11900  0.9491
   11910  0.9937
   11920  0.9925
   11930  0.9820
   11940  0.9132
   11950  0.5554
   11960  0.2887
   11970  0.1113
   11980  0.1357
   11990  0.5934
   12000  0.9109
   12010  0.9417
   12020  0.9363
   12030  0.9565
   12040  0.9913
   12050  0.9936
   12060  0.9939
   12070  0.9966
   12080  0.9980
   12090  0.9979
   12100  0.9971
   12110  0.9928
   12120  0.9880
   12130  0.9821
   12140  0.9350
   12150  0.8978
   12160  0.9212
   12170  0.7665
   12180  0.3936
   12190  0.5395
   12200  0.4474
   12210  0.0786
   12220  0.2071
   12230  0.6768
   12240  0.7642
   12250  0.7394
   12260  0.7565
   12270  0.8579
   12280  0.9516
   12290  0.9425
   12300  0.9283
   12310  0.9322
   12320  0.9569
   12330  0.9744
   12340  0.9075
   12350  0.7280
   12360  0.8395
   12370  0.7438
   12380  0.6311
   12390  0.8666
   12400  0.8604
   12410  0.9290
   12420  0.9720
   12430  0.9873
   12440  0.9862
   12450  0.9828
   12460  0.9849
   12470  0.9896
   12480  0.9475
   12490  0.9404
   12500  0.9691
   12510  0.9097
   12520  0.8471
   12530  0.9286
   12540  0.9616
   12550  0.8508
   12560  0.6909
   12570  0.8667
   12580  0.7282
   12590  0.5346
   12600  0.6031
   12610  0.6056
   12620  0.2707
   12630  0.5604
   12640  0.8775
   12650  0.9418
   12660  0.8427
   12670  0.7844
   12680  0.9218
   12690  0.8204
   12700  0.7495
   12710  0.4245
   12720  0.1628
   12730  0.1570
   12740  0.3069
   12750  0.1747
   12760  0.2537
   12770  0.3320
   12780  0.4993
   12790  0.7852
   12800  0.9857
   12810  0.9712
   12820  0.9097
   12830  0.9302
   12840  0.9780
   12850  0.9718
   12860  0.9789
   12870  0.9756
   12880  0.9791
   12890  0.9750
   12900  0.8174
   12910  0.3989
   12920  0.1472
   12930  0.4444
   12940  0.4688
   12950  0.5329
   12960  0.7254
   12970  0.8111
   12980  0.9087
   12990  0.9390
   13000  0.6944
   13010  0.6140
   13020  0.8475
   13030  0.9107
   13040  0.8050
   13050  0.7963
   13060  0.8319
   13070  0.7674
   13080  0.5903
   13090  0.6553
   13100  0.9186
   13110  0.7986
   13120  0.7500
   13130  0.8471
   13140  0.9323
   13150  0.9146
   13160  0.7690
   13170  0.4060
   13180  0.3562
   13190  0.6221
   13200  0.7598
   13210  0.8163
   13220  0.8228
   13230  0.7425
   13240  0.6598
   13250  0.6688
   13260  0.7982
   13270  0.4177
   13280  0.5772
   13290  0.7695
   13300  0.8871
   13310  0.9448
   13320  0.9473
   13330  0.9499
   13340  0.9817
   13350  0.0000
   13360  0.0000
   13370  0.0000
   13380  0.0000
   13390  0.0000
   13400  0.0000
   13410  0.0000
   13420  0.0000
   13430  0.0000
   13440  0.0000
   13450  0.0000
   13460  0.0000
   13470  0.0000
   13480  0.0000
   13490  0.0000
   13500  0.0000
   13510  0.0000
   13520  0.0000
   13530  0.0000
   13540  0.0000
   13550  0.0000
   13560  0.0000
   13570  0.0000
   13580  0.0000
   13590  0.0000
   13600  0.0000
   13610  0.0000
   13620  0.0000
   13630  0.0000
   13640  0.0000
   13650  0.0000
   13660  0.0000
   13670  0.0000
   13680  0.0000
   13690  0.0000
   13700  0.0000
   13710  0.0000
   13720  0.0000
   13730  0.0000
   13740  0.0000
   13750  0.0000
   13760  0.0000
   13770  0.0000
   13780  0.0000
   13790  0.0000
   13800  0.0000
   13810  0.0000
   13820  0.0000
   13830  0.0000
   13840  0.0000
   13850  0.0000
   13860  0.0000
   13870  0.0000
   13880  0.0000
   13890  0.0000
   13900  0.0000
   13910  0.0000
   13920  0.0000
   13930  0.0000
   13940  0.0000
   13950  0.0000
   13960  0.0000
   13970  0.0000
   13980  0.0000
   13990  0.0000
   14000  0.0000
   14010  0.0000
   14020  0.0000
   14030  0.0000
   14040  0.0000
   14050  0.0000
   14060  0.0000
   14070  0.0000
   14080  0.0000
   14090  0.0000
   14100  0.0000
   14110  0.0000
   14120  0.0000
   14130  0.0000
   14140  0.0000
   14150  0.0000
   14160  0.0000
   14170  0.0000
   14180  0.0000
   14190  0.0000
   14200  0.0000
   14210  0.0000
   14220  0.0000
   14230  0.0000
   14240  0.0000
   14250  0.0000
   14260  0.0000
   14270  0.0000
   14280  0.0000
   14290  0.0000
   14300  0.0000
   14310  0.0000
   14320  0.0000
   14330  0.0000
   14340  0.0000
   14350  0.0000
   14360  0.0000
   14370  0.0000
   14380  0.0000
   14390  0.0000
   14400  0.0000
   14410  0.0000
   14420  0.0000
   14430  0.0000
   14440  0.0000
   14450  0.0000
   14460  0.0000
   14470  0.0000
   14480  0.0000
   14490  0.0000
   14500  0.0000
   14510  0.0000
   14520  0.0000
   14530  0.0000
   14540  0.0000
   14550  0.0000
   14560  0.0000
   14570  0.0000
   14580  0.0000
   14590  0.0000
   14600  0.0000
   14610  0.0000
   14620  0.0000
   14630  0.0000
   14640  0.0000
   14650  0.0000
   14660  0.0000
   14670  0.0000
   14680  0.0000
   14690  0.0000
   14700  0.0000
   14710  0.0000
   14720  0.0000
   14730  0.0000
   14740  0.0000
   14750  0.0000
   14760  0.0000
   14770  0.0000
   14780  0.0000
   14790  0.0000
   14800  0.0000
   14810  0.0000
   14820  0.0000
   14830  0.0000
   14840  0.0000
   14850  0.0000
   14860  0.0000
   14870  0.0000
   14880  0.0000
   14890  0.0000
   14900  0.0000
   14910  0.0000
   14920  0.0000
   14930  0.0000
   14940  0.0000
   14950  0.0000
   14960  0.0000
   14970  0.0000
   14980  0.0000
   14990  0.0000
   15000  0.0000
